-4 -20
-3.8893 -19.8941
-3.753 -19.6845
-3.6167 -19.4749
-3.4804 -19.2653
-3.3441 -19.0558
-3.2078 -18.8462
-3.0715 -18.6366
-2.9352 -18.427
-2.7989 -18.2174
-2.6626 -18.0079
-2.5263 -17.7983
-2.39001 -17.5887
-2.25371 -17.3791
-2.11741 -17.1696
-1.98111 -16.96
-1.84481 -16.7504
-1.70851 -16.5408
-1.57221 -16.3313
-1.43591 -16.1217
-1.29961 -15.9121
-1.16331 -15.7025
-1.02701 -15.4929
-0.89071 -15.2834
-0.75441 -15.0738
-0.61811 -14.8642
-0.481811 -14.6546
-0.345511 -14.4451
-0.209212 -14.2355
-0.0729119 -14.0259
0.0633877 -13.8163
0.199687 -13.6068
0.335987 -13.3972
0.472287 -13.1876
0.608586 -12.978
0.744886 -12.7684
0.881185 -12.5589
1.01749 -12.3493
1.15378 -12.1397
1.29008 -11.9301
1.42638 -11.7206
1.56268 -11.511
1.69898 -11.3014
1.83528 -11.0918
1.97158 -10.8823
2.10788 -10.6727
2.24418 -10.4631
2.38048 -10.2535
2.51678 -10.044
2.65308 -9.83438
2.78938 -9.6248
2.92568 -9.41522
3.06198 -9.20565
3.19828 -8.99607
3.33458 -8.78649
3.47088 -8.57692
3.60718 -8.36734
3.74348 -8.15776
3.87978 -7.94819
4.01608 -7.73861
4.15238 -7.52903
4.28868 -7.31946
4.42498 -7.10988
4.56128 -6.9003
4.69757 -6.69073
4.83387 -6.48115
4.97017 -6.27157
5.10647 -6.062
5.24277 -5.85242
5.37907 -5.64284
5.51537 -5.43327
5.65167 -5.22369
5.78797 -5.01411
5.92427 -4.80454
6.06057 -4.59496
6.19687 -4.38538
6.33317 -4.17581
6.46947 -3.96623
6.60577 -3.75665
6.74207 -3.54708
6.87837 -3.3375
7.01467 -3.12792
7.15097 -2.91835
7.28727 -2.70877
7.42357 -2.49919
7.55987 -2.28962
7.69617 -2.08004
7.83247 -1.87046
7.96877 -1.66088
8.10506 -1.45131
8.24136 -1.24173
8.37766 -1.03215
8.51396 -0.822578
8.65026 -0.613001
8.78656 -0.403424
8.92286 -0.193847
9.05916 0.0157294
9.19546 0.225306
9.33176 0.434883
9.46806 0.64446
9.60436 0.854036
9.74066 1.06361
9.87696 1.27319
10.0133 1.48277
10.1496 1.69234
10.2859 1.90192
10.4222 2.1115
10.5585 2.32107
10.5585 2.32107
10.5585 2.32107
10.5585 2.32107
10.5585 2.32107
10.5585 2.32107
10.5585 2.32107
10.5585 2.32107
10.5585 2.32107
10.5585 2.32107
10.5585 2.32107
10.5585 2.32107
10.5585 2.32107
10.5585 2.32107
10.5585 2.32107
10.5585 2.32107
10.5585 2.32107
10.5585 2.32107
10.5585 2.32107
10.5585 2.32107
10.5585 2.32107
10.5585 2.32107
10.5585 2.32107
10.5585 2.32107
10.5585 2.32107
10.5585 2.32107
10.5585 2.32107
10.5585 2.32107
10.5585 2.32107
10.5585 2.32107
10.5585 2.32107
10.5585 2.32107
10.5585 2.32107
10.5585 2.32107
10.5585 2.32107
10.5585 2.32107
10.5585 2.32107
10.5585 2.32107
10.5585 2.32107
10.5585 2.32107
10.5585 2.32107
10.5585 2.32107
10.5585 2.32107
10.5585 2.32107
10.5585 2.32107
10.5585 2.32107
10.5585 2.32107
10.5585 2.32107
10.5585 2.32107
10.5585 2.32107
10.5585 2.32107
11 3