8 -6
7.9068 -5.99659
7.65874 -6.02772
7.41069 -6.05884
7.16263 -6.08997
6.91458 -6.12109
6.66652 -6.15221
6.41847 -6.18334
6.17041 -6.21446
5.92236 -6.24559
5.6743 -6.27671
5.42625 -6.30784
5.17819 -6.33896
4.93014 -6.37008
4.68208 -6.40121
4.43403 -6.43233
4.18597 -6.46346
3.93792 -6.49458
3.68986 -6.5257
3.44181 -6.55683
3.19375 -6.58795
2.9457 -6.61908
2.69764 -6.6502
2.44959 -6.68132
2.20153 -6.71245
1.95348 -6.74357
1.70542 -6.7747
1.45737 -6.80582
1.20931 -6.83695
0.961258 -6.86807
0.713203 -6.89919
0.465148 -6.93032
0.217093 -6.96144
-0.0309624 -6.99257
-0.279017 -7.02369
-0.527072 -7.05481
-0.775128 -7.08594
-1.02318 -7.11706
-1.27124 -7.14818
-1.51929 -7.17931
-1.76735 -7.21043
-2.0154 -7.24156
-2.26346 -7.27268
-2.51151 -7.3038
-2.75957 -7.33493
-3.00762 -7.36605
-3.25568 -7.39718
-3.50373 -7.4283
-3.75179 -7.45942
-3.99984 -7.49055
-4.2479 -7.52167
-4.49595 -7.55279
-4.74401 -7.58392
-4.99206 -7.61504
-5.24012 -7.64617
-5.48817 -7.67729
-5.73623 -7.70841
-5.98428 -7.73954
-6.23234 -7.77066
-6.48039 -7.80179
-6.72845 -7.83291
-6.9765 -7.86403
-7.22456 -7.89516
-7.47261 -7.92628
-7.72067 -7.95741
-7.96872 -7.98853
-8.21678 -8.01965
-8.46483 -8.05078
-8.71289 -8.0819
-8.96094 -8.11303
-9.209 -8.14415
-9.45706 -8.17527
-9.70511 -8.2064
-9.95317 -8.23752
-10.2012 -8.26865
-10.4493 -8.29977
-10.6973 -8.33089
-10.9454 -8.36202
-11.1934 -8.39314
-11.4415 -8.42427
-11.6896 -8.45539
-11.9376 -8.48652
-12.1857 -8.51764
-12.4337 -8.54876
-12.6818 -8.57989
-12.9298 -8.61101
-13.1779 -8.64214
-13.4259 -8.67326
-13.674 -8.70438
-13.9221 -8.73551
-14.1701 -8.76663
-14.4182 -8.79776
-14.6662 -8.82888
-14.9143 -8.86
-15.1623 -8.89113
-15.4104 -8.92225
-15.6584 -8.95338
-15.9065 -8.9845
-16.1546 -9.01562
-16.4026 -9.04675
-16.6507 -9.07787
-16.8987 -9.109
-17.1468 -9.14012
-17.3948 -9.17124
-17.6429 -9.20237
-17.8909 -9.23349
-18.139 -9.26462
-18.387 -9.29574
-18.6351 -9.32686
-18.8832 -9.35799
-19.1312 -9.38911
-19.3793 -9.42023
-19.6273 -9.45136
-19.8754 -9.48248
-20.1234 -9.5136
-20.3715 -9.54473
-20.6195 -9.57585
-20.8676 -9.60697
-21.1156 -9.6381
-21.3637 -9.66922
-21.6118 -9.70035
-21.8598 -9.73147
-22.1079 -9.76259
-22.3559 -9.79372
-22.604 -9.82484
-22.852 -9.85596
-23.1001 -9.88709
-23.1143 -9.88832
-23.1143 -9.88832
-23.1143 -9.88832
-23.1143 -9.88832
-23.1143 -9.88832
-23.1143 -9.88832
-23.1143 -9.88832
-23.1143 -9.88832
-23.1143 -9.88832
-23.1143 -9.88832
-23.1143 -9.88832
-23.1143 -9.88832
-23.1143 -9.88832
-23.1143 -9.88832
-23.1143 -9.88832
-23.1143 -9.88832
-23.1143 -9.88832
-23.1143 -9.88832
-23.1143 -9.88832
-23.1143 -9.88832
-23.1143 -9.88832
-23.1143 -9.88832
-23.1143 -9.88832
-23.1143 -9.88832
-23.1143 -9.88832
-23.1143 -9.88832
-23.1143 -9.88832
-23.1143 -9.88832
-23.1143 -9.88832
-23.1143 -9.88832
-23.1143 -9.88832
-24 -10