12 -20
11.7719 -19.9019
11.5431 -19.8012
11.3143 -19.7005
11.0854 -19.5998
10.8566 -19.4991
10.6278 -19.3984
10.399 -19.2977
10.1702 -19.197
9.94134 -19.0963
9.71252 -18.9956
9.4837 -18.8949
9.25488 -18.7942
9.02606 -18.6935
8.79723 -18.5928
8.56841 -18.4921
8.33959 -18.3913
8.11077 -18.2906
7.88195 -18.1899
7.65313 -18.0892
7.42431 -17.9885
7.19549 -17.8878
6.96667 -17.7871
6.73784 -17.6864
6.50902 -17.5857
6.2802 -17.485
6.05138 -17.3843
5.82256 -17.2836
5.59374 -17.1829
5.36492 -17.0822
5.1361 -16.9815
4.90727 -16.8808
4.67845 -16.7801
4.44963 -16.6794
4.22081 -16.5787
3.99199 -16.478
3.76317 -16.3773
3.53435 -16.2766
3.30553 -16.1759
3.0767 -16.0752
2.84788 -15.9745
2.61906 -15.8738
2.39024 -15.7731
2.16142 -15.6724
1.9326 -15.5717
1.70378 -15.471
1.47496 -15.3703
1.24613 -15.2696
1.01731 -15.1689
0.788492 -15.0682
0.559671 -14.9675
0.33085 -14.8668
0.102029 -14.7661
-0.126792 -14.6654
-0.355614 -14.5647
-0.584435 -14.464
-0.813256 -14.3633
-1.04208 -14.2626
-1.2709 -14.1619
-1.49972 -14.0612
-1.72854 -13.9605
-1.95736 -13.8597
-2.18618 -13.759
-2.415 -13.6583
-2.64383 -13.5576
-2.87265 -13.4569
-3.10147 -13.3562
-3.33029 -13.2555
-3.55911 -13.1548
-3.78793 -13.0541
-4.01675 -12.9534
-4.24557 -12.8527
-4.4744 -12.752
-4.70322 -12.6513
-4.93204 -12.5506
-5.16086 -12.4499
-5.38968 -12.3492
-5.6185 -12.2485
-5.84732 -12.1478
-6.07614 -12.0471
-6.30497 -11.9464
-6.53379 -11.8457
-6.76261 -11.745
-6.99143 -11.6443
-7.22025 -11.5436
-7.44907 -11.4429
-7.67789 -11.3422
-7.90671 -11.2415
-8.13554 -11.1408
-8.36436 -11.0401
-8.59318 -10.9394
-8.822 -10.8387
-9.05082 -10.738
-9.27964 -10.6373
-9.50846 -10.5366
-9.73728 -10.4359
-9.9661 -10.3352
-10.1949 -10.2345
-10.4237 -10.1338
-10.6526 -10.0331
-10.8814 -9.93238
-11.1102 -9.83168
-11.339 -9.73098
-11.5678 -9.63027
-11.7967 -9.52957
-12.0255 -9.42887
-12.2543 -9.32817
-12.2543 -9.32817
-12.2543 -9.32817
-12.2543 -9.32817
-12.2543 -9.32817
-12.2543 -9.32817
-12.2543 -9.32817
-12.2543 -9.32817
-12.2543 -9.32817
-12.2543 -9.32817
-12.2543 -9.32817
-12.2543 -9.32817
-12.2543 -9.32817
-12.2543 -9.32817
-12.2543 -9.32817
-12.2543 -9.32817
-12.2543 -9.32817
-12.2543 -9.32817
-12.2543 -9.32817
-12.2543 -9.32817
-12.2543 -9.32817
-12.2543 -9.32817
-12.2543 -9.32817
-12.2543 -9.32817
-12.2543 -9.32817
-12.2543 -9.32817
-12.2543 -9.32817
-12.2543 -9.32817
-12.2543 -9.32817
-12.2543 -9.32817
-12.2543 -9.32817
-12.2543 -9.32817
-12.2543 -9.32817
-12.2543 -9.32817
-12.2543 -9.32817
-12.2543 -9.32817
-12.2543 -9.32817
-12.2543 -9.32817
-12.2543 -9.32817
-12.2543 -9.32817
-12.2543 -9.32817
-12.2543 -9.32817
-12.2543 -9.32817
-12.2543 -9.32817
-12.2543 -9.32817
-12.2543 -9.32817
-12.2543 -9.32817
-12.2543 -9.32817
-12.2543 -9.32817
-12.2543 -9.32817
-12.2543 -9.32817
-12.2543 -9.32817
-13 -9