-1 -8
-0.954969 -7.78664
-0.849328 -7.56005
-0.743688 -7.33347
-0.638048 -7.10689
-0.532408 -6.8803
-0.426768 -6.65372
-0.321128 -6.42713
-0.215487 -6.20055
-0.109847 -5.97397
-0.00420717 -5.74738
0.101433 -5.5208
0.207073 -5.29422
0.312713 -5.06763
0.418353 -4.84105
0.523994 -4.61447
0.629634 -4.38788
0.735274 -4.1613
0.840914 -3.93472
0.946554 -3.70813
1.05219 -3.48155
1.15783 -3.25497
1.26347 -3.02838
1.36911 -2.8018
1.47475 -2.57521
1.58039 -2.34863
1.68604 -2.12205
1.79168 -1.89546
1.89732 -1.66888
2.00296 -1.4423
2.1086 -1.21571
2.21424 -0.989128
2.31988 -0.762545
2.42552 -0.535961
2.53116 -0.309377
2.6368 -0.0827935
2.74244 0.14379
2.84808 0.370374
2.95372 0.596958
3.05936 0.823541
3.165 1.05012
3.27064 1.27671
3.37628 1.50329
3.48192 1.72988
3.58756 1.95646
3.6932 2.18304
3.79884 2.40963
3.90448 2.63621
4.01012 2.86279
4.11576 3.08938
4.2214 3.31596
4.32704 3.54255
4.43268 3.76913
4.53832 3.99571
4.64396 4.2223
4.7496 4.44888
4.85524 4.67546
4.96088 4.90205
5.06652 5.12863
5.17216 5.35521
5.2778 5.5818
5.38344 5.80838
5.48908 6.03496
5.59472 6.26155
5.70036 6.48813
5.806 6.71472
5.91164 6.9413
6.01728 7.16788
6.12292 7.39447
6.22856 7.62105
6.3342 7.84763
6.43984 8.07422
6.54548 8.3008
6.65112 8.52738
6.75676 8.75397
6.8624 8.98055
6.96804 9.20713
7.07368 9.43372
7.17932 9.6603
7.28496 9.88688
7.3906 10.1135
7.49624 10.3401
7.60188 10.5666
7.70752 10.7932
7.81316 11.0198
7.9188 11.2464
8.02444 11.473
8.13008 11.6996
8.23572 11.9261
8.34136 12.1527
8.447 12.3793
8.55264 12.6059
8.65828 12.8325
8.76392 13.0591
8.86956 13.2856
8.9752 13.5122
9.08084 13.7388
9.18648 13.9654
9.29212 14.192
9.39776 14.4186
9.5034 14.6451
9.60905 14.8717
9.71469 15.0983
9.82033 15.3249
9.92597 15.5515
10.0316 15.7781
10.1372 16.0046
10.2429 16.2312
10.3485 16.4578
10.4542 16.6844
10.5598 16.911
10.6654 17.1376
10.7711 17.3641
10.8767 17.5907
10.9824 17.8173
11.088 18.0439
11.1936 18.2705
11.2993 18.4971
11.4049 18.7236
11.5106 18.9502
11.6162 19.1768
11.6162 19.1768
11.6162 19.1768
11.6162 19.1768
11.6162 19.1768
11.6162 19.1768
11.6162 19.1768
11.6162 19.1768
11.6162 19.1768
11.6162 19.1768
11.6162 19.1768
11.6162 19.1768
11.6162 19.1768
11.6162 19.1768
11.6162 19.1768
11.6162 19.1768
11.6162 19.1768
11.6162 19.1768
11.6162 19.1768
11.6162 19.1768
11.6162 19.1768
11.6162 19.1768
11.6162 19.1768
11.6162 19.1768
11.6162 19.1768
11.6162 19.1768
11.6162 19.1768
11.6162 19.1768
11.6162 19.1768
11.6162 19.1768
11.6162 19.1768
11.6162 19.1768
11.6162 19.1768
11.6162 19.1768
11.6162 19.1768
11.6162 19.1768
11.6162 19.1768
11.6162 19.1768
12 20