18 11
17.7528 11.0371
17.5055 11.0742
17.2583 11.1113
17.0111 11.1483
16.7638 11.1854
16.5166 11.2225
16.2694 11.2596
16.0221 11.2967
15.7749 11.3338
15.5277 11.3709
15.2804 11.4079
15.0332 11.445
14.786 11.4821
14.5387 11.5192
14.2915 11.5563
14.0443 11.5934
13.797 11.6305
13.5498 11.6675
13.3025 11.7046
13.0553 11.7417
12.8081 11.7788
12.5608 11.8159
12.3136 11.853
12.0664 11.8901
11.8191 11.9271
11.5719 11.9642
11.3247 12.0013
11.0774 12.0384
10.8302 12.0755
10.583 12.1126
10.3357 12.1496
10.0885 12.1867
9.84127 12.2238
9.59403 12.2609
9.3468 12.298
9.09956 12.3351
8.85233 12.3722
8.60509 12.4092
8.35786 12.4463
8.11063 12.4834
7.86339 12.5205
7.61616 12.5576
7.36892 12.5947
7.12169 12.6318
6.87446 12.6688
6.62722 12.7059
6.37999 12.743
6.13275 12.7801
5.88552 12.8172
5.63829 12.8543
5.39105 12.8913
5.14382 12.9284
4.89658 12.9655
4.64935 13.0026
4.40212 13.0397
4.15488 13.0768
3.90765 13.1139
3.66041 13.1509
3.41318 13.188
3.16595 13.2251
2.91871 13.2622
2.67148 13.2993
2.42424 13.3364
2.17701 13.3735
1.92977 13.4105
1.68254 13.4476
1.43531 13.4847
1.18807 13.5218
0.940838 13.5589
0.693604 13.596
0.44637 13.633
0.199136 13.6701
-0.0480983 13.7072
-0.295332 13.7443
-0.542567 13.7814
-0.789801 13.8185
-1.03703 13.8556
-1.28427 13.8926
-1.5315 13.9297
-1.77874 13.9668
-2.02597 14.0039
-2.27321 14.041
-2.52044 14.0781
-2.76767 14.1152
-3.01491 14.1522
-3.26214 14.1893
-3.50938 14.2264
-3.75661 14.2635
-4.00384 14.3006
-4.25108 14.3377
-4.49831 14.3748
-4.74555 14.4118
-4.99278 14.4489
-5.24002 14.486
-5.48725 14.5231
-5.73448 14.5602
-5.98172 14.5973
-6.22895 14.6343
-6.47618 14.6714
-6.72342 14.7085
-6.97065 14.7456
-7.21789 14.7827
-7.46512 14.8198
-7.71235 14.8569
-7.95959 14.8939
-8.20682 14.931
-8.45406 14.9681
-8.70129 15.0052
-8.94853 15.0423
-9.19576 15.0794
-9.443 15.1165
-9.69023 15.1535
-9.93746 15.1906
-10.1847 15.2277
-10.4319 15.2648
-10.6792 15.3019
-10.9264 15.339
-11.1736 15.376
-11.4209 15.4131
-11.6681 15.4502
-11.9153 15.4873
-12.1626 15.5244
-12.4098 15.5615
-12.657 15.5986
-12.9043 15.6356
-13.1515 15.6727
-13.3987 15.7098
-13.646 15.7469
-13.8932 15.784
-14.1404 15.8211
-14.3877 15.8582
-14.6349 15.8952
-14.8822 15.9323
-15.1294 15.9694
-15.3766 16.0065
-15.6239 16.0436
-15.8711 16.0807
-16.1183 16.1177
-16.3656 16.1548
-16.6128 16.1919
-16.86 16.229
-17.1073 16.2661
-17.3545 16.3032
-17.6017 16.3403
-17.849 16.3773
-18.0962 16.4144
-18.3434 16.4515
-18.5907 16.4886
-18.8379 16.5257
-19.0851 16.5628
-19.3324 16.5998
-19.5796 16.6369
-19.8268 16.674
-20.0741 16.7111
-20.3213 16.7482
-20.5685 16.7853
-20.8158 16.8224
-22 17