9 25
8.86419 24.7901
8.72837 24.5802
8.59256 24.3703
8.45675 24.1604
8.32094 23.9505
8.18512 23.7406
8.04931 23.5308
7.9135 23.3209
7.77769 23.111
7.64187 22.9011
7.50606 22.6912
7.37025 22.4813
7.23443 22.2714
7.09862 22.0615
6.96281 21.8516
6.827 21.6417
6.69118 21.4318
6.55537 21.2219
6.41956 21.012
6.28374 20.8022
6.14793 20.5923
6.01212 20.3824
5.87631 20.1725
5.74049 19.9626
5.60468 19.7527
5.46887 19.5428
5.33306 19.3329
5.19724 19.123
5.06143 18.9131
4.92562 18.7032
4.7898 18.4933
4.65399 18.2834
4.51818 18.0736
4.38237 17.8637
4.24655 17.6538
4.11074 17.4439
3.97493 17.234
3.81813 17.0286
3.66131 16.8231
3.50444 16.6173
3.34754 16.4115
3.1906 16.2054
3.03361 15.9991
2.86631 15.8151
2.69909 15.6313
2.53198 15.4475
2.36497 15.2639
2.19808 15.0804
2.03132 14.8971
1.8647 14.714
1.69816 14.531
1.53162 14.3479
1.36507 14.1649
1.19853 13.9819
1.03199 13.7988
0.865447 13.6158
0.698905 13.4328
0.532363 13.2497
0.36582 13.0667
0.199278 12.8837
0.0327358 12.7006
-0.133807 12.5176
-0.300349 12.3346
-0.466891 12.1515
-0.633434 11.9685
-0.799976 11.7855
-0.966518 11.6024
-1.13306 11.4194
-1.2996 11.2364
-1.46615 11.0533
-1.63269 10.8703
-1.7777 10.7139
-1.91881 10.5623
-2.05533 10.4164
-2.12809 10.1899
-2.14469 9.933
-2.13648 9.68116
-2.11625 9.43198
-2.09602 9.1828
-2.07579 8.93362
-2.08735 8.84689
-2.11429 8.84
-2.13877 8.83371
-2.16195 8.82775
-2.18444 8.82195
-2.20658 8.81625
-2.22852 8.81059
-2.25037 8.80495
-2.27216 8.79933
-2.29393 8.79372
-2.31567 8.78811
-2.33741 8.7825
-2.35915 8.77689
-2.38088 8.77128
-2.40261 8.76568
-2.42434 8.76007
-2.44607 8.75447
-2.4678 8.74886
-2.48953 8.74325
-2.51126 8.73765
-2.53299 8.73204
-2.55472 8.72644
-2.57645 8.72083
-2.59818 8.71523
-2.60612 8.71221
-2.60612 8.71221
-2.60612 8.71221
-2.60612 8.71221
-2.60612 8.71221
-2.60612 8.71221
-2.60612 8.71221
-2.60612 8.71221
-2.60612 8.71221
-2.60612 8.71221
-2.60612 8.71221
-2.60612 8.71221
-2.60612 8.71221
-2.60612 8.71221
-2.60612 8.71221
-2.60612 8.71221
-2.60612 8.71221
-2.60612 8.71221
-2.60612 8.71221
-2.60612 8.71221
-2.60612 8.71221
-2.60612 8.71221
-2 8