6 -6
5.89158 -5.83149
5.80786 -5.59593
5.72413 -5.36036
5.64041 -5.1248
5.55669 -4.88923
5.47297 -4.65367
5.38925 -4.41811
5.30552 -4.18254
5.2218 -3.94698
5.13808 -3.71141
5.05436 -3.47585
4.97064 -3.24028
4.88692 -3.00472
4.80319 -2.76915
4.71947 -2.53359
4.63575 -2.29802
4.55203 -2.06246
4.46831 -1.8269
4.38458 -1.59133
4.30086 -1.35577
4.21714 -1.1202
4.13342 -0.884637
4.0497 -0.649073
3.96597 -0.413508
3.88225 -0.177944
3.79853 0.0576207
3.71481 0.293185
3.63109 0.52875
3.54736 0.764314
3.46364 0.999879
3.381 1.23636
3.29947 1.47415
3.21866 1.71327
3.13812 1.95371
3.05736 2.1953
2.97595 2.43778
2.89353 2.68072
2.83233 2.9202
2.77098 3.15904
2.70974 3.39836
2.64856 3.63796
2.58739 3.8776
2.52622 4.11724
2.46505 4.35688
2.39571 4.59502
2.32216 4.83237
2.24645 5.06927
2.16964 5.30592
2.09231 5.5424
2.01474 5.77877
1.9371 6.01505
1.85944 6.25125
1.78177 6.48738
1.70408 6.72344
1.62638 6.95945
1.54867 7.19539
1.47095 7.43127
1.39321 7.66709
1.31545 7.90283
1.23768 8.13851
1.1599 8.37412
1.0821 8.60964
1.00428 8.84509
0.926448 9.08046
0.848594 9.31573
0.77072 9.55091
0.692825 9.78599
0.614908 10.021
0.536967 10.2558
0.458999 10.4906
0.381002 10.7252
0.290982 10.9615
0.200899 11.1977
0.11074 11.4336
0.020389 11.6685
-0.070273 11.9015
-0.160935 12.1344
-0.251597 12.3674
-0.342259 12.6004
-0.432921 12.8334
-0.523583 13.0664
-0.614245 13.2994
-0.704907 13.5323
-0.79557 13.7653
-0.886232 13.9983
-0.976894 14.2313
-1.06756 14.4643
-1.15822 14.6972
-1.24888 14.9302
-1.33954 15.1632
-1.4302 15.3962
-1.52087 15.6292
-1.61153 15.8622
-1.70219 16.0951
-1.79285 16.3281
-1.88351 16.5611
-1.97418 16.7941
-2.06484 17.0271
-2.1555 17.26
-2.24616 17.493
-2.33682 17.726
-2.42749 17.959
-2.51815 18.192
-2.60881 18.4249
-2.69947 18.6579
-2.79013 18.8909
-2.8808 19.1239
-2.97146 19.3569
-3.06212 19.5898
-3.15278 19.8228
-3.24344 20.0558
-3.33411 20.2888
-3.42477 20.5218
-3.51543 20.7548
-3.60609 20.9877
-3.69675 21.2207
-3.73536 21.3733
-3.74538 21.4132
-3.74538 21.4132
-3.74538 21.4132
-3.74538 21.4132
-3.74538 21.4132
-3.74538 21.4132
-3.74538 21.4132
-3.74538 21.4132
-3.74538 21.4132
-4 22