8 -15
7.95015 -14.9186
7.87125 -14.6975
7.78732 -14.462
7.7034 -14.2265
7.61947 -13.991
7.53554 -13.7555
7.45161 -13.52
7.36768 -13.2846
7.28376 -13.0491
7.19983 -12.8136
7.1159 -12.5781
7.03197 -12.3426
6.94804 -12.1071
6.86412 -11.8716
6.78019 -11.6361
6.69626 -11.4006
6.61233 -11.1651
6.5284 -10.9296
6.44448 -10.6942
6.36055 -10.4587
6.27662 -10.2232
6.19269 -9.98769
6.10877 -9.7522
6.02484 -9.5167
5.94091 -9.28121
5.85698 -9.04572
5.77306 -8.81023
5.68913 -8.57474
5.6052 -8.33925
5.52127 -8.10376
5.43734 -7.86827
5.35342 -7.63278
5.26949 -7.39729
5.18556 -7.16179
5.10163 -6.9263
5.0177 -6.69081
4.93378 -6.45532
4.84985 -6.21983
4.76592 -5.98434
4.68199 -5.74885
4.59807 -5.51336
4.51414 -5.27786
4.43021 -5.04237
4.34628 -4.80688
4.26235 -4.57139
4.17843 -4.3359
4.0945 -4.10041
4.01057 -3.86492
3.92664 -3.62943
3.84271 -3.39393
3.75879 -3.15844
3.67486 -2.92295
3.59093 -2.68746
3.507 -2.45197
3.42308 -2.21648
3.33915 -1.98099
3.25522 -1.7455
3.17129 -1.51
3.08736 -1.27451
3.00344 -1.03902
2.91951 -0.803531
2.83558 -0.568039
2.75165 -0.332548
2.66772 -0.0970569
2.5838 0.138434
2.49987 0.373926
2.41594 0.609417
2.33201 0.844908
2.24809 1.0804
2.16416 1.31589
2.08023 1.55138
1.9963 1.78687
1.91237 2.02236
1.82845 2.25786
1.74452 2.49335
1.66059 2.72884
1.57666 2.96433
1.49273 3.19982
1.40881 3.43531
1.32488 3.6708
1.24095 3.90629
1.15702 4.14179
1.0731 4.37728
0.989167 4.61277
0.905239 4.84826
0.821311 5.08375
0.737384 5.31924
0.653456 5.55473
0.569528 5.79022
0.4856 6.02572
0.401672 6.26121
0.317744 6.4967
0.233816 6.73219
0.149888 6.96768
0.0659605 7.20317
-0.0179674 7.43866
-0.101895 7.67415
-0.185823 7.90965
-0.269751 8.14514
-0.353679 8.38063
-0.437607 8.61612
-0.521535 8.85161
-0.605462 9.0871
-0.68939 9.32259
-0.773318 9.55808
-0.857246 9.79357
-0.941174 10.0291
-1.0251 10.2646
-1.10903 10.5
-1.19296 10.7355
-1.27689 10.971
-1.36081 11.2065
-1.44474 11.442
-1.52867 11.6775
-1.6126 11.913
-1.69652 12.1485
-1.71681 12.255
-1.7114 12.2887
-1.7114 12.2887
-1.7114 12.2887
-1.7114 12.2887
-1.7114 12.2887
-1.7114 12.2887
-1.7114 12.2887
-1.7114 12.2887
-1.7114 12.2887
-2 13