10 5
9.78211 5.12257
9.56421 5.24513
9.34632 5.3677
9.12843 5.49026
8.91053 5.61283
8.69264 5.73539
8.47474 5.85796
8.25685 5.98052
8.03896 6.10309
7.82106 6.22565
7.60317 6.34822
7.38528 6.47078
7.16738 6.59335
6.94949 6.71591
6.73159 6.83848
6.5137 6.96104
6.2958 7.08361
6.07791 7.20617
5.86002 7.32874
5.64212 7.45131
5.42423 7.57387
5.20633 7.69644
4.98844 7.819
4.77055 7.94157
4.55265 8.06413
4.33476 8.1867
4.11686 8.30926
3.89897 8.43183
3.68108 8.55439
3.46318 8.67696
3.24529 8.79952
3.0274 8.92209
2.8095 9.04465
2.59161 9.16722
2.37371 9.28978
2.15582 9.41235
1.93793 9.53491
1.72003 9.65748
1.50214 9.78005
1.28424 9.90261
1.06635 10.0252
0.848457 10.1477
0.630563 10.2703
0.412669 10.3929
0.194775 10.5154
-0.0231188 10.638
-0.241013 10.7606
-0.458906 10.8831
-0.6768 11.0057
-0.894694 11.1283
-1.11259 11.2508
-1.33048 11.3734
-1.54838 11.496
-1.76627 11.6185
-1.98416 11.7411
-2.20206 11.8637
-2.41995 11.9862
-2.63785 12.1088
-2.85574 12.2314
-3.07363 12.3539
-3.29153 12.4765
-3.50942 12.599
-3.72731 12.7216
-3.94521 12.8442
-4.1631 12.9667
-4.381 13.0893
-4.59889 13.2119
-4.81678 13.3344
-5.03468 13.457
-5.25257 13.5796
-5.34014 13.6051
-5.34907 13.6094
-5.34907 13.6094
-5.34907 13.6094
-5.34907 13.6094
-5.34907 13.6094
-5.34907 13.6094
-5.34907 13.6094
-5.34907 13.6094
-5.34907 13.6094
-5.34907 13.6094
-5.34907 13.6094
-5.34907 13.6094
-5.34907 13.6094
-5.34907 13.6094
-5.34907 13.6094
-5.34907 13.6094
-5.34907 13.6094
-5.34907 13.6094
-5.34907 13.6094
-5.34907 13.6094
-5.34907 13.6094
-5.34907 13.6094
-5.34907 13.6094
-5.34907 13.6094
-5.34907 13.6094
-5.34907 13.6094
-5.34907 13.6094
-5.34907 13.6094
-5.34907 13.6094
-5.34907 13.6094
-5.34907 13.6094
-5.34907 13.6094
-5.34907 13.6094
-5.34907 13.6094
-5.34907 13.6094
-5.34907 13.6094
-5.34907 13.6094
-5.34907 13.6094
-5.34907 13.6094
-5.34907 13.6094
-5.34907 13.6094
-5.34907 13.6094
-5.34907 13.6094
-5.34907 13.6094
-5.34907 13.6094
-5.34907 13.6094
-5.34907 13.6094
-5.34907 13.6094
-5.34907 13.6094
-5.34907 13.6094
-5.34907 13.6094
-5.34907 13.6094
-5.34907 13.6094
-5.34907 13.6094
-5.34907 13.6094
-6 14