-10 -6
-9.87597 -5.78294
-9.75193 -5.56588
-9.6279 -5.34882
-9.50386 -5.13176
-9.37983 -4.9147
-9.25579 -4.69764
-9.13176 -4.48058
-9.00772 -4.26352
-8.88369 -4.04645
-8.75965 -3.82939
-8.63562 -3.61233
-8.51158 -3.39527
-8.38755 -3.17821
-8.26351 -2.96115
-8.13948 -2.74409
-8.01544 -2.52703
-7.89141 -2.30997
-7.76737 -2.09291
-7.64334 -1.87585
-7.5193 -1.65879
-7.39527 -1.44172
-7.27123 -1.22466
-7.1472 -1.0076
-7.02316 -0.790542
-6.89913 -0.573482
-6.77509 -0.356421
-6.65106 -0.13936
-6.52702 0.0777008
-6.40299 0.294762
-6.27895 0.511822
-6.15599 0.727962
-6.03415 0.942805
-5.91304 1.15631
-5.79221 1.36853
-5.67121 1.57959
-5.54961 1.7898
-5.42709 1.99957
-5.30426 2.20931
-5.18274 2.4203
-5.06107 2.6307
-4.93877 2.84066
-4.81599 3.05051
-4.69324 3.26037
-4.54934 3.46133
-4.40546 3.66226
-4.26162 3.86315
-4.11781 4.064
-3.97403 4.26481
-3.83029 4.46558
-3.68658 4.6663
-3.5429 4.86698
-3.39927 5.06761
-3.25567 5.26819
-3.11212 5.46873
-2.9686 5.66921
-2.82513 5.86964
-2.6817 6.07002
-2.53832 6.27034
-2.39499 6.4706
-2.2517 6.67079
-2.10847 6.87093
-1.96529 7.071
-1.82216 7.271
-1.6791 7.47093
-1.53609 7.67078
-1.39314 7.87056
-1.25026 8.07026
-1.10745 8.26988
-0.964706 8.46941
-0.822035 8.66885
-0.679441 8.86819
-0.536927 9.06744
-0.394496 9.26658
-0.252152 9.46562
-0.143362 9.67068
-0.0319451 9.88917
0.0795112 10.1129
0.190968 10.3367
0.302424 10.5605
0.41388 10.7843
0.525336 11.0081
0.636793 11.2318
0.748249 11.4556
0.859705 11.6794
0.971162 11.9032
1.08262 12.127
1.19407 12.3507
1.30553 12.5745
1.41699 12.7983
1.52844 13.0221
1.6399 13.2459
1.75136 13.4696
1.86281 13.6934
1.97427 13.9172
2.08572 14.141
2.19718 14.3648
2.30864 14.5885
2.42009 14.8123
2.53155 15.0361
2.64301 15.2599
2.75446 15.4837
2.86592 15.7074
2.97737 15.9312
3.08883 16.155
3.20029 16.3788
3.31174 16.6026
3.4232 16.8263
3.53465 17.0501
3.64611 17.2739
3.75757 17.4977
3.86902 17.7215
3.98048 17.9452
4.09194 18.169
4.20339 18.3928
4.31485 18.6166
4.4263 18.8404
4.53776 19.0641
4.64922 19.2879
4.76067 19.5117
4.87213 19.7355
4.98358 19.9593
5.09504 20.183
5.2065 20.4068
5.31795 20.6306
5.42941 20.8544
5.54086 21.0782
6 22