-1 -16
-1.17678 -16.1768
-1.35355 -16.3536
-1.53033 -16.5303
-1.70711 -16.7071
-1.88388 -16.8839
-2.06066 -17.0607
-2.23744 -17.2374
-2.41421 -17.4142
-2.41421 -17.4142
-2.41421 -17.4142
-2.41421 -17.4142
-2.41421 -17.4142
-2.41421 -17.4142
-2.41421 -17.4142
-2.41421 -17.4142
-2.41421 -17.4142
-2.41421 -17.4142
-2.41421 -17.4142
-2.41421 -17.4142
-2.41421 -17.4142
-2.41421 -17.4142
-2.41421 -17.4142
-2.41421 -17.4142
-2.41421 -17.4142
-2.41421 -17.4142
-2.41421 -17.4142
-2.41421 -17.4142
-2.41421 -17.4142
-2.41421 -17.4142
-2.41421 -17.4142
-2.41421 -17.4142
-2.41421 -17.4142
-2.41421 -17.4142
-2.41421 -17.4142
-2.41421 -17.4142
-2.41421 -17.4142
-2.41421 -17.4142
-2.41421 -17.4142
-2.41421 -17.4142
-2.41421 -17.4142
-2.41421 -17.4142
-2.41421 -17.4142
-2.41421 -17.4142
-2.41421 -17.4142
-2.41421 -17.4142
-2.41421 -17.4142
-2.41421 -17.4142
-2.41421 -17.4142
-2.41421 -17.4142
-2.41421 -17.4142
-2.41421 -17.4142
-2.41421 -17.4142
-2.41421 -17.4142
-2.41421 -17.4142
-2.41421 -17.4142
-2.41421 -17.4142
-2.41421 -17.4142
-2.41421 -17.4142
-2.41421 -17.4142
-2.41421 -17.4142
-2.41421 -17.4142
-2.41421 -17.4142
-2.41421 -17.4142
-2.41421 -17.4142
-2.41421 -17.4142
-2.41421 -17.4142
-2.41421 -17.4142
-2.41421 -17.4142
-2.41421 -17.4142
-2.41421 -17.4142
-2.41421 -17.4142
-2.41421 -17.4142
-2.41421 -17.4142
-2.41421 -17.4142
-2.41421 -17.4142
-2.41421 -17.4142
-2.41421 -17.4142
-2.41421 -17.4142
-2.41421 -17.4142
-2.41421 -17.4142
-2.41421 -17.4142
-2.41421 -17.4142
-2.41421 -17.4142
-2.41421 -17.4142
-2.41421 -17.4142
-2.41421 -17.4142
-2.41421 -17.4142
-2.41421 -17.4142
-2.41421 -17.4142
-2.41421 -17.4142
-2.41421 -17.4142
-2.41421 -17.4142
-2.41421 -17.4142
-2.41421 -17.4142
-2.41421 -17.4142
-2.41421 -17.4142
-2.41421 -17.4142
-2.41421 -17.4142
-2.41421 -17.4142
-2.41421 -17.4142
-2.41421 -17.4142
-2.41421 -17.4142
-2.41421 -17.4142
-2.41421 -17.4142
-2.41421 -17.4142
-2.41421 -17.4142
-2.41421 -17.4142
-2.41421 -17.4142
-2.41421 -17.4142
-2.41421 -17.4142
-2.41421 -17.4142
-2.41421 -17.4142
-2.41421 -17.4142
-2.41421 -17.4142
-2.41421 -17.4142
-2.41421 -17.4142
-2.41421 -17.4142
-2.41421 -17.4142
-2.41421 -17.4142
-2.41421 -17.4142
-2.41421 -17.4142
-3 -18