12 4
12.0554 3.75622
12.1108 3.51243
12.1662 3.26865
12.2216 3.02487
12.277 2.78108
12.3324 2.5373
12.3878 2.29352
12.4432 2.04973
12.4987 1.80595
12.5541 1.56217
12.6095 1.31838
12.6649 1.0746
12.7203 0.830818
12.7757 0.587035
12.8311 0.343251
12.8865 0.0994682
12.9419 -0.144315
12.9973 -0.388098
13.0527 -0.631881
13.1081 -0.875665
13.1635 -1.11945
13.2189 -1.36323
13.2743 -1.60701
13.3297 -1.8508
13.3851 -2.09458
13.4405 -2.33836
13.496 -2.58215
13.5514 -2.82593
13.6068 -3.06971
13.6622 -3.3135
13.7176 -3.55728
13.773 -3.80106
13.8284 -4.04485
13.8838 -4.28863
13.9392 -4.53241
13.9946 -4.7762
14.05 -5.01998
14.1054 -5.26376
14.1608 -5.50755
14.2162 -5.75133
14.2716 -5.99511
14.327 -6.2389
14.3824 -6.48268
14.4378 -6.72646
14.4932 -6.97025
14.5486 -7.21403
14.6041 -7.45781
14.6595 -7.7016
14.7149 -7.94538
14.7703 -8.18916
14.8257 -8.43295
14.8811 -8.67673
14.9365 -8.92051
14.9919 -9.1643
15.0473 -9.40808
15.1027 -9.65186
15.1581 -9.89564
15.2135 -10.1394
15.2689 -10.3832
15.3243 -10.627
15.3797 -10.8708
15.4351 -11.1146
15.4905 -11.3583
15.5459 -11.6021
15.6013 -11.8459
15.6568 -12.0897
15.7122 -12.3335
15.7676 -12.5773
15.823 -12.821
15.8784 -13.0648
15.9338 -13.3086
15.9892 -13.5524
16.0446 -13.7962
16.1 -14.04
16.1554 -14.2837
16.2108 -14.5275
16.2662 -14.7713
16.3216 -15.0151
16.377 -15.2589
16.4324 -15.5027
16.4878 -15.7464
16.5432 -15.9902
16.5986 -16.234
16.654 -16.4778
16.7094 -16.7216
16.7649 -16.9654
16.8203 -17.2091
16.8203 -17.2091
16.8203 -17.2091
16.8203 -17.2091
16.8203 -17.2091
16.8203 -17.2091
16.8203 -17.2091
16.8203 -17.2091
16.8203 -17.2091
16.8203 -17.2091
16.8203 -17.2091
16.8203 -17.2091
16.8203 -17.2091
16.8203 -17.2091
16.8203 -17.2091
16.8203 -17.2091
16.8203 -17.2091
16.8203 -17.2091
16.8203 -17.2091
16.8203 -17.2091
16.8203 -17.2091
16.8203 -17.2091
16.8203 -17.2091
16.8203 -17.2091
16.8203 -17.2091
16.8203 -17.2091
16.8203 -17.2091
16.8203 -17.2091
16.8203 -17.2091
16.8203 -17.2091
16.8203 -17.2091
16.8203 -17.2091
16.8203 -17.2091
16.8203 -17.2091
16.8203 -17.2091
17 -18