-11 2
-10.7503 1.98686
-10.5007 1.97372
-10.251 1.96058
-10.0014 1.94744
-9.75173 1.9343
-9.50207 1.92116
-9.25242 1.90802
-9.00276 1.89488
-8.75311 1.88174
-8.50345 1.8686
-8.2538 1.85546
-8.00414 1.84232
-7.75449 1.82918
-7.50483 1.81604
-7.25518 1.8029
-7.00553 1.78976
-6.75587 1.77662
-6.50622 1.76348
-6.25656 1.75035
-6.00691 1.73721
-5.75725 1.72407
-5.5076 1.71093
-5.25795 1.69779
-5.00829 1.68465
-4.75864 1.67151
-4.50898 1.65837
-4.25933 1.64523
-4.00967 1.63209
-3.76002 1.61895
-3.51037 1.60581
-3.26071 1.59267
-3.01106 1.57953
-2.7614 1.56639
-2.51175 1.55325
-2.26209 1.54011
-2.01244 1.52697
-1.76278 1.51383
-1.51313 1.50069
-1.26347 1.48755
-1.01382 1.47441
-0.764166 1.46127
-0.514511 1.44813
-0.264857 1.43499
-0.0152023 1.42185
0.234452 1.40871
0.484107 1.39557
0.733761 1.38243
0.983416 1.36929
1.23307 1.35615
1.48272 1.34301
1.73238 1.32987
1.98203 1.31673
2.23169 1.30359
2.48134 1.29045
2.731 1.27732
2.98065 1.26418
3.23031 1.25104
3.47996 1.2379
3.72961 1.22476
3.97927 1.21162
4.22892 1.19848
4.47858 1.18534
4.72823 1.1722
4.97789 1.15906
5.22754 1.14592
5.4772 1.13278
5.72685 1.11964
5.9765 1.1065
6.22616 1.09336
6.47581 1.08022
6.72547 1.06708
6.97512 1.05394
7.22478 1.0408
7.22478 1.0408
7.22478 1.0408
7.22478 1.0408
7.22478 1.0408
7.22478 1.0408
7.22478 1.0408
7.22478 1.0408
7.22478 1.0408
7.22478 1.0408
7.22478 1.0408
7.22478 1.0408
7.22478 1.0408
7.22478 1.0408
7.22478 1.0408
7.22478 1.0408
7.22478 1.0408
7.22478 1.0408
7.22478 1.0408
7.22478 1.0408
7.22478 1.0408
7.22478 1.0408
7.22478 1.0408
7.22478 1.0408
7.22478 1.0408
7.22478 1.0408
7.22478 1.0408
7.22478 1.0408
7.22478 1.0408
7.22478 1.0408
7.22478 1.0408
7.22478 1.0408
7.22478 1.0408
7.22478 1.0408
7.22478 1.0408
7.22478 1.0408
7.22478 1.0408
7.22478 1.0408
7.22478 1.0408
7.22478 1.0408
7.22478 1.0408
7.22478 1.0408
7.22478 1.0408
7.22478 1.0408
7.22478 1.0408
7.22478 1.0408
7.22478 1.0408
7.22478 1.0408
7.22478 1.0408
8 1