-24 1
-23.8936 0.773795
-23.7871 0.547591
-23.6807 0.321386
-23.5742 0.0951813
-23.4678 -0.131023
-23.3613 -0.357228
-23.2549 -0.583433
-23.1484 -0.809637
-23.042 -1.03584
-22.9355 -1.26205
-22.8291 -1.48825
-22.7226 -1.71446
-22.6162 -1.94066
-22.5097 -2.16687
-22.4033 -2.39307
-22.2968 -2.61927
-22.1904 -2.84548
-22.0839 -3.07168
-21.9775 -3.29789
-21.871 -3.52409
-21.7646 -3.7503
-21.6581 -3.9765
-21.5517 -4.20271
-21.4452 -4.42891
-21.3388 -4.65512
-21.2323 -4.88132
-21.1259 -5.10753
-21.0194 -5.33373
-20.913 -5.55994
-20.8065 -5.78614
-20.7001 -6.01235
-20.5936 -6.23855
-20.4872 -6.46476
-20.3807 -6.69096
-20.2743 -6.91716
-20.1678 -7.14337
-20.0614 -7.36957
-19.9549 -7.59578
-19.8485 -7.82198
-19.742 -8.04819
-19.6356 -8.27439
-19.5291 -8.5006
-19.4227 -8.7268
-19.3162 -8.95301
-19.2098 -9.17921
-19.1033 -9.40542
-18.9969 -9.63162
-18.8904 -9.85783
-18.784 -10.084
-18.6775 -10.3102
-18.5711 -10.5364
-18.4646 -10.7626
-18.3582 -10.9889
-18.2517 -11.2151
-18.1453 -11.4413
-18.0388 -11.6675
-17.9324 -11.8937
-17.826 -12.1199
-17.7195 -12.3461
-17.6131 -12.5723
-17.5066 -12.7985
-17.4002 -13.0247
-17.2937 -13.2509
-17.1873 -13.4771
-17.0808 -13.7033
-16.9744 -13.9295
-16.8679 -14.1557
-16.7615 -14.3819
-16.655 -14.6081
-16.5486 -14.8343
-16.4421 -15.0605
-16.3357 -15.2867
-16.3357 -15.2867
-16.3357 -15.2867
-16.3357 -15.2867
-16.3357 -15.2867
-16.3357 -15.2867
-16.3357 -15.2867
-16.3357 -15.2867
-16.3357 -15.2867
-16.3357 -15.2867
-16.3357 -15.2867
-16.3357 -15.2867
-16.3357 -15.2867
-16.3357 -15.2867
-16.3357 -15.2867
-16.3357 -15.2867
-16.3357 -15.2867
-16.3357 -15.2867
-16.3357 -15.2867
-16.3357 -15.2867
-16.3357 -15.2867
-16.3357 -15.2867
-16.3357 -15.2867
-16.3357 -15.2867
-16.3357 -15.2867
-16.3357 -15.2867
-16.3357 -15.2867
-16.3357 -15.2867
-16.3357 -15.2867
-16.3357 -15.2867
-16.3357 -15.2867
-16.3357 -15.2867
-16.3357 -15.2867
-16.3357 -15.2867
-16.3357 -15.2867
-16.3357 -15.2867
-16.3357 -15.2867
-16.3357 -15.2867
-16.3357 -15.2867
-16.3357 -15.2867
-16.3357 -15.2867
-16.3357 -15.2867
-16.3357 -15.2867
-16.3357 -15.2867
-16.3357 -15.2867
-16.3357 -15.2867
-16.3357 -15.2867
-16.3357 -15.2867
-16.3357 -15.2867
-16.3357 -15.2867
-16 -16