13 16
12.7605 15.9282
12.5211 15.8563
12.2816 15.7845
12.0422 15.7127
11.8027 15.6408
11.5633 15.569
11.3238 15.4971
11.0844 15.4253
10.8449 15.3535
10.6054 15.2816
10.366 15.2098
10.1265 15.138
9.88707 15.0661
9.64761 14.9943
9.40816 14.9224
9.1687 14.8506
8.92924 14.7788
8.68979 14.7069
8.45033 14.6351
8.21088 14.5633
7.97142 14.4914
7.73196 14.4196
7.49251 14.3477
7.25305 14.2759
7.01359 14.2041
6.77414 14.1322
6.53468 14.0604
6.29522 13.9886
6.05577 13.9167
5.81631 13.8449
5.57685 13.7731
5.3374 13.7012
5.09794 13.6294
4.85848 13.5575
4.61903 13.4857
4.37957 13.4139
4.14011 13.342
3.90066 13.2702
3.6612 13.1984
3.42174 13.1265
3.18229 13.0547
2.94283 12.9828
2.70337 12.911
2.46392 12.8392
2.22446 12.7673
1.985 12.6955
1.74555 12.6237
1.50609 12.5518
1.26663 12.48
1.02718 12.4082
0.787721 12.3363
0.548264 12.2645
0.308808 12.1926
0.0693511 12.1208
-0.170105 12.049
-0.409562 11.9771
-0.649019 11.9053
-0.888475 11.8335
-1.12793 11.7616
-1.36739 11.6898
-1.60684 11.6179
-1.8463 11.5461
-2.08576 11.4743
-2.32521 11.4024
-2.56467 11.3306
-2.80413 11.2588
-3.04358 11.1869
-3.28304 11.1151
-3.5225 11.0432
-3.76195 10.9714
-4.00141 10.8996
-4.24087 10.8277
-4.48032 10.7559
-4.71978 10.6841
-4.95924 10.6122
-5.19869 10.5404
-5.43815 10.4686
-5.67761 10.3967
-5.91706 10.3249
-6.15652 10.253
-6.39598 10.1812
-6.63543 10.1094
-6.87489 10.0375
-7.11435 9.96569
-7.3538 9.89386
-7.59326 9.82202
-7.83272 9.75018
-8.07217 9.67835
-8.31163 9.60651
-8.55109 9.53467
-8.79054 9.46284
-9.03 9.391
-9.26945 9.31916
-9.50891 9.24733
-9.74837 9.17549
-9.98782 9.10365
-10.2273 9.03182
-10.4667 8.95998
-10.7062 8.88814
-10.9456 8.81631
-11.1851 8.74447
-11.4246 8.67263
-11.664 8.60079
-11.9035 8.52896
-12.1429 8.45712
-12.3824 8.38528
-12.6218 8.31345
-12.8613 8.24161
-13.1008 8.16977
-13.3402 8.09794
-13.5797 8.0261
-13.8191 7.95426
-14.0586 7.88243
-14.298 7.81059
-14.5375 7.73875
-14.7769 7.66692
-15.0164 7.59508
-15.2559 7.52324
-15.4953 7.4514
-15.7348 7.37957
-15.9742 7.30773
-17 7