15 -3
15.2475 -2.96464
15.495 -2.92929
15.7425 -2.89393
15.9899 -2.85858
16.2374 -2.82322
16.4849 -2.78787
16.7324 -2.75251
16.9799 -2.71716
17.2274 -2.6818
17.4749 -2.64645
17.7224 -2.61109
17.9699 -2.57574
18.2173 -2.54038
18.4648 -2.50503
18.7123 -2.46967
18.9598 -2.43431
19.2073 -2.39896
19.4548 -2.3636
19.7023 -2.32825
19.9498 -2.29289
20.1972 -2.25754
20.4447 -2.22218
20.6922 -2.18683
20.9397 -2.15147
21.1872 -2.11612
21.1872 -2.11612
21.1872 -2.11612
21.1872 -2.11612
21.1872 -2.11612
21.1872 -2.11612
21.1872 -2.11612
21.1872 -2.11612
21.1872 -2.11612
21.1872 -2.11612
21.1872 -2.11612
21.1872 -2.11612
21.1872 -2.11612
21.1872 -2.11612
21.1872 -2.11612
21.1872 -2.11612
21.1872 -2.11612
21.1872 -2.11612
21.1872 -2.11612
21.1872 -2.11612
21.1872 -2.11612
21.1872 -2.11612
21.1872 -2.11612
21.1872 -2.11612
21.1872 -2.11612
21.1872 -2.11612
21.1872 -2.11612
21.1872 -2.11612
21.1872 -2.11612
21.1872 -2.11612
21.1872 -2.11612
21.1872 -2.11612
21.1872 -2.11612
21.1872 -2.11612
21.1872 -2.11612
21.1872 -2.11612
21.1872 -2.11612
21.1872 -2.11612
21.1872 -2.11612
21.1872 -2.11612
21.1872 -2.11612
21.1872 -2.11612
21.1872 -2.11612
21.1872 -2.11612
21.1872 -2.11612
21.1872 -2.11612
21.1872 -2.11612
21.1872 -2.11612
21.1872 -2.11612
21.1872 -2.11612
21.1872 -2.11612
21.1872 -2.11612
21.1872 -2.11612
21.1872 -2.11612
21.1872 -2.11612
21.1872 -2.11612
21.1872 -2.11612
21.1872 -2.11612
21.1872 -2.11612
21.1872 -2.11612
21.1872 -2.11612
21.1872 -2.11612
21.1872 -2.11612
21.1872 -2.11612
21.1872 -2.11612
21.1872 -2.11612
21.1872 -2.11612
21.1872 -2.11612
21.1872 -2.11612
21.1872 -2.11612
21.1872 -2.11612
21.1872 -2.11612
21.1872 -2.11612
21.1872 -2.11612
21.1872 -2.11612
21.1872 -2.11612
21.1872 -2.11612
21.1872 -2.11612
21.1872 -2.11612
21.1872 -2.11612
21.1872 -2.11612
21.1872 -2.11612
21.1872 -2.11612
21.1872 -2.11612
21.1872 -2.11612
21.1872 -2.11612
21.1872 -2.11612
21.1872 -2.11612
21.1872 -2.11612
21.1872 -2.11612
21.1872 -2.11612
21.1872 -2.11612
21.1872 -2.11612
21.1872 -2.11612
21.1872 -2.11612
21.1872 -2.11612
21.1872 -2.11612
21.1872 -2.11612
21.1872 -2.11612
21.1872 -2.11612
21.1872 -2.11612
21.1872 -2.11612
21.1872 -2.11612
21.1872 -2.11612
21.1872 -2.11612
21.1872 -2.11612
21.1872 -2.11612
21.1872 -2.11612
21.1872 -2.11612
21.1872 -2.11612
21.1872 -2.11612
21.1872 -2.11612
21.1872 -2.11612
21.1872 -2.11612
21.1872 -2.11612
21.1872 -2.11612
21.1872 -2.11612
21.1872 -2.11612
21.1872 -2.11612
21.1872 -2.11612
21.1872 -2.11612
22 -2