-15 -2
-15.1257 -1.98835
-15.3602 -1.90892
-15.5806 -1.78494
-15.8009 -1.66091
-16.0213 -1.53684
-16.2418 -1.41272
-16.4623 -1.28854
-16.6829 -1.16432
-16.9036 -1.04003
-17.1243 -0.915691
-17.3451 -0.791288
-17.5659 -0.66682
-17.7869 -0.542282
-18.0079 -0.417673
-18.229 -0.292986
-18.4502 -0.168219
-18.6715 -0.0433658
-18.8929 0.0815774
-19.1144 0.206603
-19.3174 0.352533
-19.5204 0.498463
-19.7234 0.644393
-19.9263 0.790323
-20.1293 0.936253
-20.3323 1.08218
-20.5353 1.22811
-20.7383 1.37404
-20.9413 1.51997
-21.1443 1.6659
-21.3473 1.81183
-21.5503 1.95776
-21.7532 2.10369
-21.9562 2.24962
-22.1592 2.39556
-22.3622 2.54149
-22.3805 2.55952
-22.3805 2.55952
-22.3805 2.55952
-22.3805 2.55952
-22.3805 2.55952
-22.3805 2.55952
-22.3805 2.55952
-22.3805 2.55952
-22.3805 2.55952
-22.3805 2.55952
-22.3805 2.55952
-22.3805 2.55952
-22.3805 2.55952
-22.3805 2.55952
-22.3805 2.55952
-22.3805 2.55952
-22.3805 2.55952
-22.3805 2.55952
-22.3805 2.55952
-22.3805 2.55952
-22.3805 2.55952
-22.3805 2.55952
-22.3805 2.55952
-22.3805 2.55952
-22.3805 2.55952
-22.3805 2.55952
-22.3805 2.55952
-22.3805 2.55952
-22.3805 2.55952
-22.3805 2.55952
-22.3805 2.55952
-22.3805 2.55952
-22.3805 2.55952
-22.3805 2.55952
-22.3805 2.55952
-22.3805 2.55952
-22.3805 2.55952
-22.3805 2.55952
-22.3805 2.55952
-22.3805 2.55952
-22.3805 2.55952
-22.3805 2.55952
-22.3805 2.55952
-22.3805 2.55952
-22.3805 2.55952
-22.3805 2.55952
-22.3805 2.55952
-22.3805 2.55952
-22.3805 2.55952
-22.3805 2.55952
-22.3805 2.55952
-22.3805 2.55952
-22.3805 2.55952
-22.3805 2.55952
-22.3805 2.55952
-22.3805 2.55952
-22.3805 2.55952
-22.3805 2.55952
-22.3805 2.55952
-22.3805 2.55952
-22.3805 2.55952
-22.3805 2.55952
-22.3805 2.55952
-22.3805 2.55952
-22.3805 2.55952
-22.3805 2.55952
-22.3805 2.55952
-22.3805 2.55952
-22.3805 2.55952
-22.3805 2.55952
-22.3805 2.55952
-22.3805 2.55952
-22.3805 2.55952
-22.3805 2.55952
-22.3805 2.55952
-22.3805 2.55952
-22.3805 2.55952
-22.3805 2.55952
-22.3805 2.55952
-22.3805 2.55952
-22.3805 2.55952
-22.3805 2.55952
-22.3805 2.55952
-22.3805 2.55952
-22.3805 2.55952
-22.3805 2.55952
-22.3805 2.55952
-22.3805 2.55952
-22.3805 2.55952
-22.3805 2.55952
-22.3805 2.55952
-22.3805 2.55952
-22.3805 2.55952
-22.3805 2.55952
-22.3805 2.55952
-22.3805 2.55952
-22.3805 2.55952
-22.3805 2.55952
-22.3805 2.55952
-22.3805 2.55952
-22.3805 2.55952
-22.3805 2.55952
-22.3805 2.55952
-22.3805 2.55952
-22.3805 2.55952
-22.3805 2.55952
-22.3805 2.55952
-22.3805 2.55952
-22.3805 2.55952
-22.3805 2.55952
-23 3