-5 19
-5.01067 18.8173
-5.08978 18.5908
-5.17928 18.3573
-5.26877 18.1239
-5.35827 17.8905
-5.44776 17.657
-5.53726 17.4236
-5.62675 17.1902
-5.71625 16.9567
-5.80575 16.7233
-5.89524 16.4899
-5.98474 16.2564
-6.07423 16.023
-6.16373 15.7896
-6.25322 15.5561
-6.34272 15.3227
-6.43221 15.0893
-6.52171 14.8558
-6.61121 14.6224
-6.7007 14.389
-6.7902 14.1555
-6.87969 13.9221
-6.96919 13.6887
-7.05868 13.4552
-7.14818 13.2218
-7.23767 12.9884
-7.32717 12.755
-7.41667 12.5215
-7.50616 12.2881
-7.59566 12.0547
-7.68515 11.8212
-7.68515 11.8212
-7.68515 11.8212
-7.68515 11.8212
-7.68515 11.8212
-7.68515 11.8212
-7.68515 11.8212
-7.68515 11.8212
-7.68515 11.8212
-7.68515 11.8212
-7.68515 11.8212
-7.68515 11.8212
-7.68515 11.8212
-7.68515 11.8212
-7.68515 11.8212
-7.68515 11.8212
-7.68515 11.8212
-7.68515 11.8212
-7.68515 11.8212
-7.68515 11.8212
-7.68515 11.8212
-7.68515 11.8212
-7.68515 11.8212
-7.68515 11.8212
-7.68515 11.8212
-7.68515 11.8212
-7.68515 11.8212
-7.68515 11.8212
-7.68515 11.8212
-7.68515 11.8212
-7.68515 11.8212
-7.68515 11.8212
-7.68515 11.8212
-7.68515 11.8212
-7.68515 11.8212
-7.68515 11.8212
-7.68515 11.8212
-7.68515 11.8212
-7.68515 11.8212
-7.68515 11.8212
-7.68515 11.8212
-7.68515 11.8212
-7.68515 11.8212
-7.68515 11.8212
-7.68515 11.8212
-7.68515 11.8212
-7.68515 11.8212
-7.68515 11.8212
-7.68515 11.8212
-7.68515 11.8212
-7.68515 11.8212
-7.68515 11.8212
-7.68515 11.8212
-7.68515 11.8212
-7.68515 11.8212
-7.68515 11.8212
-7.68515 11.8212
-7.68515 11.8212
-7.68515 11.8212
-7.68515 11.8212
-7.68515 11.8212
-7.68515 11.8212
-7.68515 11.8212
-7.68515 11.8212
-7.68515 11.8212
-7.68515 11.8212
-7.68515 11.8212
-7.68515 11.8212
-7.68515 11.8212
-7.68515 11.8212
-7.68515 11.8212
-7.68515 11.8212
-7.68515 11.8212
-7.68515 11.8212
-7.68515 11.8212
-7.68515 11.8212
-7.68515 11.8212
-7.68515 11.8212
-7.68515 11.8212
-7.68515 11.8212
-7.68515 11.8212
-7.68515 11.8212
-7.68515 11.8212
-7.68515 11.8212
-7.68515 11.8212
-7.68515 11.8212
-7.68515 11.8212
-7.68515 11.8212
-7.68515 11.8212
-7.68515 11.8212
-7.68515 11.8212
-7.68515 11.8212
-7.68515 11.8212
-7.68515 11.8212
-7.68515 11.8212
-7.68515 11.8212
-7.68515 11.8212
-7.68515 11.8212
-7.68515 11.8212
-7.68515 11.8212
-7.68515 11.8212
-7.68515 11.8212
-7.68515 11.8212
-7.68515 11.8212
-7.68515 11.8212
-7.68515 11.8212
-7.68515 11.8212
-7.68515 11.8212
-7.68515 11.8212
-7.68515 11.8212
-7.68515 11.8212
-7.68515 11.8212
-7.68515 11.8212
-7.68515 11.8212
-7.68515 11.8212
-8 11