-14 13
-13.9625 12.8469
-13.9656 12.6236
-13.9996 12.3759
-14.0337 12.1283
-14.0677 11.8806
-14.1018 11.6329
-14.1358 11.3853
-14.1699 11.1376
-14.2039 10.8899
-14.238 10.6422
-14.272 10.3946
-14.306 10.1469
-14.3401 9.89923
-14.3741 9.65155
-14.4082 9.40388
-14.4422 9.15621
-14.4763 8.90854
-14.5103 8.66087
-14.5444 8.4132
-14.5784 8.16553
-14.6125 7.91786
-14.6465 7.67019
-14.6806 7.42251
-14.7146 7.17484
-14.7486 6.92717
-14.7827 6.6795
-14.8167 6.43183
-14.8508 6.18416
-14.8848 5.93649
-14.9189 5.68882
-14.9529 5.44114
-14.987 5.19347
-15.021 4.9458
-15.0551 4.69813
-15.0891 4.45046
-15.1231 4.20279
-15.1572 3.95512
-15.1912 3.70745
-15.2253 3.45978
-15.2593 3.21211
-15.2934 2.96443
-15.3274 2.71676
-15.3615 2.46909
-15.3955 2.22142
-15.4296 1.97375
-15.4636 1.72608
-15.4977 1.47841
-15.5317 1.23074
-15.5657 0.983068
-15.5998 0.735397
-15.6338 0.487726
-15.6679 0.240055
-15.7019 -0.00761606
-15.736 -0.255287
-15.77 -0.502958
-15.8041 -0.750629
-15.8381 -0.9983
-15.8722 -1.24597
-15.9062 -1.49364
-15.9402 -1.74131
-15.9743 -1.98898
-16.0083 -2.23665
-16.0424 -2.48433
-16.0764 -2.732
-16.1105 -2.97967
-16.1445 -3.22734
-16.1786 -3.47501
-16.2126 -3.72268
-16.2467 -3.97035
-16.2807 -4.21802
-16.3148 -4.46569
-16.3488 -4.71336
-16.3828 -4.96103
-16.4169 -5.20871
-16.4509 -5.45638
-16.485 -5.70405
-16.519 -5.95172
-16.5531 -6.19939
-16.5871 -6.44706
-16.6212 -6.69473
-16.6552 -6.9424
-16.6893 -7.19007
-16.7233 -7.43775
-16.7574 -7.68542
-16.7914 -7.93309
-16.8254 -8.18076
-16.8595 -8.42843
-16.8935 -8.6761
-16.9276 -8.92377
-16.9616 -9.17144
-16.9957 -9.41912
-17.0297 -9.66679
-17.0638 -9.91446
-17.0978 -10.1621
-17.1319 -10.4098
-17.1659 -10.6575
-17.2 -10.9051
-17.234 -11.1528
-17.268 -11.4005
-17.3021 -11.6482
-17.3361 -11.8958
-17.3702 -12.1435
-17.4042 -12.3912
-17.4383 -12.6388
-17.4723 -12.8865
-17.5064 -13.1342
-17.5404 -13.3819
-17.5745 -13.6295
-17.6085 -13.8772
-17.6425 -14.1249
-17.6766 -14.3725
-17.7106 -14.6202
-17.7447 -14.8679
-17.7787 -15.1156
-17.8128 -15.3632
-17.8468 -15.6109
-17.8809 -15.8586
-17.9149 -16.1062
-17.949 -16.3539
-17.983 -16.6016
-18.017 -16.8492
-18.0511 -17.0969
-18.0851 -17.3446
-18.1192 -17.5923
-18.1532 -17.8399
-18.1873 -18.0876
-18.2213 -18.3353
-18.2554 -18.5829
-18.2894 -18.8306
-18.3235 -19.0783
-18.3575 -19.326
-18.3915 -19.5736
-18.4256 -19.8213
-18.4596 -20.069
-18.4937 -20.3166
-18.5277 -20.5643
-18.5618 -20.812
-18.5958 -21.0597
-18.6299 -21.3073
-18.6639 -21.555
-18.698 -21.8027
-18.732 -22.0503
-18.766 -22.298
-18.8001 -22.5457
-18.8341 -22.7934
-19 -24