-20 5
-19.9696 4.92028
-19.8159 4.76658
-19.6749 4.56696
-19.5339 4.36737
-19.393 4.16783
-19.2522 3.96833
-19.1114 3.76888
-18.9706 3.56947
-18.8299 3.3701
-18.6892 3.17078
-18.5486 2.97151
-18.4081 2.77229
-18.2676 2.57312
-18.1271 2.374
-17.9868 2.17493
-17.8464 1.97592
-17.7062 1.77696
-17.566 1.57805
-17.4258 1.37922
-17.3025 1.16177
-17.1791 0.944319
-17.0558 0.726869
-16.9324 0.509419
-16.8091 0.291969
-16.6857 0.0745195
-16.5624 -0.142931
-16.439 -0.360381
-16.3157 -0.577831
-16.1923 -0.795281
-16.069 -1.01273
-15.9456 -1.23018
-15.8223 -1.44763
-15.6989 -1.66508
-15.5756 -1.88253
-15.4522 -2.09998
-15.3289 -2.31743
-15.2055 -2.53488
-15.0822 -2.75233
-14.9588 -2.96978
-14.8355 -3.18723
-14.7121 -3.40468
-14.5888 -3.62213
-14.4654 -3.83958
-14.3421 -4.05703
-14.2187 -4.27448
-14.0954 -4.49193
-13.972 -4.70938
-13.8486 -4.92683
-13.7253 -5.14428
-13.6019 -5.36173
-13.4786 -5.57918
-13.3552 -5.79663
-13.2319 -6.01408
-13.1085 -6.23153
-12.9852 -6.44898
-12.8618 -6.66643
-12.7385 -6.88388
-12.6151 -7.10133
-12.4918 -7.31878
-12.3684 -7.53623
-12.2451 -7.75368
-12.1217 -7.97113
-11.9984 -8.18858
-11.875 -8.40603
-11.7517 -8.62348
-11.6283 -8.84093
-11.505 -9.05838
-11.3816 -9.27583
-11.2583 -9.49328
-11.1349 -9.71073
-11.0116 -9.92818
-10.8882 -10.1456
-10.7649 -10.3631
-10.6415 -10.5805
-10.5182 -10.798
-10.3948 -11.0154
-10.2715 -11.2329
-10.1481 -11.4503
-10.0248 -11.6678
-9.90141 -11.8852
-9.77806 -12.1027
-9.65471 -12.3201
-9.53136 -12.5376
-9.40801 -12.755
-9.28466 -12.9725
-9.16131 -13.1899
-9.03796 -13.4074
-8.9146 -13.6248
-8.79125 -13.8423
-8.6679 -14.0597
-8.54455 -14.2772
-8.4212 -14.4946
-8.29785 -14.7121
-8.1745 -14.9295
-8.05115 -15.147
-7.92779 -15.3644
-7.80444 -15.5819
-7.68109 -15.7993
-7.55774 -16.0168
-7.43439 -16.2342
-7.43439 -16.2342
-7.43439 -16.2342
-7.43439 -16.2342
-7.43439 -16.2342
-7.43439 -16.2342
-7.43439 -16.2342
-7.43439 -16.2342
-7.43439 -16.2342
-7.43439 -16.2342
-7.43439 -16.2342
-7.43439 -16.2342
-7.43439 -16.2342
-7.43439 -16.2342
-7.43439 -16.2342
-7.43439 -16.2342
-7.43439 -16.2342
-7.43439 -16.2342
-7.43439 -16.2342
-7.43439 -16.2342
-7.43439 -16.2342
-7.43439 -16.2342
-7.43439 -16.2342
-7.43439 -16.2342
-7.43439 -16.2342
-7.43439 -16.2342
-7.43439 -16.2342
-7.43439 -16.2342
-7.43439 -16.2342
-7.43439 -16.2342
-7.43439 -16.2342
-7.43439 -16.2342
-7.43439 -16.2342
-7.43439 -16.2342
-7.43439 -16.2342
-7.43439 -16.2342
-7.43439 -16.2342
-7.43439 -16.2342
-7.43439 -16.2342
-7.43439 -16.2342
-7.43439 -16.2342
-7.43439 -16.2342
-7.43439 -16.2342
-7.43439 -16.2342
-7.43439 -16.2342
-7.43439 -16.2342
-7 -17