-14 -16
-13.8346 -15.8125
-13.6692 -15.6251
-13.5038 -15.4376
-13.3384 -15.2502
-13.173 -15.0627
-13.0076 -14.8752
-12.8422 -14.6878
-12.6768 -14.5003
-12.5114 -14.3129
-12.3459 -14.1254
-12.1805 -13.9379
-12.0151 -13.7505
-11.8497 -13.563
-11.6843 -13.3756
-11.5189 -13.1881
-11.3535 -13.0007
-11.1881 -12.8132
-11.0227 -12.6257
-10.8573 -12.4383
-10.6919 -12.2508
-10.5265 -12.0634
-10.3611 -11.8759
-10.1957 -11.6884
-10.0303 -11.501
-9.86487 -11.3135
-9.69946 -11.1261
-9.53406 -10.9386
-9.36865 -10.7511
-9.20325 -10.5637
-9.03784 -10.3762
-8.87244 -10.1888
-8.70703 -10.0013
-8.54163 -9.81384
-8.37622 -9.62638
-8.21082 -9.43892
-8.04541 -9.25146
-7.88 -9.064
-7.7146 -8.87654
-7.54919 -8.68909
-7.38379 -8.50163
-7.21838 -8.31417
-7.05298 -8.12671
-6.88757 -7.93925
-6.72217 -7.75179
-6.55676 -7.56433
-6.39136 -7.37687
-6.22595 -7.18941
-6.06055 -7.00195
-5.89514 -6.81449
-5.72974 -6.62703
-5.56433 -6.43957
-5.39893 -6.25211
-5.23352 -6.06465
-5.06812 -5.8772
-4.90271 -5.68974
-4.7373 -5.50228
-4.5719 -5.31482
-4.40649 -5.12736
-4.24109 -4.9399
-4.07568 -4.75244
-3.91028 -4.56498
-3.74487 -4.37752
-3.57947 -4.19006
-3.41406 -4.0026
-3.24866 -3.81514
-3.08325 -3.62768
-2.91785 -3.44022
-2.75244 -3.25276
-2.58703 -3.0653
-2.42163 -2.87784
-2.25622 -2.69038
-2.09082 -2.50292
-1.92541 -2.31547
-1.76001 -2.12801
-1.5946 -1.94055
-1.4292 -1.75309
-1.26379 -1.56563
-1.09839 -1.37817
-0.93298 -1.19071
-0.767574 -1.00325
-0.602169 -0.81579
-0.436764 -0.62833
-0.271358 -0.440871
-0.105953 -0.253411
0.0594528 -0.0659518
0.224858 0.121508
0.390264 0.308967
0.555669 0.496427
0.721074 0.683886
0.88648 0.871345
1.05189 1.0588
1.21729 1.24626
1.3827 1.43372
1.5481 1.62118
1.71351 1.80864
1.87891 1.9961
2.04432 2.18356
2.20972 2.37102
2.37513 2.55848
2.54053 2.74594
2.70594 2.9334
2.87135 3.12086
3.03675 3.30832
3.20216 3.49578
3.36756 3.68324
3.53297 3.8707
3.69837 4.05816
3.86378 4.24562
4.02918 4.43308
4.19459 4.62053
4.35999 4.80799
4.5254 4.99545
4.6908 5.18291
4.85621 5.37037
5.02162 5.55783
5.18702 5.74529
5.35243 5.93275
5.51783 6.12021
5.68324 6.30767
5.84864 6.49513
6.01405 6.68259
6.17945 6.87005
6.34486 7.05751
6.51026 7.24497
6.67567 7.43243
6.84107 7.61989
7.00648 7.80735
7.17188 7.99481
7.33729 8.18226
7.50269 8.36972
7.6681 8.55718
7.83351 8.74464
7.99891 8.9321
8.16432 9.11956
8.32972 9.30702
8.49513 9.49448
8.66053 9.68194
8.82594 9.8694
8.99134 10.0569
9.15675 10.2443
9.32215 10.4318
9.48756 10.6192
9.65296 10.8067
9.81837 10.9942
9.98377 11.1816
10.1492 11.3691
10.3146 11.5565
10.48 11.744
10.6454 11.9314
10.8108 12.1189
10.9762 12.3064
11.1416 12.4938
11.307 12.6813
11.4724 12.8687
11.6378 13.0562
11.8032 13.2437
11.9686 13.4311
12.134 13.6186
12.2994 13.806
12.4649 13.9935
12.6303 14.181
12.7957 14.3684
12.9611 14.5559
13.1265 14.7433
13.2919 14.9308
13.4573 15.1183
13.6227 15.3057
13.7881 15.4932
13.9535 15.6806
14.1189 15.8681
14.2843 16.0556
14.4497 16.243
14.6151 16.4305
14.7805 16.6179
14.9459 16.8054
15.1113 16.9929
15.2767 17.1803
16 18