6 -21
6.0741 -20.7612
6.1482 -20.5225
6.2223 -20.2837
6.2964 -20.0449
6.3705 -19.8062
6.4446 -19.5674
6.5187 -19.3286
6.5928 -19.0899
6.6669 -18.8511
6.741 -18.6123
6.8151 -18.3736
6.8892 -18.1348
6.9633 -17.896
7.0374 -17.6573
7.1115 -17.4185
7.1856 -17.1797
7.2597 -16.941
7.3338 -16.7022
7.4079 -16.4635
7.482 -16.2247
7.5561 -15.9859
7.6302 -15.7472
7.7043 -15.5084
7.7784 -15.2696
7.8525 -15.0309
7.9266 -14.7921
8.0007 -14.5533
8.07479 -14.3146
8.14889 -14.0758
8.22299 -13.837
8.29709 -13.5983
8.37119 -13.3595
8.44529 -13.1207
8.51939 -12.882
8.59349 -12.6432
8.66759 -12.4044
8.74169 -12.1657
8.81579 -11.9269
8.88989 -11.6881
8.96399 -11.4494
9.03809 -11.2106
9.11219 -10.9718
9.18629 -10.7331
9.26039 -10.4943
9.33449 -10.2555
9.40859 -10.0168
9.48269 -9.77801
9.55679 -9.53925
9.63089 -9.30048
9.70498 -9.06171
9.77908 -8.82295
9.85318 -8.58418
9.92728 -8.34542
10.0014 -8.10665
10.0755 -7.86789
10.1496 -7.62912
10.2237 -7.39035
10.2978 -7.15159
10.3719 -6.91282
10.446 -6.67405
10.5201 -6.43529
10.5942 -6.19652
10.6683 -5.95776
10.7424 -5.71899
10.8165 -5.48022
10.8906 -5.24146
10.9647 -5.00269
11.0388 -4.76392
11.1129 -4.52516
11.187 -4.28639
11.2611 -4.04763
11.3352 -3.80886
11.4093 -3.57009
11.4834 -3.33133
11.5575 -3.09256
11.6316 -2.8538
11.7057 -2.61503
11.7798 -2.37626
11.8539 -2.1375
11.928 -1.89873
12.0021 -1.65997
12.0762 -1.4212
12.1503 -1.18243
12.2244 -0.943669
12.2985 -0.704903
12.3726 -0.466137
12.4467 -0.227371
12.5208 0.0113952
12.5949 0.250161
12.669 0.488927
12.7431 0.727693
12.8172 0.966459
12.8913 1.20523
12.9654 1.44399
13.0395 1.68276
13.1136 1.92152
13.1877 2.16029
13.2618 2.39906
13.3359 2.63782
13.41 2.87659
13.4841 3.11535
13.5582 3.35412
13.6323 3.59288
13.7064 3.83165
13.7805 4.07042
13.8546 4.30918
13.9287 4.54795
14.0028 4.78672
14.0769 5.02548
14.151 5.26425
14.2251 5.50301
14.2992 5.74178
14.3733 5.98055
14.4474 6.21931
14.5215 6.45808
14.5956 6.69684
14.6697 6.93561
14.7438 7.17438
14.854 7.23581
14.854 7.23581
14.854 7.23581
14.854 7.23581
14.854 7.23581
14.854 7.23581
14.854 7.23581
14.854 7.23581
14.854 7.23581
14.854 7.23581
14.854 7.23581
14.854 7.23581
14.854 7.23581
14.854 7.23581
14.854 7.23581
14.854 7.23581
14.854 7.23581
14.854 7.23581
14.854 7.23581
14.854 7.23581
14.854 7.23581
14.854 7.23581
14.854 7.23581
14.854 7.23581
14.854 7.23581
14.854 7.23581
14.854 7.23581
14.854 7.23581
14.854 7.23581
14.854 7.23581
14.854 7.23581
14.854 7.23581
14.854 7.23581
14.854 7.23581
14.854 7.23581
14.854 7.23581
14.854 7.23581
14.854 7.23581
14.854 7.23581
14.854 7.23581
14.854 7.23581
14.854 7.23581
14.854 7.23581
14.854 7.23581
14.854 7.23581
14.854 7.23581
14.854 7.23581
14.854 7.23581
14.854 7.23581
14.854 7.23581
14.854 7.23581
14.854 7.23581
14.854 7.23581
14.854 7.23581
14.854 7.23581
14.854 7.23581
14.854 7.23581
14.854 7.23581
14.854 7.23581
15 8