-2 10
-2.21437 9.87138
-2.42875 9.74275
-2.64312 9.61413
-2.85749 9.4855
-3.07187 9.35688
-3.28624 9.22826
-3.50061 9.09963
-3.71499 8.97101
-3.92936 8.84238
-4.14373 8.71376
-4.35811 8.58514
-4.57248 8.45651
-4.78685 8.32789
-5.00122 8.19926
-5.2156 8.07064
-5.42997 7.94202
-5.64434 7.81339
-5.85872 7.68477
-6.07309 7.55614
-6.28746 7.42752
-6.39542 7.36575
-6.44867 7.3351
-6.4742 7.31856
-6.48607 7.30881
-6.49152 7.30278
-6.49407 7.299
-6.49562 7.2967
-6.49665 7.29517
-6.49742 7.29402
-6.49806 7.29308
-6.49862 7.29224
-6.49915 7.29146
-6.49966 7.2907
-6.50016 7.28995
-6.50066 7.28922
-6.50115 7.28848
-6.50165 7.28775
-6.50214 7.28702
-6.50263 7.28629
-6.50312 7.28556
-6.50361 7.28483
-6.5041 7.2841
-6.50459 7.28337
-6.50508 7.28264
-6.50557 7.28192
-6.50606 7.28119
-6.50655 7.28046
-6.50704 7.27973
-6.50754 7.279
-6.50803 7.27827
-6.50852 7.27754
-6.50901 7.27681
-6.5095 7.27608
-6.50999 7.27535
-6.51048 7.27462
-6.51097 7.2739
-6.51146 7.27317
-6.51195 7.27244
-6.51244 7.27171
-6.51293 7.27098
-6.51342 7.27025
-6.51391 7.26952
-6.51441 7.26879
-6.5149 7.26806
-6.51539 7.26733
-6.51539 7.26733
-6.51539 7.26733
-6.51539 7.26733
-6.51539 7.26733
-6.51539 7.26733
-6.51539 7.26733
-6.51539 7.26733
-6.51539 7.26733
-6.51539 7.26733
-6.51539 7.26733
-6.51539 7.26733
-6.51539 7.26733
-6.51539 7.26733
-6.51539 7.26733
-6.51539 7.26733
-6.51539 7.26733
-6.51539 7.26733
-6.51539 7.26733
-6.51539 7.26733
-6.51539 7.26733
-6.51539 7.26733
-6.51539 7.26733
-6.51539 7.26733
-6.51539 7.26733
-6.51539 7.26733
-6.51539 7.26733
-6.51539 7.26733
-6.51539 7.26733
-6.51539 7.26733
-6.51539 7.26733
-6.51539 7.26733
-6.51539 7.26733
-6.51539 7.26733
-6.51539 7.26733
-6.51539 7.26733
-6.51539 7.26733
-6.51539 7.26733
-6.51539 7.26733
-6.51539 7.26733
-6.51539 7.26733
-6.51539 7.26733
-6.51539 7.26733
-6.51539 7.26733
-6.51539 7.26733
-6.51539 7.26733
-6.51539 7.26733
-6.51539 7.26733
-6.51539 7.26733
-6.51539 7.26733
-6.51539 7.26733
-6.51539 7.26733
-6.51539 7.26733
-6.51539 7.26733
-6.51539 7.26733
-6.51539 7.26733
-6.51539 7.26733
-6.51539 7.26733
-6.51539 7.26733
-6.51539 7.26733
-6.51539 7.26733
-6.51539 7.26733
-6.51539 7.26733
-6.51539 7.26733
-6.51539 7.26733
-6.51539 7.26733
-6.51539 7.26733
-6.51539 7.26733
-6.51539 7.26733
-6.51539 7.26733
-6.51539 7.26733
-6.51539 7.26733
-6.51539 7.26733
-6.51539 7.26733
-6.51539 7.26733
-6.51539 7.26733
-6.51539 7.26733
-6.51539 7.26733
-6.51539 7.26733
-6.51539 7.26733
-6.51539 7.26733
-6.51539 7.26733
-6.51539 7.26733
-6.51539 7.26733
-6.51539 7.26733
-6.51539 7.26733
-6.51539 7.26733
-6.51539 7.26733
-6.51539 7.26733
-6.51539 7.26733
-6.51539 7.26733
-6.51539 7.26733
-6.51539 7.26733
-6.51539 7.26733
-6.51539 7.26733
-6.51539 7.26733
-6.51539 7.26733
-6.51539 7.26733
-6.51539 7.26733
-6.51539 7.26733
-6.51539 7.26733
-6.51539 7.26733
-6.51539 7.26733
-6.51539 7.26733
-6.51539 7.26733
-6.51539 7.26733
-6.51539 7.26733
-6.51539 7.26733
-6.51539 7.26733
-6.51539 7.26733
-6.51539 7.26733
-6.51539 7.26733
-6.51539 7.26733
-7 7