8 0
7.85801 0.0726536
7.65011 0.211506
7.44222 0.350358
7.23433 0.489211
7.02643 0.628063
6.81854 0.766915
6.61064 0.905768
6.40275 1.04462
6.19485 1.18347
5.98696 1.32232
5.77907 1.46118
5.57117 1.60003
5.36328 1.73888
5.15538 1.87773
4.94749 2.01659
4.73959 2.15544
4.5317 2.29429
4.32381 2.43314
4.11591 2.572
3.90802 2.71085
3.70012 2.8497
3.49223 2.98855
3.28433 3.12741
3.07644 3.26626
2.86855 3.40511
2.66065 3.54396
2.45276 3.68282
2.24486 3.82167
2.03697 3.96052
1.82907 4.09937
1.62118 4.23822
1.41329 4.37708
1.20539 4.51593
0.997497 4.65478
0.789602 4.79363
0.581708 4.93249
0.373814 5.07134
0.16592 5.21019
-0.0419746 5.34905
-0.249869 5.4879
-0.457763 5.62675
-0.665657 5.7656
-0.873552 5.90445
-1.08145 6.04331
-1.28934 6.18216
-1.49723 6.32101
-1.70513 6.45986
-1.91302 6.59872
-2.12092 6.73757
-2.32881 6.87642
-2.53671 7.01527
-2.7446 7.15413
-2.95249 7.29298
-3.16039 7.43183
-3.36828 7.57068
-3.57618 7.70954
-3.78407 7.84839
-3.99197 7.98724
-4.19986 8.12609
-4.40775 8.26495
-4.61565 8.4038
-4.82354 8.54265
-5.03144 8.6815
-5.23933 8.82036
-5.44723 8.95921
-5.65512 9.09806
-5.86301 9.23691
-6.07091 9.37576
-6.2788 9.51462
-6.4867 9.65347
-6.69459 9.79232
-6.90249 9.93117
-7.11038 10.07
-7.31827 10.2089
-7.52617 10.3477
-7.73406 10.4866
-7.94196 10.6254
-8.14985 10.7643
-8.35775 10.9031
-8.56564 11.042
-8.77353 11.1808
-8.98143 11.3197
-9.18932 11.4585
-9.25596 11.5176
-9.25985 11.5224
-9.25985 11.5224
-9.25985 11.5224
-9.25985 11.5224
-9.25985 11.5224
-9.25985 11.5224
-9.25985 11.5224
-9.25985 11.5224
-9.25985 11.5224
-9.25985 11.5224
-9.25985 11.5224
-9.25985 11.5224
-9.25985 11.5224
-9.25985 11.5224
-9.25985 11.5224
-9.25985 11.5224
-9.25985 11.5224
-9.25985 11.5224
-9.25985 11.5224
-9.25985 11.5224
-9.25985 11.5224
-9.25985 11.5224
-9.25985 11.5224
-9.25985 11.5224
-9.25985 11.5224
-9.25985 11.5224
-9.25985 11.5224
-9.25985 11.5224
-9.25985 11.5224
-9.25985 11.5224
-9.25985 11.5224
-9.25985 11.5224
-9.25985 11.5224
-9.25985 11.5224
-9.25985 11.5224
-9.25985 11.5224
-9.25985 11.5224
-9.25985 11.5224
-9.25985 11.5224
-9.25985 11.5224
-9.25985 11.5224
-9.25985 11.5224
-9.25985 11.5224
-9.25985 11.5224
-9.25985 11.5224
-9.25985 11.5224
-9.25985 11.5224
-9.25985 11.5224
-9.25985 11.5224
-9.25985 11.5224
-9.25985 11.5224
-9.25985 11.5224
-9.25985 11.5224
-9.25985 11.5224
-9.25985 11.5224
-9.25985 11.5224
-9.25985 11.5224
-9.25985 11.5224
-9.25985 11.5224
-9.25985 11.5224
-9.25985 11.5224
-9.25985 11.5224
-9.25985 11.5224
-9.25985 11.5224
-9.25985 11.5224
-9.25985 11.5224
-9.25985 11.5224
-9.25985 11.5224
-9.25985 11.5224
-9.25985 11.5224
-9.25985 11.5224
-9.25985 11.5224
-9.25985 11.5224
-9.25985 11.5224
-9.25985 11.5224
-9.25985 11.5224
-9.25985 11.5224
-9.25985 11.5224
-9.25985 11.5224
-9.25985 11.5224
-9.25985 11.5224
-9.25985 11.5224
-9.25985 11.5224
-9.25985 11.5224
-9.25985 11.5224
-9.25985 11.5224
-9.25985 11.5224
-9.25985 11.5224
-9.25985 11.5224
-9.25985 11.5224
-9.25985 11.5224
-9.25985 11.5224
-9.25985 11.5224
-10 12