21 0
20.8965 -0.227592
20.7931 -0.455183
20.6896 -0.682775
20.5862 -0.910367
20.4827 -1.13796
20.3793 -1.36555
20.2758 -1.59314
20.1724 -1.82073
20.0689 -2.04832
19.9655 -2.27592
19.862 -2.50351
19.7586 -2.7311
19.6551 -2.95869
19.5517 -3.18628
19.4482 -3.41387
19.3448 -3.64147
19.2413 -3.86906
19.1379 -4.09665
19.0344 -4.32424
18.931 -4.55183
18.8275 -4.77942
18.7241 -5.00701
18.6206 -5.23461
18.5172 -5.4622
18.4137 -5.68979
18.3103 -5.91738
18.2068 -6.14497
18.1034 -6.37256
17.9999 -6.60015
17.8965 -6.82775
17.793 -7.05534
17.6896 -7.28293
17.5861 -7.51052
17.4827 -7.73811
17.3792 -7.9657
17.2758 -8.1933
17.1723 -8.42089
17.0689 -8.64848
16.9654 -8.87607
16.862 -9.10366
16.7585 -9.33125
16.6551 -9.55884
16.5516 -9.78644
16.4482 -10.014
16.3447 -10.2416
16.3447 -10.2416
16.3447 -10.2416
16.3447 -10.2416
16.3447 -10.2416
16.3447 -10.2416
16.3447 -10.2416
16.3447 -10.2416
16.3447 -10.2416
16.3447 -10.2416
16.3447 -10.2416
16.3447 -10.2416
16.3447 -10.2416
16.3447 -10.2416
16.3447 -10.2416
16.3447 -10.2416
16.3447 -10.2416
16.3447 -10.2416
16.3447 -10.2416
16.3447 -10.2416
16.3447 -10.2416
16.3447 -10.2416
16.3447 -10.2416
16.3447 -10.2416
16.3447 -10.2416
16.3447 -10.2416
16.3447 -10.2416
16.3447 -10.2416
16.3447 -10.2416
16.3447 -10.2416
16.3447 -10.2416
16.3447 -10.2416
16.3447 -10.2416
16.3447 -10.2416
16.3447 -10.2416
16.3447 -10.2416
16.3447 -10.2416
16.3447 -10.2416
16.3447 -10.2416
16.3447 -10.2416
16.3447 -10.2416
16.3447 -10.2416
16.3447 -10.2416
16.3447 -10.2416
16.3447 -10.2416
16.3447 -10.2416
16.3447 -10.2416
16.3447 -10.2416
16.3447 -10.2416
16.3447 -10.2416
16.3447 -10.2416
16.3447 -10.2416
16.3447 -10.2416
16.3447 -10.2416
16.3447 -10.2416
16.3447 -10.2416
16.3447 -10.2416
16.3447 -10.2416
16.3447 -10.2416
16.3447 -10.2416
16.3447 -10.2416
16.3447 -10.2416
16.3447 -10.2416
16.3447 -10.2416
16.3447 -10.2416
16.3447 -10.2416
16.3447 -10.2416
16.3447 -10.2416
16.3447 -10.2416
16.3447 -10.2416
16.3447 -10.2416
16.3447 -10.2416
16.3447 -10.2416
16.3447 -10.2416
16.3447 -10.2416
16.3447 -10.2416
16.3447 -10.2416
16.3447 -10.2416
16.3447 -10.2416
16.3447 -10.2416
16.3447 -10.2416
16.3447 -10.2416
16.3447 -10.2416
16.3447 -10.2416
16.3447 -10.2416
16.3447 -10.2416
16.3447 -10.2416
16.3447 -10.2416
16.3447 -10.2416
16.3447 -10.2416
16.3447 -10.2416
16.3447 -10.2416
16.3447 -10.2416
16.3447 -10.2416
16.3447 -10.2416
16.3447 -10.2416
16.3447 -10.2416
16.3447 -10.2416
16.3447 -10.2416
16.3447 -10.2416
16.3447 -10.2416
16.3447 -10.2416
16.3447 -10.2416
16.3447 -10.2416
16.3447 -10.2416
16.3447 -10.2416
16.3447 -10.2416
16.3447 -10.2416
16.3447 -10.2416
16.3447 -10.2416
16.3447 -10.2416
16.3447 -10.2416
16.3447 -10.2416
16.3447 -10.2416
16.3447 -10.2416
16.3447 -10.2416
16.3447 -10.2416
16.3447 -10.2416
16.3447 -10.2416
16.3447 -10.2416
16.3447 -10.2416
16.3447 -10.2416
16.3447 -10.2416
16.3447 -10.2416
16.3447 -10.2416
16.3447 -10.2416
16.3447 -10.2416
16.3447 -10.2416
16.3447 -10.2416
16.3447 -10.2416
16.3447 -10.2416
16.3447 -10.2416
16.3447 -10.2416
16 -11