-12 -25
-12.0665 -24.759
-12.133 -24.518
-12.1994 -24.277
-12.2659 -24.036
-12.3324 -23.795
-12.3989 -23.554
-12.4654 -23.313
-12.5319 -23.072
-12.5983 -22.831
-12.6648 -22.59
-12.7313 -22.349
-12.7978 -22.108
-12.8643 -21.867
-12.9308 -21.626
-12.9972 -21.385
-13.0637 -21.144
-13.1302 -20.903
-13.1967 -20.662
-13.2632 -20.4211
-13.3297 -20.1801
-13.3961 -19.9391
-13.4626 -19.6981
-13.5291 -19.4571
-13.5956 -19.2161
-13.6621 -18.9751
-13.7285 -18.7341
-13.795 -18.4931
-13.8615 -18.2521
-13.928 -18.0111
-13.9945 -17.7701
-14.061 -17.5291
-14.1274 -17.2881
-14.1939 -17.0471
-14.2604 -16.8061
-14.3269 -16.5651
-14.3934 -16.3241
-14.4599 -16.0831
-14.5263 -15.8421
-14.5928 -15.6011
-14.6593 -15.3601
-14.7258 -15.1191
-14.7923 -14.8781
-14.8587 -14.6371
-14.9252 -14.3961
-14.9917 -14.1551
-15.0582 -13.9141
-15.1247 -13.6731
-15.1912 -13.4321
-15.2576 -13.1911
-15.3241 -12.9501
-15.3906 -12.7091
-15.4571 -12.4681
-15.5236 -12.2271
-15.59 -11.9861
-15.6565 -11.7451
-15.723 -11.5041
-15.7895 -11.2631
-15.856 -11.0221
-15.9225 -10.7811
-15.9889 -10.5401
-16.0554 -10.2991
-16.1219 -10.0581
-16.1884 -9.81714
-16.2549 -9.57615
-16.3214 -9.33515
-16.3878 -9.09415
-16.4543 -8.85315
-16.5208 -8.61215
-16.5873 -8.37115
-16.6538 -8.13016
-16.7202 -7.88916
-16.7867 -7.64816
-16.8532 -7.40716
-16.9197 -7.16616
-16.9862 -6.92517
-17.0527 -6.68417
-17.1191 -6.44317
-17.1856 -6.20217
-17.2521 -5.96117
-17.3186 -5.72017
-17.3851 -5.47918
-17.4516 -5.23818
-17.518 -4.99718
-17.5845 -4.75618
-17.651 -4.51518
-17.7175 -4.27418
-17.784 -4.03319
-17.8505 -3.79219
-17.9169 -3.55119
-17.9834 -3.31019
-18.0499 -3.06919
-18.1164 -2.82819
-18.1829 -2.5872
-18.2493 -2.3462
-18.3158 -2.1052
-18.3823 -1.8642
-18.4488 -1.6232
-18.5153 -1.3822
-18.5818 -1.14121
-18.6482 -0.900208
-18.7147 -0.65921
-18.7812 -0.418211
-18.8477 -0.177213
-18.9142 0.0637854
-18.9806 0.304784
-19.0471 0.545782
-19.1136 0.78678
-19.1801 1.02778
-19.2466 1.26878
-19.313 1.50978
-19.3795 1.75077
-19.446 1.99177
-19.5125 2.23277
-19.579 2.47377
-19.6455 2.71477
-19.7119 2.95577
-19.7784 3.19676
-19.8246 3.26184
-19.8246 3.26184
-19.8246 3.26184
-19.8246 3.26184
-19.8246 3.26184
-19.8246 3.26184
-19.8246 3.26184
-19.8246 3.26184
-19.8246 3.26184
-19.8246 3.26184
-19.8246 3.26184
-19.8246 3.26184
-19.8246 3.26184
-19.8246 3.26184
-19.8246 3.26184
-19.8246 3.26184
-19.8246 3.26184
-19.8246 3.26184
-19.8246 3.26184
-19.8246 3.26184
-19.8246 3.26184
-19.8246 3.26184
-19.8246 3.26184
-19.8246 3.26184
-19.8246 3.26184
-19.8246 3.26184
-19.8246 3.26184
-19.8246 3.26184
-19.8246 3.26184
-19.8246 3.26184
-19.8246 3.26184
-19.8246 3.26184
-19.8246 3.26184
-19.8246 3.26184
-19.8246 3.26184
-19.8246 3.26184
-19.8246 3.26184
-19.8246 3.26184
-19.8246 3.26184
-19.8246 3.26184
-19.8246 3.26184
-19.8246 3.26184
-19.8246 3.26184
-19.8246 3.26184
-19.8246 3.26184
-19.8246 3.26184
-19.8246 3.26184
-19.8246 3.26184
-19.8246 3.26184
-19.8246 3.26184
-19.8246 3.26184
-19.8246 3.26184
-19.8246 3.26184
-19.8246 3.26184
-19.8246 3.26184
-19.8246 3.26184
-19.8246 3.26184
-19.8246 3.26184
-19.8246 3.26184
-19.8246 3.26184
-19.8246 3.26184
-19.8246 3.26184
-19.8246 3.26184
-19.8246 3.26184
-19.8246 3.26184
-19.8246 3.26184
-20 4