3 23
3.1118 22.7764
3.22361 22.5528
3.33541 22.3292
3.44721 22.1056
3.55902 21.882
3.67082 21.6584
3.78262 21.4348
3.89443 21.2112
4.00623 20.9875
4.11803 20.7639
4.22984 20.5403
4.34164 20.3167
4.45344 20.0931
4.56525 19.8695
4.67705 19.6459
4.78885 19.4223
4.90066 19.1987
5.01246 18.9751
5.12427 18.7515
5.23607 18.5279
5.34787 18.3043
5.45968 18.0807
5.57148 17.8571
5.68328 17.6335
5.79509 17.4098
5.90689 17.1862
6.01869 16.9626
6.1305 16.739
6.2423 16.5154
6.3541 16.2918
6.46591 16.0682
6.57771 15.8446
6.68951 15.621
6.80132 15.3974
6.91312 15.1738
7.02493 14.9502
7.13673 14.7266
7.24853 14.503
7.36034 14.2794
7.47214 14.0557
7.58394 13.8321
7.69575 13.6085
7.80755 13.3849
7.91935 13.1613
8.03116 12.9377
8.14296 12.7141
8.25476 12.4905
8.36657 12.2669
8.47837 12.0433
8.59017 11.8197
8.70197 11.5961
8.81378 11.3725
8.92558 11.1489
9.03738 10.9252
9.14919 10.7016
9.26099 10.478
9.37279 10.2544
9.4846 10.0308
9.5964 9.80721
9.7082 9.58361
9.82001 9.36
9.93181 9.13639
10.0436 8.91278
10.1554 8.68918
10.2672 8.46557
10.379 8.24196
10.4908 8.01836
10.6026 7.79475
10.7144 7.57114
10.8262 7.34754
10.938 7.12393
11.0498 6.90032
11.1616 6.67672
11.2734 6.45311
11.3852 6.2295
11.4971 6.0059
11.6089 5.78229
11.7207 5.55868
11.8325 5.33508
11.9443 5.11147
12.0561 4.88786
12.1679 4.66426
12.2797 4.44065
12.3915 4.21704
12.5033 3.99344
12.6151 3.76983
12.7269 3.54622
12.8387 3.32262
12.9505 3.09901
13.0623 2.8754
13.1741 2.6518
13.2859 2.42819
13.3977 2.20458
13.5095 1.98098
13.6213 1.75737
13.7331 1.53376
13.8449 1.31016
13.9567 1.08655
14.0685 0.862942
14.1803 0.639335
14.2921 0.415729
14.4039 0.192122
14.5157 -0.031485
14.6275 -0.255092
14.7393 -0.478699
14.8511 -0.702305
14.9629 -0.925912
15.0747 -1.14952
15.1866 -1.37313
15.2984 -1.59673
15.4102 -1.82034
15.522 -2.04395
15.6338 -2.26755
15.7456 -2.49116
15.8574 -2.71477
15.9692 -2.93837
16.081 -3.16198
16.1928 -3.38559
16.3046 -3.60919
16.4164 -3.8328
16.5282 -4.05641
16.64 -4.28001
16.7518 -4.50362
16.8636 -4.72723
16.9754 -4.95083
17.0872 -5.17444
17.199 -5.39805
17.3108 -5.62165
17.4226 -5.84526
17.5344 -6.06887
17.6462 -6.29247
17.758 -6.51608
17.8698 -6.73969
17.9816 -6.96329
18.0934 -7.1869
18.2052 -7.41051
18.317 -7.63411
18.4288 -7.85772
18.5406 -8.08133
18.6524 -8.30493
18.7643 -8.52854
18.8761 -8.75215
18.9879 -8.97575
19.0997 -9.19936
19.2115 -9.42297
19.3233 -9.64657
19.4351 -9.87018
19.5469 -10.0938
19.6587 -10.3174
19.7705 -10.541
19.8823 -10.7646
19.9941 -10.9882
20.1059 -11.2118
20.2177 -11.4354
20.3295 -11.659
20.4413 -11.8826
20.5531 -12.1062
20.6649 -12.3299
20.7767 -12.5535
20.8885 -12.7771
21.0003 -13.0007
21.1121 -13.2243
21.2239 -13.4479
21.3357 -13.6715
21.4475 -13.8951
21.5593 -14.1187
21.6711 -14.3423
21.7829 -14.5659
21.8947 -14.7895
22.0065 -15.0131
22.1184 -15.2367
22.2302 -15.4603
22.342 -15.6839
22.4538 -15.9075
22.5656 -16.1312
22.6774 -16.3548
22.7892 -16.5784
22.901 -16.802
23.0128 -17.0256
23.1246 -17.2492
23.2364 -17.4728
23.3482 -17.6964
23.46 -17.92
24 -19