19 -17
18.7647 -16.9155
18.5294 -16.8311
18.2941 -16.7466
18.0588 -16.6621
17.8235 -16.5777
17.5882 -16.4932
17.3529 -16.4087
17.1176 -16.3243
16.8823 -16.2398
16.647 -16.1553
16.4117 -16.0709
16.1764 -15.9864
15.9411 -15.9019
15.7058 -15.8175
15.4705 -15.733
15.2352 -15.6485
14.9999 -15.5641
14.7646 -15.4796
14.5293 -15.3951
14.294 -15.3107
14.0587 -15.2262
13.8234 -15.1417
13.5881 -15.0573
13.3528 -14.9728
13.1175 -14.8883
12.8822 -14.8039
12.6469 -14.7194
12.4116 -14.6349
12.1763 -14.5505
11.941 -14.466
11.7057 -14.3815
11.4704 -14.2971
11.2351 -14.2126
10.9998 -14.1281
10.7645 -14.0437
10.5292 -13.9592
10.2939 -13.8747
10.0586 -13.7903
9.82335 -13.7058
9.58805 -13.6214
9.35275 -13.5369
9.11745 -13.4524
8.88215 -13.368
8.64685 -13.2835
8.41155 -13.199
8.17625 -13.1146
7.94095 -13.0301
7.70566 -12.9456
7.47036 -12.8612
7.23506 -12.7767
6.99976 -12.6922
6.76446 -12.6078
6.52916 -12.5233
6.29386 -12.4388
6.05856 -12.3544
5.82327 -12.2699
5.58797 -12.1854
5.35267 -12.101
5.11737 -12.0165
4.88207 -11.932
4.64677 -11.8476
4.41147 -11.7631
4.17618 -11.6786
3.94088 -11.5942
3.70558 -11.5097
3.47028 -11.4252
3.23498 -11.3408
2.99968 -11.2563
2.76438 -11.1718
2.52909 -11.0874
2.29379 -11.0029
2.05849 -10.9184
1.82319 -10.834
1.58789 -10.7495
1.35259 -10.665
1.11729 -10.5806
0.881995 -10.4961
0.646696 -10.4116
0.411397 -10.3272
0.176099 -10.2427
-0.0591998 -10.1582
-0.294498 -10.0738
-0.529797 -9.98931
-0.765096 -9.90485
-1.00039 -9.82038
-1.23569 -9.73592
-1.47099 -9.65145
-1.70629 -9.56698
-1.94159 -9.48252
-2.17689 -9.39805
-2.41219 -9.31359
-2.64748 -9.22912
-2.88278 -9.14465
-3.11808 -9.06019
-3.35338 -8.97572
-3.58868 -8.89126
-3.82398 -8.80679
-4.05928 -8.72232
-4.29458 -8.63786
-4.52987 -8.55339
-4.76517 -8.46893
-5.00047 -8.38446
-5.23577 -8.29999
-5.47107 -8.21553
-5.70637 -8.13106
-5.94167 -8.0466
-6.17696 -7.96213
-6.41226 -7.87766
-6.64756 -7.7932
-6.88286 -7.70873
-7.11816 -7.62426
-7.35346 -7.5398
-7.58876 -7.45533
-7.82405 -7.37086
-8.05935 -7.2864
-8.29465 -7.20193
-8.52995 -7.11746
-8.76525 -7.033
-9.00055 -6.94853
-9.23584 -6.86407
-9.47114 -6.7796
-9.70644 -6.69513
-9.94174 -6.61067
-10.177 -6.5262
-10.4123 -6.44173
-10.6476 -6.35727
-10.8829 -6.2728
-11.1182 -6.18833
-11.3535 -6.10387
-11.5888 -6.0194
-11.8241 -5.93493
-12.0594 -5.85047
-12.2947 -5.766
-12.53 -5.68153
-12.7653 -5.59707
-13.0006 -5.5126
-13.2359 -5.42814
-13.4712 -5.34367
-13.7065 -5.2592
-13.9418 -5.17474
-14.1771 -5.09027
-14.4124 -5.0058
-14.6477 -4.92134
-14.883 -4.83687
-15.1183 -4.7524
-15.3536 -4.66794
-15.5889 -4.58347
-15.8242 -4.499
-16.0595 -4.41454
-16.2948 -4.33007
-16.5301 -4.24561
-16.7654 -4.16114
-17.0007 -4.07667
-17.236 -3.99221
-17.4713 -3.90774
-17.7066 -3.82327
-17.9419 -3.73881
-18.1772 -3.65434
-18.4125 -3.56988
-18.6478 -3.48541
-18.8831 -3.40094
-19.1184 -3.31648
-19.2014 -3.35297
-19.2014 -3.35297
-19.2014 -3.35297
-19.2014 -3.35297
-19.2014 -3.35297
-19.2014 -3.35297
-19.2014 -3.35297
-19.2014 -3.35297
-19.2014 -3.35297
-19.2014 -3.35297
-19.2014 -3.35297
-19.2014 -3.35297
-19.2014 -3.35297
-19.2014 -3.35297
-19.2014 -3.35297
-19.2014 -3.35297
-19.2014 -3.35297
-19.2014 -3.35297
-19.2014 -3.35297
-19.2014 -3.35297
-19.2014 -3.35297
-20 -3