-15 24
-14.9939 23.7501
-14.9878 23.5001
-14.9817 23.2502
-14.9756 23.0003
-14.9695 22.7504
-14.9634 22.5004
-14.9573 22.2505
-14.9512 22.0006
-14.9451 21.7507
-14.939 21.5007
-14.9329 21.2508
-14.9268 21.0009
-14.9208 20.751
-14.9147 20.501
-14.9086 20.2511
-14.9025 20.0012
-14.8964 19.7513
-14.8903 19.5013
-14.8842 19.2514
-14.8781 19.0015
-14.872 18.7516
-14.8659 18.5016
-14.8598 18.2517
-14.8537 18.0018
-14.8476 17.7519
-14.8415 17.5019
-14.8354 17.252
-14.8293 17.0021
-14.8232 16.7522
-14.8171 16.5022
-14.811 16.2523
-14.8049 16.0024
-14.7988 15.7525
-14.7927 15.5025
-14.7866 15.2526
-14.7805 15.0027
-14.7745 14.7528
-14.7684 14.5028
-14.7623 14.2529
-14.7562 14.003
-14.7501 13.753
-14.744 13.5031
-14.7379 13.2532
-14.7318 13.0033
-14.7257 12.7533
-14.7196 12.5034
-14.7135 12.2535
-14.7074 12.0036
-14.7013 11.7536
-14.6952 11.5037
-14.6891 11.2538
-14.683 11.0039
-14.6769 10.7539
-14.6708 10.504
-14.6647 10.2541
-14.6586 10.0042
-14.6525 9.75424
-14.6464 9.50431
-14.6403 9.25439
-14.6342 9.00446
-14.6282 8.75454
-14.6221 8.50461
-14.616 8.25469
-14.6099 8.00476
-14.6038 7.75484
-14.5977 7.50491
-14.5916 7.25498
-14.5855 7.00506
-14.5794 6.75513
-14.5733 6.50521
-14.5672 6.25528
-14.5611 6.00536
-14.555 5.75543
-14.5489 5.5055
-14.5428 5.25558
-14.5367 5.00565
-14.5306 4.75573
-14.5245 4.5058
-14.5184 4.25588
-14.5123 4.00595
-14.5062 3.75603
-14.5001 3.5061
-14.494 3.25617
-14.4879 3.00625
-14.4818 2.75632
-14.4758 2.5064
-14.4697 2.25647
-14.4636 2.00655
-14.4575 1.75662
-14.4514 1.50669
-14.4453 1.25677
-14.4392 1.00684
-14.4331 0.756918
-14.427 0.506992
-14.4209 0.257066
-14.4148 0.00714065
-14.4087 -0.242785
-14.4026 -0.492711
-14.3965 -0.742636
-14.3904 -0.992562
-14.3843 -1.24249
-14.3782 -1.49241
-14.3721 -1.74234
-14.366 -1.99226
-14.3599 -2.24219
-14.3538 -2.49212
-14.3477 -2.74204
-14.3416 -2.99197
-14.3355 -3.24189
-14.3295 -3.49182
-14.3234 -3.74174
-14.3173 -3.99167
-14.3112 -4.2416
-14.3051 -4.49152
-14.299 -4.74145
-14.2929 -4.99137
-14.2868 -5.2413
-14.2807 -5.49122
-14.2746 -5.74115
-14.2685 -5.99107
-14.2624 -6.241
-14.2563 -6.49093
-14.2502 -6.74085
-14.2441 -6.99078
-14.238 -7.2407
-14.2319 -7.49063
-14.2258 -7.74055
-14.2197 -7.99048
-14.2136 -8.24041
-14.2075 -8.49033
-14.2014 -8.74026
-14.1954 -8.99018
-14.1893 -9.24011
-14.1832 -9.49003
-14.1771 -9.73996
-14.171 -9.98988
-14.1649 -10.2398
-14.1588 -10.4897
-14.1527 -10.7397
-14.1466 -10.9896
-14.1405 -11.2395
-14.1344 -11.4894
-14.1283 -11.7394
-14.1222 -11.9893
-14.1161 -12.2392
-14.11 -12.4891
-14.1039 -12.7391
-14.0978 -12.989
-14.0917 -13.2389
-14.0856 -13.4888
-14.0795 -13.7388
-14.0734 -13.9887
-14.0673 -14.2386
-14.0613 -14.4885
-14.0552 -14.7385
-14.0491 -14.9884
-14.043 -15.2383
-14.0369 -15.4882
-14.0308 -15.7382
-14.0247 -15.9881
-14.0186 -16.238
-14.0186 -16.238
-14.0186 -16.238
-14.0186 -16.238
-14.0186 -16.238
-14.0186 -16.238
-14.0186 -16.238
-14.0186 -16.238
-14.0186 -16.238
-14.0186 -16.238
-14.0186 -16.238
-14.0186 -16.238
-14.0186 -16.238
-14.0186 -16.238
-14.0186 -16.238
-14.0186 -16.238
-14.0186 -16.238
-14.0186 -16.238
-14.0186 -16.238
-14.0186 -16.238
-14.0186 -16.238
-14.0186 -16.238
-14.0186 -16.238
-14 -17