16 0
15.896 0.149197
15.7066 0.312307
15.5171 0.475417
15.3277 0.638528
15.1382 0.801638
14.9487 0.964748
14.7593 1.12786
14.5698 1.29097
14.3804 1.45408
14.1909 1.61719
14.0014 1.7803
13.812 1.94341
13.6225 2.10652
13.4331 2.26963
13.2436 2.43274
13.0541 2.59585
12.8647 2.75896
12.6752 2.92207
12.4858 3.08518
12.2963 3.24829
12.1068 3.4114
11.9174 3.57451
11.7279 3.73762
11.5385 3.90073
11.349 4.06384
11.1595 4.22695
10.9701 4.39006
10.7806 4.55317
10.5912 4.71628
10.4017 4.87939
10.2123 5.0425
10.0228 5.20562
9.83333 5.36873
9.64387 5.53184
9.45441 5.69495
9.26495 5.85806
9.07549 6.02117
8.88603 6.18428
8.69657 6.34739
8.50711 6.5105
8.31765 6.67361
8.12819 6.83672
7.93873 6.99983
7.74927 7.16294
7.55981 7.32605
7.37035 7.48916
7.18089 7.65227
6.99143 7.81538
6.80197 7.97849
6.61251 8.1416
6.42305 8.30471
6.23359 8.46782
6.04414 8.63093
5.85468 8.79404
5.66522 8.95715
5.47576 9.12026
5.2863 9.28337
5.09684 9.44649
4.90738 9.6096
4.71792 9.77271
4.52846 9.93582
4.339 10.0989
4.14954 10.262
3.96008 10.4251
3.77062 10.5883
3.58116 10.7514
3.3917 10.9145
3.20224 11.0776
3.01278 11.2407
2.82332 11.4038
2.63386 11.5669
2.4444 11.73
2.25494 11.8931
2.06548 12.0562
1.87602 12.2194
1.68656 12.3825
1.4971 12.5456
1.30764 12.7087
1.11818 12.8718
0.92872 13.0349
0.73926 13.198
0.5498 13.3611
0.36034 13.5242
0.17088 13.6874
-0.0185795 13.8505
-0.208039 14.0136
-0.397499 14.1767
-0.586959 14.3398
-0.776419 14.5029
-0.965879 14.666
-1.15534 14.8291
-1.3448 14.9922
-1.53426 15.1553
-1.72372 15.3185
-1.91318 15.4816
-2.10264 15.6447
-2.2921 15.8078
-2.48156 15.9709
-2.67102 16.134
-2.86048 16.2971
-3.04994 16.4602
-3.2394 16.6233
-3.42886 16.7864
-3.61832 16.9496
-3.80778 17.1127
-3.99724 17.2758
-4.1867 17.4389
-4.37616 17.602
-4.56562 17.7651
-4.75508 17.9282
-4.94454 18.0913
-5.134 18.2544
-5.32346 18.4176
-5.32346 18.4176
-5.32346 18.4176
-5.32346 18.4176
-5.32346 18.4176
-5.32346 18.4176
-5.32346 18.4176
-5.32346 18.4176
-5.32346 18.4176
-5.32346 18.4176
-5.32346 18.4176
-5.32346 18.4176
-5.32346 18.4176
-5.32346 18.4176
-5.32346 18.4176
-5.32346 18.4176
-5.32346 18.4176
-5.32346 18.4176
-5.32346 18.4176
-5.32346 18.4176
-5.32346 18.4176
-5.32346 18.4176
-5.32346 18.4176
-5.32346 18.4176
-5.32346 18.4176
-5.32346 18.4176
-5.32346 18.4176
-5.32346 18.4176
-5.32346 18.4176
-5.32346 18.4176
-5.32346 18.4176
-5.32346 18.4176
-5.32346 18.4176
-5.32346 18.4176
-5.32346 18.4176
-5.32346 18.4176
-5.32346 18.4176
-5.32346 18.4176
-5.32346 18.4176
-5.32346 18.4176
-5.32346 18.4176
-5.32346 18.4176
-5.32346 18.4176
-5.32346 18.4176
-5.32346 18.4176
-5.32346 18.4176
-5.32346 18.4176
-5.32346 18.4176
-5.32346 18.4176
-5.32346 18.4176
-5.32346 18.4176
-5.32346 18.4176
-5.32346 18.4176
-5.32346 18.4176
-5.32346 18.4176
-5.32346 18.4176
-5.32346 18.4176
-5.32346 18.4176
-5.32346 18.4176
-5.32346 18.4176
-5.32346 18.4176
-5.32346 18.4176
-5.32346 18.4176
-5.32346 18.4176
-5.32346 18.4176
-5.32346 18.4176
-5.32346 18.4176
-5.32346 18.4176
-5.32346 18.4176
-5.32346 18.4176
-5.32346 18.4176
-5.32346 18.4176
-5.32346 18.4176
-5.32346 18.4176
-5.32346 18.4176
-5.32346 18.4176
-5.32346 18.4176
-5.32346 18.4176
-5.32346 18.4176
-5.32346 18.4176
-5.32346 18.4176
-5.32346 18.4176
-5.32346 18.4176
-5.32346 18.4176
-5.32346 18.4176
-5.32346 18.4176
-5.32346 18.4176
-5.32346 18.4176
-5.32346 18.4176
-5.32346 18.4176
-5.32346 18.4176
-5.32346 18.4176
-5.32346 18.4176
-5.32346 18.4176
-5.32346 18.4176
-5.32346 18.4176
-5.32346 18.4176
-5.32346 18.4176
-5.32346 18.4176
-5.32346 18.4176
-5.32346 18.4176
-5.32346 18.4176
-5.32346 18.4176
-5.32346 18.4176
-5.32346 18.4176
-6 19