-18 18
-17.7512 17.9751
-17.5025 17.9502
-17.2537 17.9254
-17.005 17.9005
-16.7562 17.8756
-16.5074 17.8507
-16.2587 17.8259
-16.0099 17.801
-15.7612 17.7761
-15.5124 17.7512
-15.2636 17.7264
-15.0149 17.7015
-14.7661 17.6766
-14.5174 17.6517
-14.2686 17.6269
-14.0198 17.602
-13.7711 17.5771
-13.5223 17.5522
-13.2736 17.5274
-13.0248 17.5025
-12.776 17.4776
-12.5273 17.4527
-12.2785 17.4279
-12.0298 17.403
-11.781 17.3781
-11.5323 17.3532
-11.2835 17.3284
-11.0347 17.3035
-10.786 17.2786
-10.5372 17.2537
-10.2885 17.2289
-10.0397 17.204
-9.79094 17.1791
-9.54218 17.1542
-9.29342 17.1294
-9.04466 17.1045
-8.7959 17.0796
-8.54714 17.0547
-8.29838 17.0299
-8.04962 17.005
-7.80086 16.9801
-7.5521 16.9552
-7.30334 16.9303
-7.05458 16.9055
-6.80583 16.8806
-6.55707 16.8557
-6.30831 16.8308
-6.05955 16.806
-5.81079 16.7811
-5.56203 16.7562
-5.31327 16.7313
-5.06451 16.7065
-4.81575 16.6816
-4.56699 16.6567
-4.31823 16.6318
-4.06947 16.607
-3.82071 16.5821
-3.57195 16.5572
-3.3232 16.5323
-3.07444 16.5075
-2.82568 16.4826
-2.57692 16.4577
-2.32816 16.4328
-2.0794 16.408
-1.83064 16.3831
-1.58188 16.3582
-1.33312 16.3333
-1.08436 16.3085
-0.835603 16.2836
-0.586843 16.2587
-0.338084 16.2338
-0.089325 16.209
0.159434 16.1841
0.408194 16.1592
0.656953 16.1343
0.905712 16.1095
1.15447 16.0846
1.40323 16.0597
1.65199 16.0348
1.90075 16.0099
2.14951 15.9851
2.39827 15.9602
2.64703 15.9353
2.89579 15.9104
3.14455 15.8856
3.3933 15.8607
3.64206 15.8358
3.89082 15.8109
4.13958 15.7861
4.38834 15.7612
4.6371 15.7363
4.88586 15.7114
5.13462 15.6866
5.38338 15.6617
5.63214 15.6368
5.8809 15.6119
6.12966 15.587
6.37842 15.5622
6.62717 15.5373
6.87593 15.5124
7.12469 15.4875
7.37345 15.4627
7.62221 15.4378
7.87097 15.4129
8.11973 15.388
8.36849 15.3632
8.61725 15.3383
8.86601 15.3134
9.11477 15.2885
9.36353 15.2637
9.61229 15.2388
9.86104 15.2139
10.1098 15.189
10.3586 15.1641
10.6073 15.1393
10.8561 15.1144
11.1048 15.0895
11.1048 15.0895
11.1048 15.0895
11.1048 15.0895
11.1048 15.0895
11.1048 15.0895
11.1048 15.0895
11.1048 15.0895
11.1048 15.0895
11.1048 15.0895
11.1048 15.0895
11.1048 15.0895
11.1048 15.0895
11.1048 15.0895
11.1048 15.0895
11.1048 15.0895
11.1048 15.0895
11.1048 15.0895
11.1048 15.0895
11.1048 15.0895
11.1048 15.0895
11.1048 15.0895
11.1048 15.0895
11.1048 15.0895
11.1048 15.0895
11.1048 15.0895
11.1048 15.0895
11.1048 15.0895
11.1048 15.0895
11.1048 15.0895
11.1048 15.0895
11.1048 15.0895
11.1048 15.0895
11.1048 15.0895
11.1048 15.0895
11.1048 15.0895
11.1048 15.0895
11.1048 15.0895
11.1048 15.0895
11.1048 15.0895
11.1048 15.0895
11.1048 15.0895
11.1048 15.0895
11.1048 15.0895
11.1048 15.0895
11.1048 15.0895
11.1048 15.0895
11.1048 15.0895
11.1048 15.0895
11.1048 15.0895
11.1048 15.0895
11.1048 15.0895
11.1048 15.0895
11.1048 15.0895
11.1048 15.0895
11.1048 15.0895
11.1048 15.0895
11.1048 15.0895
11.1048 15.0895
11.1048 15.0895
11.1048 15.0895
11.1048 15.0895
11.1048 15.0895
11.1048 15.0895
11.1048 15.0895
11.1048 15.0895
11.1048 15.0895
11.1048 15.0895
11.1048 15.0895
11.1048 15.0895
11.1048 15.0895
11.1048 15.0895
11.1048 15.0895
11.1048 15.0895
11.1048 15.0895
11.1048 15.0895
11.1048 15.0895
11.1048 15.0895
11.1048 15.0895
11.1048 15.0895
11.1048 15.0895
11.1048 15.0895
11.1048 15.0895
11.1048 15.0895
11.1048 15.0895
11.1048 15.0895
11.1048 15.0895
11.1048 15.0895
11.1048 15.0895
11.1048 15.0895
11.1048 15.0895
11.1048 15.0895
11.1048 15.0895
11.1048 15.0895
11.1048 15.0895
11.1048 15.0895
11.1048 15.0895
11.1048 15.0895
11.1048 15.0895
11.1048 15.0895
11.1048 15.0895
12 15