-17 -25
-16.8102 -24.8373
-16.6204 -24.6746
-16.4306 -24.5119
-16.2407 -24.3492
-16.0509 -24.1865
-15.8611 -24.0238
-15.6713 -23.8611
-15.4815 -23.6984
-15.2917 -23.5357
-15.1019 -23.373
-14.912 -23.2103
-14.7222 -23.0476
-14.5324 -22.8849
-14.3426 -22.7222
-14.1528 -22.5595
-13.963 -22.3968
-13.7732 -22.2341
-13.5833 -22.0714
-13.3935 -21.9087
-13.2037 -21.746
-13.0139 -21.5833
-12.8241 -21.4206
-12.6343 -21.2579
-12.4445 -21.0952
-12.2546 -20.9325
-12.0648 -20.7698
-11.875 -20.6071
-11.6852 -20.4444
-11.4954 -20.2817
-11.3056 -20.119
-11.1158 -19.9563
-10.9259 -19.7936
-10.7361 -19.631
-10.5463 -19.4683
-10.3565 -19.3056
-10.1667 -19.1429
-9.97687 -18.9802
-9.78705 -18.8175
-9.59724 -18.6548
-9.40742 -18.4921
-9.21761 -18.3294
-9.02779 -18.1667
-8.83798 -18.004
-8.64816 -17.8413
-8.45835 -17.6786
-8.26853 -17.5159
-8.07872 -17.3532
-7.88891 -17.1905
-7.69909 -17.0278
-7.50928 -16.8651
-7.31946 -16.7024
-7.12965 -16.5397
-6.93984 -16.377
-6.75002 -16.2143
-6.56021 -16.0516
-6.37039 -15.8889
-6.18058 -15.7262
-5.99077 -15.5635
-5.80095 -15.4008
-5.61114 -15.2381
-5.42132 -15.0754
-5.23151 -14.9127
-5.04169 -14.75
-4.85188 -14.5873
-4.66207 -14.4246
-4.47225 -14.2619
-4.28244 -14.0992
-4.09262 -13.9365
-3.90281 -13.7738
-3.713 -13.6111
-3.52318 -13.4484
-3.33337 -13.2857
-3.14355 -13.123
-2.95374 -12.9603
-2.76393 -12.7976
-2.57411 -12.6349
-2.3843 -12.4722
-2.19448 -12.3095
-2.00467 -12.1468
-1.81485 -11.9841
-1.62504 -11.8215
-1.43523 -11.6588
-1.24541 -11.4961
-1.0556 -11.3334
-0.865784 -11.1707
-0.67597 -11.008
-0.486156 -10.8453
-0.296341 -10.6826
-0.106527 -10.5199
0.0832871 -10.3572
0.273101 -10.1945
0.462915 -10.0318
0.65273 -9.86908
0.842544 -9.70638
1.03236 -9.54368
1.22217 -9.38098
1.41199 -9.21829
1.6018 -9.05559
1.79162 -8.89289
1.98143 -8.73019
2.17124 -8.5675
2.36106 -8.4048
2.55087 -8.2421
2.74069 -8.0794
2.9305 -7.9167
3.12031 -7.75401
3.31013 -7.59131
3.49994 -7.42861
3.68976 -7.26591
3.87957 -7.10322
4.06938 -6.94052
4.2592 -6.77782
4.44901 -6.61512
4.63883 -6.45242
4.82864 -6.28973
5.01846 -6.12703
5.20827 -5.96433
5.39808 -5.80163
5.5879 -5.63894
5.77771 -5.47624
5.96753 -5.31354
6.15734 -5.15084
6.34715 -4.98814
6.53697 -4.82545
6.72678 -4.66275
6.9166 -4.50005
7.10641 -4.33735
7.29622 -4.17465
7.48604 -4.01196
7.67585 -3.84926
7.86567 -3.68656
8.05548 -3.52386
8.2453 -3.36117
8.43511 -3.19847
8.62492 -3.03577
8.81474 -2.87307
9.00455 -2.71037
9.19437 -2.54768
9.38418 -2.38498
9.574 -2.22228
9.76381 -2.05958
9.95363 -1.89689
10.1434 -1.73419
10.3333 -1.57149
10.5231 -1.40879
10.7129 -1.24609
10.9027 -1.0834
11.0925 -0.920699
11.2823 -0.758001
11.4721 -0.595304
11.662 -0.432606
11.8518 -0.269908
12.0416 -0.10721
12.2314 0.0554878
12.4212 0.218186
12.611 0.380883
12.8008 0.543581
12.9907 0.706279
13.1805 0.868977
13.3703 1.03167
13.5601 1.19437
13.7499 1.35707
13.9397 1.51977
14.1295 1.68247
14.3194 1.84516
14.5092 2.00786
14.699 2.17056
14.8888 2.33326
15.0786 2.49596
15.2684 2.65865
15.4582 2.82135
15.6481 2.98405
15.8379 3.14675
16.0277 3.30944
16.2175 3.47214
16.4073 3.63484
16.5971 3.79754
16.7869 3.96024
16.9768 4.12293
17.1666 4.28563
17.3564 4.44833
17.5462 4.61103
17.736 4.77372
17.9258 4.93642
18.1156 5.09912
18.3055 5.26182
18.4953 5.42452
18.6851 5.58721
18.8749 5.74991
19.0647 5.91261
19.2545 6.07531
19.4443 6.238
19.6341 6.4007
19.824 6.5634
20.0138 6.7261
20.2036 6.8888
20.3934 7.05149
20.5832 7.21419
20.773 7.37689
20.9628 7.53959
21.1527 7.70228
21.3425 7.86498
21.5323 8.02768
21.7221 8.19038
21.9119 8.35308
22.1017 8.51577
22.2915 8.67847
22.4814 8.84117
22.6712 9.00387
22.861 9.16656
23.0508 9.32926
23.2406 9.49196
23.4304 9.65466
23.6202 9.81736
23.8101 9.98005
23.9999 10.1427
24.1897 10.3054
25 11