4 2
3.98219 1.75064
3.96438 1.50127
3.94656 1.25191
3.92875 1.00254
3.91094 0.753177
3.89313 0.503812
3.87532 0.254448
3.85751 0.00508283
3.83969 -0.244282
3.82188 -0.493647
3.80407 -0.743011
3.78626 -0.992376
3.76845 -1.24174
3.75064 -1.49111
3.73282 -1.74047
3.71501 -1.98983
3.6972 -2.2392
3.67939 -2.48856
3.66158 -2.73793
3.64376 -2.98729
3.62595 -3.23666
3.60814 -3.48602
3.59033 -3.73539
3.57252 -3.98475
3.55471 -4.23412
3.53689 -4.48348
3.51908 -4.73285
3.50127 -4.98221
3.48346 -5.23158
3.46565 -5.48094
3.44783 -5.73031
3.43002 -5.97967
3.41221 -6.22903
3.3944 -6.4784
3.37659 -6.72776
3.35878 -6.97713
3.34096 -7.22649
3.32315 -7.47586
3.30534 -7.72522
3.28753 -7.97459
3.26972 -8.22395
3.25191 -8.47332
3.23409 -8.72268
3.21628 -8.97205
3.19847 -9.22141
3.18066 -9.47078
3.16285 -9.72014
3.14503 -9.96951
3.12722 -10.2189
3.10941 -10.4682
3.0916 -10.7176
3.07379 -10.967
3.05598 -11.2163
3.10885 -11.2851
3.13301 -11.309
3.13875 -11.3141
3.13875 -11.3141
3.13875 -11.3141
3.13875 -11.3141
3.13875 -11.3141
3.13875 -11.3141
3.13875 -11.3141
3.13875 -11.3141
3.13875 -11.3141
3.13875 -11.3141
3.13875 -11.3141
3.13875 -11.3141
3.13875 -11.3141
3.13875 -11.3141
3.13875 -11.3141
3.13875 -11.3141
3.13875 -11.3141
3.13875 -11.3141
3.13875 -11.3141
3.13875 -11.3141
3.13875 -11.3141
3.13875 -11.3141
3.13875 -11.3141
3.13875 -11.3141
3.13875 -11.3141
3.13875 -11.3141
3.13875 -11.3141
3.13875 -11.3141
3.13875 -11.3141
3.13875 -11.3141
3.13875 -11.3141
3.13875 -11.3141
3.13875 -11.3141
3.13875 -11.3141
3.13875 -11.3141
3.13875 -11.3141
3.13875 -11.3141
3.13875 -11.3141
3.13875 -11.3141
3.13875 -11.3141
3.13875 -11.3141
3.13875 -11.3141
3.13875 -11.3141
3.13875 -11.3141
3.13875 -11.3141
3.13875 -11.3141
3.13875 -11.3141
3.13875 -11.3141
3.13875 -11.3141
3.13875 -11.3141
3.13875 -11.3141
3.13875 -11.3141
3.13875 -11.3141
3.13875 -11.3141
3.13875 -11.3141
3.13875 -11.3141
3.13875 -11.3141
3.13875 -11.3141
3.13875 -11.3141
3.13875 -11.3141
3.13875 -11.3141
3.13875 -11.3141
3.13875 -11.3141
3.13875 -11.3141
3.13875 -11.3141
3.13875 -11.3141
3.13875 -11.3141
3.13875 -11.3141
3.13875 -11.3141
3.13875 -11.3141
3.13875 -11.3141
3.13875 -11.3141
3.13875 -11.3141
3.13875 -11.3141
3.13875 -11.3141
3.13875 -11.3141
3.13875 -11.3141
3.13875 -11.3141
3.13875 -11.3141
3.13875 -11.3141
3.13875 -11.3141
3.13875 -11.3141
3.13875 -11.3141
3.13875 -11.3141
3.13875 -11.3141
3.13875 -11.3141
3.13875 -11.3141
3.13875 -11.3141
3.13875 -11.3141
3.13875 -11.3141
3.13875 -11.3141
3.13875 -11.3141
3.13875 -11.3141
3.13875 -11.3141
3.13875 -11.3141
3.13875 -11.3141
3.13875 -11.3141
3.13875 -11.3141
3.13875 -11.3141
3.13875 -11.3141
3.13875 -11.3141
3.13875 -11.3141
3.13875 -11.3141
3.13875 -11.3141
3.13875 -11.3141
3.13875 -11.3141
3.13875 -11.3141
3.13875 -11.3141
3.13875 -11.3141
3.13875 -11.3141
3.13875 -11.3141
3.13875 -11.3141
3.13875 -11.3141
3.13875 -11.3141
3.13875 -11.3141
3.13875 -11.3141
3.13875 -11.3141
3.13875 -11.3141
3.13875 -11.3141
3.13875 -11.3141
3.13875 -11.3141
3.13875 -11.3141
3.13875 -11.3141
3.13875 -11.3141
3.13875 -11.3141
3.13875 -11.3141
3.13875 -11.3141
3.13875 -11.3141
3.13875 -11.3141
3.13875 -11.3141
3.13875 -11.3141
3.13875 -11.3141
3.13875 -11.3141
3.13875 -11.3141
3.13875 -11.3141
3.13875 -11.3141
3.13875 -11.3141
3.13875 -11.3141
3.13875 -11.3141
3.13875 -11.3141
3.13875 -11.3141
3.13875 -11.3141
3.13875 -11.3141
3.13875 -11.3141
3.13875 -11.3141
3.13875 -11.3141
3.13875 -11.3141
3.13875 -11.3141
3.13875 -11.3141
3.13875 -11.3141
3.13875 -11.3141
3.13875 -11.3141
3.13875 -11.3141
3.13875 -11.3141
3.13875 -11.3141
3.13875 -11.3141
3.13875 -11.3141
3.13875 -11.3141
3.13875 -11.3141
3.13875 -11.3141
3.13875 -11.3141
3.13875 -11.3141
3 -12