1 20
0.852957 19.7978
0.705914 19.5956
0.558871 19.3934
0.411828 19.1913
0.264785 18.9891
0.117742 18.7869
-0.0293005 18.5847
-0.176343 18.3825
-0.323386 18.1803
-0.470429 17.9782
-0.617472 17.776
-0.764515 17.5738
-0.911558 17.3716
-1.0586 17.1694
-1.20564 16.9672
-1.35269 16.765
-1.49973 16.5629
-1.64677 16.3607
-1.79382 16.1585
-1.94086 15.9563
-2.0879 15.7541
-2.23495 15.5519
-2.38199 15.3498
-2.52903 15.1476
-2.67607 14.9454
-2.82312 14.7432
-2.97016 14.541
-3.1172 14.3388
-3.26425 14.1367
-3.41129 13.9345
-3.55833 13.7323
-3.70537 13.5301
-3.85242 13.3279
-3.99946 13.1257
-4.1465 12.9236
-4.29355 12.7214
-4.44059 12.5192
-4.58763 12.317
-4.73467 12.1148
-4.88172 11.9126
-5.02876 11.7104
-5.1758 11.5083
-5.32285 11.3061
-5.46989 11.1039
-5.61693 10.9017
-5.76397 10.6995
-5.91102 10.4973
-6.05806 10.2952
-6.2051 10.093
-6.35215 9.8908
-6.49919 9.68861
-6.64623 9.48643
-6.79327 9.28424
-6.94032 9.08206
-7.08736 8.87988
-7.2344 8.67769
-7.38144 8.47551
-7.52849 8.27333
-7.67553 8.07114
-7.82257 7.86896
-7.96962 7.66677
-8.11666 7.46459
-8.2637 7.26241
-8.41074 7.06022
-8.55779 6.85804
-8.70483 6.65585
-8.85187 6.45367
-8.99892 6.25148
-9.14596 6.0493
-9.293 5.84712
-9.44005 5.64493
-9.58709 5.44275
-9.73413 5.24056
-9.88118 5.03838
-10.0282 4.83619
-10.1753 4.63401
-10.3223 4.43183
-10.4693 4.22964
-10.6164 4.02746
-10.7634 3.82527
-10.9105 3.62309
-11.0575 3.42091
-11.2046 3.21872
-11.3516 3.01654
-11.4987 2.81435
-11.6457 2.61217
-11.7927 2.40999
-11.9398 2.2078
-12.0868 2.00562
-12.2339 1.80343
-12.3809 1.60125
-12.528 1.39907
-12.675 1.19688
-12.822 0.994698
-12.9691 0.792514
-13.1161 0.59033
-13.2632 0.388146
-13.4102 0.185962
-13.5573 -0.0162226
-13.7043 -0.218407
-13.8513 -0.420591
-13.9984 -0.622775
-14.1454 -0.824959
-14.2925 -1.02714
-14.4395 -1.22933
-14.4395 -1.22933
-14.4395 -1.22933
-14.4395 -1.22933
-14.4395 -1.22933
-14.4395 -1.22933
-14.4395 -1.22933
-14.4395 -1.22933
-14.4395 -1.22933
-14.4395 -1.22933
-14.4395 -1.22933
-14.4395 -1.22933
-14.4395 -1.22933
-14.4395 -1.22933
-14.4395 -1.22933
-14.4395 -1.22933
-14.4395 -1.22933
-14.4395 -1.22933
-14.4395 -1.22933
-14.4395 -1.22933
-14.4395 -1.22933
-14.4395 -1.22933
-14.4395 -1.22933
-14.4395 -1.22933
-14.4395 -1.22933
-14.4395 -1.22933
-14.4395 -1.22933
-14.4395 -1.22933
-14.4395 -1.22933
-14.4395 -1.22933
-14.4395 -1.22933
-14.4395 -1.22933
-14.4395 -1.22933
-14.4395 -1.22933
-14.4395 -1.22933
-14.4395 -1.22933
-14.4395 -1.22933
-14.4395 -1.22933
-14.4395 -1.22933
-14.4395 -1.22933
-14.4395 -1.22933
-14.4395 -1.22933
-14.4395 -1.22933
-14.4395 -1.22933
-14.4395 -1.22933
-14.4395 -1.22933
-14.4395 -1.22933
-14.4395 -1.22933
-14.4395 -1.22933
-14.4395 -1.22933
-14.4395 -1.22933
-14.4395 -1.22933
-14.4395 -1.22933
-14.4395 -1.22933
-14.4395 -1.22933
-14.4395 -1.22933
-14.4395 -1.22933
-14.4395 -1.22933
-14.4395 -1.22933
-14.4395 -1.22933
-14.4395 -1.22933
-14.4395 -1.22933
-14.4395 -1.22933
-14.4395 -1.22933
-14.4395 -1.22933
-14.4395 -1.22933
-14.4395 -1.22933
-14.4395 -1.22933
-14.4395 -1.22933
-14.4395 -1.22933
-14.4395 -1.22933
-14.4395 -1.22933
-14.4395 -1.22933
-14.4395 -1.22933
-14.4395 -1.22933
-14.4395 -1.22933
-14.4395 -1.22933
-14.4395 -1.22933
-14.4395 -1.22933
-14.4395 -1.22933
-14.4395 -1.22933
-14.4395 -1.22933
-14.4395 -1.22933
-14.4395 -1.22933
-14.4395 -1.22933
-14.4395 -1.22933
-14.4395 -1.22933
-14.4395 -1.22933
-14.4395 -1.22933
-14.4395 -1.22933
-14.4395 -1.22933
-14.4395 -1.22933
-14.4395 -1.22933
-14.4395 -1.22933
-14.4395 -1.22933
-14.4395 -1.22933
-14.4395 -1.22933
-14.4395 -1.22933
-14.4395 -1.22933
-14.4395 -1.22933
-14.4395 -1.22933
-14.4395 -1.22933
-14.4395 -1.22933
-14.4395 -1.22933
-14.4395 -1.22933
-14.4395 -1.22933
-14.4395 -1.22933
-14.4395 -1.22933
-14.4395 -1.22933
-14.4395 -1.22933
-14.4395 -1.22933
-14.4395 -1.22933
-14.4395 -1.22933
-15 -2