19 18
18.8638 17.7904
18.7275 17.5808
18.5913 17.3712
18.455 17.1616
18.3188 16.952
18.1825 16.7423
18.0463 16.5327
17.91 16.3231
17.7738 16.1135
17.6375 15.9039
17.5013 15.6943
17.365 15.4847
17.2288 15.2751
17.0925 15.0655
16.9563 14.8558
16.82 14.6462
16.6838 14.4366
16.5475 14.227
16.4113 14.0174
16.275 13.8078
16.1388 13.5982
16.0026 13.3886
15.8663 13.179
15.7301 12.9693
15.5938 12.7597
15.4576 12.5501
15.3213 12.3405
15.1851 12.1309
15.0488 11.9213
14.9126 11.7117
14.7763 11.5021
14.6401 11.2925
14.5038 11.0828
14.3676 10.8732
14.2313 10.6636
14.0951 10.454
13.9589 10.2444
13.8226 10.0348
13.6864 9.82518
13.5501 9.61557
13.4139 9.40596
13.2776 9.19635
13.1414 8.98674
13.0051 8.77713
12.8689 8.56751
12.7326 8.3579
12.5964 8.14829
12.4601 7.93868
12.3239 7.72907
12.1876 7.51946
12.0514 7.30985
11.9152 7.10024
11.7789 6.89063
11.6427 6.68102
11.5064 6.47141
11.3702 6.26179
11.2339 6.05218
11.0977 5.84257
10.9614 5.63296
10.8252 5.42335
10.6889 5.21374
10.5527 5.00413
10.4164 4.79452
10.2802 4.58491
10.1439 4.3753
10.0077 4.16568
9.87145 3.95607
9.7352 3.74646
9.59896 3.53685
9.46271 3.32724
9.32646 3.11763
9.19022 2.90802
9.05397 2.69841
8.91772 2.4888
8.78147 2.27919
8.64523 2.06958
8.50898 1.85996
8.37273 1.65035
8.23648 1.44074
8.10024 1.23113
7.96399 1.02152
7.82774 0.81191
7.6915 0.602299
7.55525 0.392688
7.419 0.183078
7.28275 -0.0265333
7.14651 -0.236144
7.01026 -0.445755
6.87401 -0.655366
6.73777 -0.864977
6.60152 -1.07459
6.46527 -1.2842
6.3976 -1.2839
6.3976 -1.2839
6.3976 -1.2839
6.3976 -1.2839
6.3976 -1.2839
6.3976 -1.2839
6.3976 -1.2839
6.3976 -1.2839
6.3976 -1.2839
6.3976 -1.2839
6.3976 -1.2839
6.3976 -1.2839
6.3976 -1.2839
6.3976 -1.2839
6.3976 -1.2839
6.3976 -1.2839
6.3976 -1.2839
6.3976 -1.2839
6.3976 -1.2839
6.3976 -1.2839
6.3976 -1.2839
6.3976 -1.2839
6.3976 -1.2839
6.3976 -1.2839
6.3976 -1.2839
6.3976 -1.2839
6.3976 -1.2839
6.3976 -1.2839
6.3976 -1.2839
6.3976 -1.2839
6.3976 -1.2839
6.3976 -1.2839
6.3976 -1.2839
6.3976 -1.2839
6.3976 -1.2839
6.3976 -1.2839
6.3976 -1.2839
6.3976 -1.2839
6.3976 -1.2839
6.3976 -1.2839
6.3976 -1.2839
6.3976 -1.2839
6.3976 -1.2839
6.3976 -1.2839
6.3976 -1.2839
6.3976 -1.2839
6.3976 -1.2839
6.3976 -1.2839
6.3976 -1.2839
6.3976 -1.2839
6.3976 -1.2839
6.3976 -1.2839
6.3976 -1.2839
6.3976 -1.2839
6.3976 -1.2839
6.3976 -1.2839
6.3976 -1.2839
6.3976 -1.2839
6.3976 -1.2839
6.3976 -1.2839
6.3976 -1.2839
6.3976 -1.2839
6.3976 -1.2839
6.3976 -1.2839
6.3976 -1.2839
6.3976 -1.2839
6.3976 -1.2839
6.3976 -1.2839
6.3976 -1.2839
6.3976 -1.2839
6.3976 -1.2839
6.3976 -1.2839
6.3976 -1.2839
6.3976 -1.2839
6.3976 -1.2839
6.3976 -1.2839
6.3976 -1.2839
6.3976 -1.2839
6.3976 -1.2839
6.3976 -1.2839
6.3976 -1.2839
6.3976 -1.2839
6.3976 -1.2839
6.3976 -1.2839
6.3976 -1.2839
6.3976 -1.2839
6.3976 -1.2839
6.3976 -1.2839
6.3976 -1.2839
6.3976 -1.2839
6.3976 -1.2839
6 -2