-16 22
-15.9146 21.7651
-15.8291 21.5301
-15.7437 21.2952
-15.6583 21.0602
-15.5728 20.8253
-15.4874 20.5903
-15.4019 20.3554
-15.3165 20.1204
-15.2311 19.8855
-15.1456 19.6505
-15.0602 19.4156
-14.9748 19.1806
-14.8893 18.9457
-14.8039 18.7107
-14.7185 18.4758
-14.633 18.2408
-14.5476 18.0059
-14.4622 17.7709
-14.3767 17.536
-14.2913 17.301
-14.2058 17.0661
-14.1204 16.8311
-14.035 16.5962
-13.9495 16.3612
-13.8641 16.1263
-13.7787 15.8913
-13.6932 15.6564
-13.6078 15.4214
-13.5224 15.1865
-13.4369 14.9515
-13.3515 14.7166
-13.2661 14.4816
-13.1806 14.2467
-13.0952 14.0117
-13.0097 13.7768
-12.9243 13.5418
-12.8389 13.3069
-12.7534 13.0719
-12.668 12.837
-12.5826 12.602
-12.4971 12.3671
-12.4117 12.1322
-12.3263 11.8972
-12.2408 11.6623
-12.1554 11.4273
-12.07 11.1924
-11.9845 10.9574
-11.8991 10.7225
-11.8136 10.4875
-11.7282 10.2526
-11.6428 10.0176
-11.5573 9.78267
-11.4719 9.54772
-11.3865 9.31278
-11.301 9.07783
-11.2156 8.84288
-11.1302 8.60793
-11.0447 8.37298
-10.9593 8.13803
-10.8738 7.90309
-10.7884 7.66814
-10.703 7.43319
-10.6175 7.19824
-10.5321 6.96329
-10.4467 6.72835
-10.3612 6.4934
-10.2758 6.25845
-10.1904 6.0235
-10.1049 5.78855
-10.0195 5.55361
-9.93405 5.31866
-9.84862 5.08371
-9.76318 4.84876
-9.67775 4.61381
-9.59231 4.37886
-9.50687 4.14392
-9.42144 3.90897
-9.336 3.67402
-9.25057 3.43907
-9.16513 3.20412
-9.07969 2.96917
-8.99426 2.73423
-8.90882 2.49928
-8.82339 2.26433
-8.73795 2.02938
-8.65252 1.79443
-8.56708 1.55948
-8.48164 1.32454
-8.39621 1.08959
-8.31077 0.854639
-8.22534 0.61969
-8.1399 0.384742
-8.05446 0.149793
-7.96903 -0.0851549
-7.88359 -0.320103
-7.79816 -0.555052
-7.71272 -0.79
-7.62729 -1.02495
-7.54185 -1.2599
-7.45641 -1.49485
-7.37098 -1.72979
-7.28554 -1.96474
-7.20011 -2.19969
-7.11467 -2.43464
-7.02923 -2.66959
-6.9438 -2.90454
-6.85836 -3.13948
-6.77293 -3.37443
-6.68749 -3.60938
-6.60205 -3.84433
-6.51662 -4.07928
-6.43118 -4.31423
-6.34575 -4.54917
-6.26031 -4.78412
-6.17488 -5.01907
-6.08944 -5.25402
-6.004 -5.48897
-5.91857 -5.72392
-5.83313 -5.95886
-5.7477 -6.19381
-5.66226 -6.42876
-5.57682 -6.66371
-5.49139 -6.89866
-5.40595 -7.13361
-5.32052 -7.36856
-5.23508 -7.6035
-5.14964 -7.83845
-5.06421 -8.0734
-4.97877 -8.30835
-4.89334 -8.5433
-4.8079 -8.77824
-4.72247 -9.01319
-4.63703 -9.24814
-4.55159 -9.48309
-4.46616 -9.71804
-4.38072 -9.95299
-4.29529 -10.1879
-4.20985 -10.4229
-4.12442 -10.6578
-4.03898 -10.8928
-3.95355 -11.1277
-3.86811 -11.3627
-3.78268 -11.5976
-3.69724 -11.8326
-3.6118 -12.0675
-3.52637 -12.3025
-3.44093 -12.5374
-3.3555 -12.7724
-3.27006 -13.0073
-3.18463 -13.2423
-3.09919 -13.4772
-3.01375 -13.7122
-2.92832 -13.9471
-2.84288 -14.1821
-2.75745 -14.417
-2.67201 -14.6519
-2.58658 -14.8869
-2.50114 -15.1218
-2.41571 -15.3568
-2.33027 -15.5917
-2.24483 -15.8267
-2.1594 -16.0616
-2.07396 -16.2966
-1.98853 -16.5315
-1.90309 -16.7665
-1.81766 -17.0014
-1.73222 -17.2364
-1.64678 -17.4713
-1.56135 -17.7063
-1.47591 -17.9412
-1.39048 -18.1762
-1.30504 -18.4111
-1.21961 -18.6461
-1.13417 -18.881
-1.04874 -19.116
-0.9633 -19.3509
-0.877864 -19.5859
-0.792428 -19.8208
-0.706992 -20.0558
-0.621556 -20.2907
-0.536121 -20.5257
-0.450685 -20.7606
-0.365249 -20.9956
0 -22