-2 1
-1.82322 0.823223
-1.64645 0.646447
-1.46967 0.46967
-1.29289 0.292893
-1.11612 0.116116
-0.93934 -0.0606602
-0.762563 -0.237437
-0.585787 -0.414214
-0.40901 -0.59099
-0.232233 -0.767767
-0.0554566 -0.944544
0.12132 -1.12132
0.298097 -1.2981
0.474874 -1.47487
0.65165 -1.65165
0.828427 -1.82843
1.0052 -2.0052
1.18198 -2.18198
1.35876 -2.35876
1.53553 -2.53553
1.71231 -2.71231
1.88909 -2.88909
2.06586 -3.06586
2.24264 -3.24264
2.41942 -3.41942
2.59619 -3.59619
2.77297 -3.77297
2.94975 -3.94975
3.12652 -4.12652
3.3033 -4.3033
3.48008 -4.48008
3.65685 -4.65685
3.83363 -4.83363
4.01041 -5.01041
4.18718 -5.18718
4.36396 -5.36396
4.54074 -5.54074
4.71751 -5.71752
4.89429 -5.89429
5.07107 -6.07107
5.24785 -6.24785
5.42462 -6.42462
5.6014 -6.6014
5.77818 -6.77818
5.95495 -6.95495
6.13173 -7.13173
6.30851 -7.30851
6.48528 -7.48528
6.66206 -7.66206
6.83884 -7.83884
7.01561 -8.01561
7.19239 -8.19239
7.36917 -8.36917
7.54594 -8.54595
7.72272 -8.72272
7.8995 -8.8995
8.07627 -9.07628
8.25305 -9.25305
8.42983 -9.42983
8.42983 -9.42983
8.42983 -9.42983
8.42983 -9.42983
8.42983 -9.42983
8.42983 -9.42983
8.42983 -9.42983
8.42983 -9.42983
8.42983 -9.42983
8.42983 -9.42983
8.42983 -9.42983
8.42983 -9.42983
8.42983 -9.42983
8.42983 -9.42983
8.42983 -9.42983
8.42983 -9.42983
8.42983 -9.42983
8.42983 -9.42983
8.42983 -9.42983
8.42983 -9.42983
8.42983 -9.42983
8.42983 -9.42983
8.42983 -9.42983
8.42983 -9.42983
8.42983 -9.42983
8.42983 -9.42983
8.42983 -9.42983
8.42983 -9.42983
8.42983 -9.42983
8.42983 -9.42983
8.42983 -9.42983
8.42983 -9.42983
8.42983 -9.42983
8.42983 -9.42983
8.42983 -9.42983
8.42983 -9.42983
8.42983 -9.42983
8.42983 -9.42983
8.42983 -9.42983
8.42983 -9.42983
8.42983 -9.42983
8.42983 -9.42983
8.42983 -9.42983
8.42983 -9.42983
8.42983 -9.42983
8.42983 -9.42983
8.42983 -9.42983
8.42983 -9.42983
8.42983 -9.42983
8.42983 -9.42983
8.42983 -9.42983
8.42983 -9.42983
8.42983 -9.42983
8.42983 -9.42983
8.42983 -9.42983
8.42983 -9.42983
8.42983 -9.42983
8.42983 -9.42983
8.42983 -9.42983
8.42983 -9.42983
8.42983 -9.42983
8.42983 -9.42983
8.42983 -9.42983
8.42983 -9.42983
8.42983 -9.42983
8.42983 -9.42983
8.42983 -9.42983
8.42983 -9.42983
8.42983 -9.42983
8.42983 -9.42983
8.42983 -9.42983
8.42983 -9.42983
8.42983 -9.42983
8.42983 -9.42983
8.42983 -9.42983
8.42983 -9.42983
8.42983 -9.42983
8.42983 -9.42983
8.42983 -9.42983
8.42983 -9.42983
8.42983 -9.42983
8.42983 -9.42983
8.42983 -9.42983
8.42983 -9.42983
8.42983 -9.42983
8.42983 -9.42983
8.42983 -9.42983
8.42983 -9.42983
8.42983 -9.42983
8.42983 -9.42983
8.42983 -9.42983
8.42983 -9.42983
8.42983 -9.42983
8.42983 -9.42983
8.42983 -9.42983
8.42983 -9.42983
8.42983 -9.42983
8.42983 -9.42983
8.42983 -9.42983
8.42983 -9.42983
8.42983 -9.42983
8.42983 -9.42983
8.42983 -9.42983
8.42983 -9.42983
8.42983 -9.42983
8.42983 -9.42983
8.42983 -9.42983
8.42983 -9.42983
8.42983 -9.42983
8.42983 -9.42983
8.42983 -9.42983
8.42983 -9.42983
8.42983 -9.42983
8.42983 -9.42983
8.42983 -9.42983
8.42983 -9.42983
8.42983 -9.42983
8.42983 -9.42983
8.42983 -9.42983
8.42983 -9.42983
8.42983 -9.42983
8.42983 -9.42983
8.42983 -9.42983
8.42983 -9.42983
8.42983 -9.42983
9 -10