10 6
9.80541 6.10952
9.57371 6.20342
9.34202 6.29733
9.11032 6.39123
8.87863 6.48514
8.64694 6.57904
8.41524 6.67294
8.18355 6.76685
7.95185 6.86075
7.72016 6.95465
7.48847 7.04856
7.25677 7.14246
7.02508 7.23636
6.79339 7.33027
6.56169 7.42417
6.33 7.51807
6.0983 7.61198
5.86661 7.70588
5.63492 7.79978
5.40322 7.89369
5.17153 7.98759
4.93984 8.0815
4.70814 8.1754
4.47645 8.2693
4.24475 8.36321
4.01306 8.45711
3.78137 8.55101
3.54967 8.64492
3.31798 8.73882
3.08628 8.83272
2.85459 8.92663
2.6229 9.02053
2.3912 9.11443
2.15951 9.20834
1.92781 9.30224
1.69612 9.39614
1.46443 9.49005
1.23273 9.58395
1.00104 9.67786
0.769345 9.77176
0.537651 9.86566
0.305957 9.95957
0.0742631 10.0535
-0.157431 10.1474
-0.389125 10.2413
-0.620819 10.3352
-0.852513 10.4291
-1.08421 10.523
-1.3159 10.6169
-1.54759 10.7108
-1.77929 10.8047
-2.01098 10.8986
-2.24268 10.9925
-2.47437 11.0864
-2.70606 11.1803
-2.93776 11.2742
-3.16945 11.3681
-3.40115 11.462
-3.63284 11.5559
-3.86453 11.6498
-4.09623 11.7437
-4.32792 11.8376
-4.55962 11.9315
-4.79131 12.0254
-5.023 12.1193
-5.2547 12.2133
-5.48639 12.3072
-5.71808 12.4011
-5.94978 12.495
-6.18147 12.5889
-6.41317 12.6828
-6.64486 12.7767
-6.87655 12.8706
-7.10825 12.9645
-7.33994 13.0584
-7.57163 13.1523
-7.80333 13.2462
-8.03502 13.3401
-8.26672 13.434
-8.49841 13.5279
-8.7301 13.6218
-8.9618 13.7157
-9.19349 13.8096
-9.42519 13.9035
-9.65688 13.9974
-9.88858 14.0913
-10.1203 14.1852
-10.352 14.2791
-10.5837 14.373
-10.8154 14.4669
-11.047 14.5608
-11.2787 14.6547
-11.5104 14.7486
-11.7421 14.8426
-11.9738 14.9365
-12.2055 15.0304
-12.4372 15.1243
-12.6689 15.2182
-12.9006 15.3121
-13.1323 15.406
-13.364 15.4999
-13.5957 15.5938
-13.8274 15.6877
-14.0591 15.7816
-14.2908 15.8755
-14.5225 15.9694
-14.7542 16.0633
-14.9858 16.1572
-15.2175 16.2511
-15.4492 16.345
-15.6809 16.4389
-15.9126 16.5328
-16.1443 16.6267
-16.376 16.7206
-16.6077 16.8145
-16.8394 16.9084
-17.0711 17.0023
-17.3028 17.0963
-17.5345 17.1902
-17.7662 17.2841
-17.9979 17.378
-18.2296 17.4719
-18.4613 17.5658
-18.6929 17.6597
-18.9246 17.7536
-19.1563 17.8475
-19.388 17.9414
-19.6197 18.0353
-19.8514 18.1292
-20.0831 18.2231
-20.3148 18.317
-20.5465 18.4109
-20.7782 18.5048
-21.0099 18.5987
-21.2416 18.6926
-21.2416 18.6926
-21.2416 18.6926
-21.2416 18.6926
-21.2416 18.6926
-21.2416 18.6926
-21.2416 18.6926
-21.2416 18.6926
-21.2416 18.6926
-21.2416 18.6926
-21.2416 18.6926
-21.2416 18.6926
-21.2416 18.6926
-21.2416 18.6926
-21.2416 18.6926
-21.2416 18.6926
-21.2416 18.6926
-21.2416 18.6926
-21.2416 18.6926
-21.2416 18.6926
-21.2416 18.6926
-21.2416 18.6926
-21.2416 18.6926
-21.2416 18.6926
-21.2416 18.6926
-21.2416 18.6926
-21.2416 18.6926
-21.2416 18.6926
-21.2416 18.6926
-21.2416 18.6926
-21.2416 18.6926
-21.2416 18.6926
-21.2416 18.6926
-21.2416 18.6926
-21.2416 18.6926
-21.2416 18.6926
-21.2416 18.6926
-21.2416 18.6926
-21.2416 18.6926
-21.2416 18.6926
-21.2416 18.6926
-21.2416 18.6926
-21.2416 18.6926
-21.2416 18.6926
-21.2416 18.6926
-21.2416 18.6926
-21.2416 18.6926
-21.2416 18.6926
-21.2416 18.6926
-22 19