-10 8
-9.77512 8.10923
-9.55025 8.21845
-9.32537 8.32768
-9.10049 8.4369
-8.87561 8.54613
-8.65074 8.65536
-8.42586 8.76458
-8.20098 8.87381
-7.9761 8.98304
-7.75123 9.09226
-7.52635 9.20149
-7.30147 9.31071
-7.0766 9.41994
-6.85172 9.52917
-6.62684 9.63839
-6.40197 9.74762
-6.17709 9.85685
-5.95221 9.96607
-5.72734 10.0753
-5.50246 10.1845
-5.27758 10.2938
-5.0527 10.403
-4.82783 10.5122
-4.60295 10.6214
-4.37807 10.7307
-4.1532 10.8399
-3.92832 10.9491
-3.70344 11.0583
-3.47857 11.1676
-3.25369 11.2768
-3.02881 11.386
-2.80393 11.4952
-2.57906 11.6045
-2.35418 11.7137
-2.1293 11.8229
-1.90443 11.9321
-1.67955 12.0414
-1.45467 12.1506
-1.22979 12.2598
-1.00492 12.369
-0.780041 12.4783
-0.555164 12.5875
-0.330286 12.6967
-0.105409 12.806
0.119468 12.9152
0.344345 13.0244
0.569222 13.1336
0.794099 13.2429
1.01898 13.3521
1.24385 13.4613
1.46873 13.5705
1.69361 13.6798
1.91848 13.789
2.14336 13.8982
2.36824 14.0074
2.59312 14.1167
2.81799 14.2259
3.04287 14.3351
3.26775 14.4443
3.49262 14.5536
3.7175 14.6628
3.94238 14.772
4.16726 14.8813
4.39213 14.9905
4.61701 15.0997
4.84189 15.2089
5.06676 15.3182
5.29164 15.4274
5.51652 15.5366
5.74139 15.6458
5.96627 15.7551
6.19115 15.8643
6.41603 15.9735
6.6409 16.0827
6.86578 16.192
7.09066 16.3012
7.31553 16.4104
7.54041 16.5196
7.76529 16.6289
7.99017 16.7381
8.21504 16.8473
8.43992 16.9566
8.6648 17.0658
8.88968 17.175
9.11455 17.2842
9.33943 17.3935
9.56431 17.5027
9.78919 17.6119
10.0141 17.7211
10.2389 17.8304
10.4638 17.9396
10.6887 18.0488
10.9136 18.158
11.1384 18.2673
11.3633 18.3765
11.5882 18.4857
11.8131 18.5949
12.038 18.7042
12.2628 18.8134
12.4877 18.9226
12.7126 19.0318
12.9375 19.1411
13.1623 19.2503
13.3872 19.3595
13.6121 19.4688
13.837 19.578
14.0619 19.6872
14.2867 19.7964
14.5116 19.9057
14.7365 20.0149
14.9614 20.1241
15.1862 20.2333
15.4111 20.3426
15.636 20.4518
15.8609 20.561
16.0858 20.6702
16.3106 20.7795
16.5355 20.8887
16.7604 20.9979
16.9853 21.1071
17.2101 21.2164
17.435 21.3256
17.6599 21.4348
17.8848 21.5441
18.1096 21.6533
18.3345 21.7625
18.5594 21.8717
18.7843 21.981
19.0092 22.0902
19.234 22.1994
19.4589 22.3086
19.6838 22.4179
19.9087 22.5271
20.1335 22.6363
20.3584 22.7455
20.5833 22.8548
20.8082 22.964
21.0331 23.0732
21.2579 23.1824
21.4828 23.2917
21.7077 23.4009
21.9326 23.5101
22.1574 23.6193
22.3823 23.7286
22.6072 23.8378
22.8321 23.947
23.057 24.0562
23.2818 24.1655
23.5067 24.2747
23.7316 24.3839
23.9565 24.4931
24.1813 24.6024
24.1813 24.6024
24.1813 24.6024
24.1813 24.6024
24.1813 24.6024
24.1813 24.6024
24.1813 24.6024
24.1813 24.6024
24.1813 24.6024
24.1813 24.6024
24.1813 24.6024
24.1813 24.6024
24.1813 24.6024
24.1813 24.6024
24.1813 24.6024
24.1813 24.6024
24.1813 24.6024
24.1813 24.6024
24.1813 24.6024
24.1813 24.6024
24.1813 24.6024
24.1813 24.6024
24.1813 24.6024
24.1813 24.6024
24.1813 24.6024
24.1813 24.6024
24.1813 24.6024
24.1813 24.6024
24.1813 24.6024
24.1813 24.6024
24.1813 24.6024
24.1813 24.6024
25 25