-18 1
-17.8125 1.16541
-17.6251 1.33081
-17.4376 1.49622
-17.2502 1.66162
-17.0627 1.82703
-16.8752 1.99243
-16.6878 2.15784
-16.5003 2.32324
-16.3129 2.48865
-16.1254 2.65405
-15.9379 2.81946
-15.7505 2.98487
-15.563 3.15027
-15.3756 3.31568
-15.1881 3.48108
-15.0006 3.64649
-14.8132 3.81189
-14.6257 3.9773
-14.4383 4.1427
-14.2508 4.30811
-14.0633 4.47351
-13.8759 4.63892
-13.6884 4.80433
-13.501 4.96973
-13.3135 5.13514
-13.1261 5.30054
-12.9386 5.46595
-12.7511 5.63135
-12.5637 5.79676
-12.3762 5.96216
-12.1888 6.12757
-12.0013 6.29297
-11.8138 6.45838
-11.6264 6.62378
-11.4389 6.78919
-11.2515 6.95459
-11.064 7.12
-10.8765 7.2854
-10.6891 7.45081
-10.5016 7.61621
-10.3142 7.78162
-10.1267 7.94703
-9.93925 8.11243
-9.75179 8.27784
-9.56433 8.44324
-9.37687 8.60865
-9.18941 8.77405
-9.00195 8.93946
-8.81449 9.10486
-8.62703 9.27027
-8.43957 9.43567
-8.25211 9.60108
-8.06465 9.76648
-7.87719 9.93189
-7.68973 10.0973
-7.50227 10.2627
-7.31481 10.4281
-7.12735 10.5935
-6.93989 10.7589
-6.75244 10.9243
-6.56498 11.0897
-6.37752 11.2551
-6.19006 11.4205
-6.0026 11.5859
-5.81514 11.7513
-5.62768 11.9168
-5.44022 12.0822
-5.25276 12.2476
-5.0653 12.413
-4.87784 12.5784
-4.69038 12.7438
-4.50292 12.9092
-4.31546 13.0746
-4.128 13.24
-3.94054 13.4054
-3.75308 13.5708
-3.56562 13.7362
-3.37817 13.9016
-3.19071 14.067
-3.00325 14.2324
-2.81579 14.3978
-2.62833 14.5632
-2.44087 14.7286
-2.25341 14.894
-2.06595 15.0595
-1.87849 15.2249
-1.69103 15.3903
-1.69103 15.3903
-1.69103 15.3903
-1.69103 15.3903
-1.69103 15.3903
-1.69103 15.3903
-1.69103 15.3903
-1.69103 15.3903
-1.69103 15.3903
-1.69103 15.3903
-1.69103 15.3903
-1.69103 15.3903
-1.69103 15.3903
-1.69103 15.3903
-1.69103 15.3903
-1.69103 15.3903
-1.69103 15.3903
-1.69103 15.3903
-1 16