5 -12
5.15617 -11.8048
5.31235 -11.6096
5.46852 -11.4143
5.62469 -11.2191
5.78087 -11.0239
5.93704 -10.8287
6.09322 -10.6335
6.24939 -10.4383
6.40556 -10.243
6.56174 -10.0478
6.71791 -9.85261
6.87408 -9.65739
7.03026 -9.46218
7.18643 -9.26696
7.34261 -9.07174
7.49878 -8.87653
7.65495 -8.68131
7.81113 -8.48609
7.9673 -8.29087
8.12347 -8.09566
8.27965 -7.90044
8.43582 -7.70522
8.592 -7.51001
8.74817 -7.31479
8.90434 -7.11957
9.06052 -6.92435
9.21669 -6.72914
9.37286 -6.53392
9.52904 -6.3387
9.68521 -6.14349
9.84138 -5.94827
9.99756 -5.75305
10.1537 -5.55783
10.3099 -5.36262
10.4661 -5.1674
10.6223 -4.97218
10.7784 -4.77697
10.9346 -4.58175
11.0908 -4.38653
11.2469 -4.19131
11.4031 -3.9961
11.5593 -3.80088
11.7155 -3.60566
11.8716 -3.41045
12.0278 -3.21523
12.184 -3.02001
12.3402 -2.82479
12.4963 -2.62958
12.4963 -2.62958
12.4963 -2.62958
12.4963 -2.62958
12.4963 -2.62958
12.4963 -2.62958
12.4963 -2.62958
12.4963 -2.62958
12.4963 -2.62958
12.4963 -2.62958
12.4963 -2.62958
12.4963 -2.62958
12.4963 -2.62958
12.4963 -2.62958
12.4963 -2.62958
12.4963 -2.62958
12.4963 -2.62958
12.4963 -2.62958
12.4963 -2.62958
12.4963 -2.62958
12.4963 -2.62958
12.4963 -2.62958
12.4963 -2.62958
12.4963 -2.62958
12.4963 -2.62958
12.4963 -2.62958
12.4963 -2.62958
12.4963 -2.62958
12.4963 -2.62958
12.4963 -2.62958
12.4963 -2.62958
12.4963 -2.62958
12.4963 -2.62958
12.4963 -2.62958
12.4963 -2.62958
12.4963 -2.62958
12.4963 -2.62958
12.4963 -2.62958
12.4963 -2.62958
12.4963 -2.62958
12.4963 -2.62958
12.4963 -2.62958
12.4963 -2.62958
12.4963 -2.62958
12.4963 -2.62958
12.4963 -2.62958
12.4963 -2.62958
12.4963 -2.62958
12.4963 -2.62958
12.4963 -2.62958
12.4963 -2.62958
12.4963 -2.62958
12.4963 -2.62958
12.4963 -2.62958
12.4963 -2.62958
12.4963 -2.62958
12.4963 -2.62958
13 -2