7 -20
6.87874 -19.9498
6.72189 -19.7552
6.56504 -19.5605
6.4082 -19.3658
6.25135 -19.1711
6.0945 -18.9764
5.93766 -18.7818
5.78081 -18.5871
5.62396 -18.3924
5.46712 -18.1977
5.31027 -18.0031
5.15343 -17.8084
4.99658 -17.6137
4.83973 -17.419
4.68289 -17.2244
4.52604 -17.0297
4.36919 -16.835
4.21235 -16.6403
4.0555 -16.4456
3.89865 -16.251
3.74181 -16.0563
3.58496 -15.8616
3.42811 -15.6669
3.27127 -15.4723
3.11442 -15.2776
2.95758 -15.0829
2.80073 -14.8882
2.64388 -14.6935
2.48704 -14.4989
2.33019 -14.3042
2.17334 -14.1095
2.0165 -13.9148
1.85965 -13.7202
1.70281 -13.5255
1.54596 -13.3308
1.38911 -13.1361
1.23227 -12.9415
1.07542 -12.7468
0.918573 -12.5521
0.761727 -12.3574
0.60488 -12.1627
0.448034 -11.9681
0.291187 -11.7734
0.134341 -11.5787
-0.0225054 -11.384
-0.179352 -11.1894
-0.336198 -10.9947
-0.493045 -10.8
-0.649891 -10.6053
-0.806737 -10.4106
-0.963584 -10.216
-1.12043 -10.0213
-1.27728 -9.82661
-1.43412 -9.63194
-1.59097 -9.43726
-1.74782 -9.24258
-1.90466 -9.0479
-2.06151 -8.85323
-2.21836 -8.65855
-2.3752 -8.46387
-2.53205 -8.26919
-2.68889 -8.07452
-2.84574 -7.87984
-3.00259 -7.68516
-3.15943 -7.49048
-3.31628 -7.29581
-3.47313 -7.10113
-3.62997 -6.90645
-3.78682 -6.71177
-3.94367 -6.5171
-4.10051 -6.32242
-4.25736 -6.12774
-4.41421 -5.93307
-4.57105 -5.73839
-4.7279 -5.54371
-4.88475 -5.34903
-5.04159 -5.15436
-5.19844 -4.95968
-5.35529 -4.765
-5.51213 -4.57032
-5.66898 -4.37565
-5.82583 -4.18097
-5.98267 -3.98629
-6.13952 -3.79162
-6.29636 -3.59694
-6.45321 -3.40226
-6.61006 -3.20758
-6.7669 -3.01291
-6.92375 -2.81823
-7.0806 -2.62355
-7.23744 -2.42888
-7.39429 -2.2342
-7.55114 -2.03952
-7.70798 -1.84484
-7.86483 -1.65017
-8.02168 -1.45549
-8.17852 -1.26081
-8.33537 -1.06613
-8.49221 -0.871458
-8.64906 -0.67678
-8.80591 -0.482103
-8.96275 -0.287426
-9.1196 -0.0927491
-9.27645 0.101928
-10 1