-18 -22
-17.7564 -21.9438
-17.5128 -21.8876
-17.2692 -21.8314
-17.0256 -21.7751
-16.782 -21.7189
-16.5384 -21.6627
-16.2948 -21.6065
-16.0512 -21.5503
-15.8076 -21.4941
-15.564 -21.4378
-15.3204 -21.3816
-15.0768 -21.3254
-14.8332 -21.2692
-14.5896 -21.213
-14.346 -21.1568
-14.1024 -21.1006
-13.8588 -21.0443
-13.6152 -20.9881
-13.3716 -20.9319
-13.128 -20.8757
-12.8844 -20.8195
-12.6409 -20.7633
-12.3973 -20.707
-12.1537 -20.6508
-11.9101 -20.5946
-11.6665 -20.5384
-11.4229 -20.4822
-11.1793 -20.426
-10.9357 -20.3698
-10.6921 -20.3135
-10.4485 -20.2573
-10.2049 -20.2011
-9.96127 -20.1449
-9.71768 -20.0887
-9.47408 -20.0325
-9.23048 -19.9763
-8.98688 -19.92
-8.74328 -19.8638
-8.49969 -19.8076
-8.25609 -19.7514
-8.01249 -19.6952
-7.76889 -19.639
-7.52529 -19.5828
-7.2817 -19.5265
-7.0381 -19.4703
-6.7945 -19.4141
-6.5509 -19.3579
-6.3073 -19.3017
-6.06371 -19.2455
-5.82011 -19.1893
-5.82011 -19.1893
-5.82011 -19.1893
-5.82011 -19.1893
-5.82011 -19.1893
-5.82011 -19.1893
-5.82011 -19.1893
-5.82011 -19.1893
-5.82011 -19.1893
-5.82011 -19.1893
-5.82011 -19.1893
-5.82011 -19.1893
-5.82011 -19.1893
-5.82011 -19.1893
-5.82011 -19.1893
-5.82011 -19.1893
-5.82011 -19.1893
-5.82011 -19.1893
-5.82011 -19.1893
-5.82011 -19.1893
-5.82011 -19.1893
-5.82011 -19.1893
-5.82011 -19.1893
-5.82011 -19.1893
-5.82011 -19.1893
-5.82011 -19.1893
-5.82011 -19.1893
-5.82011 -19.1893
-5.82011 -19.1893
-5.82011 -19.1893
-5.82011 -19.1893
-5.82011 -19.1893
-5.82011 -19.1893
-5.82011 -19.1893
-5.82011 -19.1893
-5.82011 -19.1893
-5.82011 -19.1893
-5.82011 -19.1893
-5.82011 -19.1893
-5.82011 -19.1893
-5.82011 -19.1893
-5.82011 -19.1893
-5.82011 -19.1893
-5.82011 -19.1893
-5.82011 -19.1893
-5.82011 -19.1893
-5.82011 -19.1893
-5.82011 -19.1893
-5.82011 -19.1893
-5.82011 -19.1893
-5.82011 -19.1893
-5.82011 -19.1893
-5.82011 -19.1893
-5.82011 -19.1893
-5.82011 -19.1893
-5 -19