20 14
20.0114 13.7503
20.0227 13.5005
20.0341 13.2508
20.0454 13.001
20.0568 12.7513
20.0681 12.5015
20.0795 12.2518
20.0908 12.0021
20.1022 11.7523
20.1135 11.5026
20.1249 11.2528
20.1362 11.0031
20.1476 10.7533
20.1589 10.5036
20.1703 10.2539
20.1816 10.0041
20.193 9.75438
20.2043 9.50463
20.2157 9.25489
20.2271 9.00515
20.2384 8.75541
20.2498 8.50566
20.2611 8.25592
20.2725 8.00618
20.2838 7.75644
20.2952 7.5067
20.3065 7.25695
20.3179 7.00721
20.3292 6.75747
20.3406 6.50773
20.3519 6.25799
20.3633 6.00824
20.3746 5.7585
20.386 5.50876
20.3973 5.25902
20.4087 5.00928
20.42 4.75953
20.4314 4.50979
20.4427 4.26005
20.4541 4.01031
20.4654 3.76057
20.4768 3.51082
20.4881 3.26108
20.4995 3.01134
20.5109 2.7616
20.5222 2.51185
20.5336 2.26211
20.5449 2.01237
20.5563 1.76263
20.5676 1.51289
20.579 1.26314
20.5903 1.0134
20.6017 0.76366
20.613 0.513918
20.6244 0.264176
20.6357 0.0144334
20.6471 -0.235309
20.6584 -0.485051
20.6698 -0.734793
20.6811 -0.984535
20.6925 -1.23428
20.7038 -1.48402
20.7152 -1.73376
20.7265 -1.9835
20.7379 -2.23325
20.7492 -2.48299
20.7606 -2.73273
20.7719 -2.98247
20.7833 -3.23221
20.7946 -3.48196
20.806 -3.7317
20.8173 -3.98144
20.8287 -4.23118
20.84 -4.48093
20.8514 -4.73067
20.8627 -4.98041
20.8741 -5.23015
20.8855 -5.47989
20.8968 -5.72964
20.9082 -5.97938
20.9195 -6.22912
20.9309 -6.47886
20.9422 -6.7286
20.9536 -6.97835
20.9649 -7.22809
20.9807 -7.25386
20.9807 -7.25386
20.9807 -7.25386
20.9807 -7.25386
20.9807 -7.25386
20.9807 -7.25386
20.9807 -7.25386
20.9807 -7.25386
20.9807 -7.25386
20.9807 -7.25386
20.9807 -7.25386
20.9807 -7.25386
20.9807 -7.25386
20.9807 -7.25386
20.9807 -7.25386
20.9807 -7.25386
20.9807 -7.25386
20.9807 -7.25386
20.9807 -7.25386
21 -8