-10 14
-10 13.75
-10 13.5
-10 13.25
-10 13
-10 12.75
-10 12.5
-10 12.25
-10 12
-10 11.75
-10 11.5
-10 11.25
-10 11
-10 10.75
-10 10.5
-10 10.25
-10 10
-10 9.75
-10 9.5
-10 9.25
-10 9
-10 8.75
-10 8.5
-10 8.25
-10 8
-10.0189 7.96082
-10.0189 7.96082
-10.0189 7.96082
-10.0189 7.96082
-10.0189 7.96082
-10.0189 7.96082
-10.0189 7.96082
-10.0189 7.96082
-10.0189 7.96082
-10.0189 7.96082
-10.0189 7.96082
-10.0189 7.96082
-10.0189 7.96082
-10.0189 7.96082
-10.0189 7.96082
-10.0189 7.96082
-10.0189 7.96082
-10.0189 7.96082
-10.0189 7.96082
-10.0189 7.96082
-10.0189 7.96082
-10.0189 7.96082
-10.0189 7.96082
-10.0189 7.96082
-10.0189 7.96082
-10.0189 7.96082
-10.0189 7.96082
-10.0189 7.96082
-10.0189 7.96082
-10.0189 7.96082
-10.0189 7.96082
-10.0189 7.96082
-10.0189 7.96082
-10.0189 7.96082
-10.0189 7.96082
-10.0189 7.96082
-10.0189 7.96082
-10.0189 7.96082
-10.0189 7.96082
-10.0189 7.96082
-10.0189 7.96082
-10.0189 7.96082
-10.0189 7.96082
-10.0189 7.96082
-10.0189 7.96082
-10.0189 7.96082
-10.0189 7.96082
-10.0189 7.96082
-10.0189 7.96082
-10.0189 7.96082
-10.0189 7.96082
-10.0189 7.96082
-10.0189 7.96082
-10.0189 7.96082
-10.0189 7.96082
-10.0189 7.96082
-10.0189 7.96082
-10.0189 7.96082
-10.0189 7.96082
-10.0189 7.96082
-10.0189 7.96082
-10.0189 7.96082
-10.0189 7.96082
-10.0189 7.96082
-10.0189 7.96082
-10.0189 7.96082
-10.0189 7.96082
-10.0189 7.96082
-10.0189 7.96082
-10.0189 7.96082
-10.0189 7.96082
-10.0189 7.96082
-10.0189 7.96082
-10.0189 7.96082
-10.0189 7.96082
-10.0189 7.96082
-10.0189 7.96082
-10.0189 7.96082
-10.0189 7.96082
-10.0189 7.96082
-10.0189 7.96082
-10.0189 7.96082
-10.0189 7.96082
-10.0189 7.96082
-10.0189 7.96082
-10.0189 7.96082
-10.0189 7.96082
-10.0189 7.96082
-10.0189 7.96082
-10.0189 7.96082
-10.0189 7.96082
-10.0189 7.96082
-10.0189 7.96082
-10.0189 7.96082
-10.0189 7.96082
-10.0189 7.96082
-10.0189 7.96082
-10.0189 7.96082
-10.0189 7.96082
-10.0189 7.96082
-10.0189 7.96082
-10.0189 7.96082
-10.0189 7.96082
-10.0189 7.96082
-10.0189 7.96082
-10.0189 7.96082
-10.0189 7.96082
-10.0189 7.96082
-10.0189 7.96082
-10.0189 7.96082
-10.0189 7.96082
-10.0189 7.96082
-10 7