12 3
12.0878 2.76592
12.1756 2.53184
12.2633 2.29775
12.3511 2.06367
12.4389 1.82959
12.5267 1.59551
12.6145 1.36142
12.7022 1.12734
12.79 0.89326
12.8778 0.659177
12.9656 0.425095
13.0534 0.191013
13.1248 -0.053358
13.1963 -0.297787
13.2679 -0.542276
13.3394 -0.786827
13.4111 -1.03144
13.4827 -1.27612
13.5544 -1.52087
13.6262 -1.76569
13.698 -2.01058
13.7698 -2.25554
13.8417 -2.50058
13.9136 -2.7457
13.9856 -2.9909
14.0577 -3.23619
14.1297 -3.48157
14.2019 -3.72703
14.2741 -3.97259
14.3464 -4.21825
14.4187 -4.46401
14.4911 -4.70988
14.5636 -4.95585
14.6362 -5.20193
14.7088 -5.44813
14.7815 -5.69446
14.8542 -5.94091
14.9271 -6.18748
15 -6.4342
15.0731 -6.68105
15.1462 -6.92804
15.2194 -7.17519
15.2927 -7.42248
15.3915 -7.65582
15.5011 -7.88049
15.6108 -8.10515
15.7205 -8.32982
15.8301 -8.55448
15.9398 -8.77915
16.0494 -9.00381
16.1591 -9.22848
16.2688 -9.45314
16.3784 -9.67781
16.4881 -9.90248
16.5977 -10.1271
16.7074 -10.3518
16.8171 -10.5765
16.9267 -10.8011
17.0364 -11.0258
17.146 -11.2505
17.2557 -11.4751
17.3654 -11.6998
17.475 -11.9245
17.5847 -12.1491
17.5847 -12.1491
17.5847 -12.1491
17.5847 -12.1491
17.5847 -12.1491
17.5847 -12.1491
17.5847 -12.1491
17.5847 -12.1491
17.5847 -12.1491
17.5847 -12.1491
17.5847 -12.1491
17.5847 -12.1491
17.5847 -12.1491
17.5847 -12.1491
17.5847 -12.1491
17.5847 -12.1491
17.5847 -12.1491
17.5847 -12.1491
17.5847 -12.1491
17.5847 -12.1491
17.5847 -12.1491
17.5847 -12.1491
17.5847 -12.1491
17.5847 -12.1491
17.5847 -12.1491
17.5847 -12.1491
17.5847 -12.1491
17.5847 -12.1491
17.5847 -12.1491
17.5847 -12.1491
17.5847 -12.1491
17.5847 -12.1491
17.5847 -12.1491
17.5847 -12.1491
17.5847 -12.1491
17.5847 -12.1491
17.5847 -12.1491
17.5847 -12.1491
17.5847 -12.1491
17.5847 -12.1491
17.5847 -12.1491
17.5847 -12.1491
17.5847 -12.1491
17.5847 -12.1491
17.5847 -12.1491
17.5847 -12.1491
17.5847 -12.1491
17.5847 -12.1491
17.5847 -12.1491
17.5847 -12.1491
17.5847 -12.1491
17.5847 -12.1491
17.5847 -12.1491
17.5847 -12.1491
17.5847 -12.1491
17.5847 -12.1491
17.5847 -12.1491
17.5847 -12.1491
17.5847 -12.1491
17.5847 -12.1491
17.5847 -12.1491
17.5847 -12.1491
17.5847 -12.1491
17.5847 -12.1491
17.5847 -12.1491
17.5847 -12.1491
17.5847 -12.1491
17.5847 -12.1491
17.5847 -12.1491
17.5847 -12.1491
17.5847 -12.1491
17.5847 -12.1491
17.5847 -12.1491
18 -13