25 -13
24.8 -12.85
24.6 -12.7
24.4 -12.55
24.2 -12.4
24 -12.25
23.8 -12.1
23.6 -11.95
23.4 -11.8
23.2 -11.65
23 -11.5
22.8 -11.35
22.6 -11.2
22.4163 -11.0397
22.2327 -10.8795
22.049 -10.7193
21.8654 -10.5591
21.6819 -10.399
21.4983 -10.2389
21.3148 -10.0789
21.1313 -9.91893
20.9479 -9.75901
20.7644 -9.59913
20.581 -9.4393
20.3977 -9.27953
20.2144 -9.1198
20.0311 -8.96013
19.8478 -8.80051
19.6646 -8.64094
19.4814 -8.48143
19.2982 -8.32198
19.1151 -8.16258
18.932 -8.00324
18.749 -7.84396
18.566 -7.68474
18.383 -7.52558
18.2001 -7.36648
18.0172 -7.20745
17.8343 -7.04848
17.6515 -6.88958
17.4688 -6.73075
17.286 -6.57198
17.1034 -6.41329
16.9207 -6.25467
16.7174 -6.10918
16.5141 -5.9637
16.3108 -5.81822
16.1075 -5.67274
15.9042 -5.52725
15.7009 -5.38177
15.4976 -5.23629
15.2942 -5.09081
15.0909 -4.94532
14.8876 -4.79984
14.6843 -4.65436
14.481 -4.50887
14.2777 -4.36339
14.0744 -4.21791
13.8711 -4.07243
13.6678 -3.92694
13.4645 -3.78146
13.2611 -3.63598
13.0578 -3.4905
12.8545 -3.34502
12.6512 -3.19953
12.4479 -3.05405
12.2446 -2.90857
12.0413 -2.76309
11.838 -2.6176
11.6347 -2.47212
11.4314 -2.32664
11.228 -2.18116
11.0247 -2.03568
10.8214 -1.89019
10.6181 -1.74471
10.4148 -1.59923
10.2115 -1.45375
10.0082 -1.30826
9.80488 -1.16278
9.60157 -1.0173
9.39826 -0.871817
9.19495 -0.726334
8.99164 -0.580852
8.78833 -0.43537
8.58502 -0.289887
8.38171 -0.144405
8.1784 0.00107753
7.97509 0.14656
7.77178 0.292042
7.56847 0.437525
7.36516 0.583007
7.16185 0.728489
6.95854 0.873972
6.75523 1.01945
6.55192 1.16494
6.34861 1.31042
6.1453 1.4559
5.94199 1.60138
5.73868 1.74687
5.53537 1.89235
5.33206 2.03783
5.12875 2.18331
4.92544 2.3288
4.72213 2.47428
4.51882 2.61976
4.31551 2.76524
4.1122 2.91073
3.90889 3.05621
3.70558 3.20169
3.50227 3.34717
3.29896 3.49265
3.09565 3.63814
2.89234 3.78362
2.68903 3.9291
2.48572 4.07458
2.28241 4.22007
2.0791 4.36555
1.87579 4.51103
1.67248 4.65651
1.46917 4.802
1.26586 4.94748
1.06255 5.09296
0.85924 5.23844
0.65593 5.38393
0.45262 5.52941
0.24931 5.67489
0.0460003 5.82037
-0.157309 5.96586
-0.360619 6.11134
-0.563929 6.25682
-0.767239 6.4023
-0.970549 6.54779
-1.17386 6.69327
-1.37717 6.83875
-1.58048 6.98423
-1.78379 7.12972
-1.9871 7.2752
-3 8