-23 -8
-22.7856 -8.12862
-22.5713 -8.25725
-22.3569 -8.38587
-22.1425 -8.5145
-21.9281 -8.64312
-21.7138 -8.77174
-21.4994 -8.90037
-21.285 -9.02899
-21.0706 -9.15762
-20.8563 -9.28624
-20.6419 -9.41486
-20.4275 -9.54349
-20.2132 -9.67211
-19.9988 -9.80074
-19.7844 -9.92936
-19.57 -10.058
-19.3557 -10.1866
-19.1413 -10.3152
-18.9269 -10.4439
-18.7125 -10.5725
-18.4982 -10.7011
-18.2838 -10.8297
-18.0694 -10.9584
-17.8551 -11.087
-17.6407 -11.2156
-17.4263 -11.3442
-17.2119 -11.4728
-16.9976 -11.6015
-16.7832 -11.7301
-16.5688 -11.8587
-16.3544 -11.9873
-16.1401 -12.116
-15.9257 -12.2446
-15.7113 -12.3732
-15.497 -12.5018
-15.2826 -12.6305
-15.0682 -12.7591
-14.8538 -12.8877
-14.6395 -13.0163
-14.4251 -13.145
-14.2107 -13.2736
-13.9963 -13.4022
-13.782 -13.5308
-13.5676 -13.6595
-13.3532 -13.7881
-13.1388 -13.9167
-12.9245 -14.0453
-12.7101 -14.174
-12.4957 -14.3026
-12.2814 -14.4312
-12.067 -14.5598
-11.8526 -14.6884
-11.6382 -14.8171
-11.4239 -14.9457
-11.2095 -15.0743
-10.9951 -15.2029
-10.7807 -15.3316
-10.5664 -15.4602
-10.352 -15.5888
-10.1376 -15.7174
-9.92324 -15.8461
-9.70887 -15.9747
-9.49449 -16.1033
-9.28012 -16.2319
-9.06575 -16.3606
-8.85137 -16.4892
-8.637 -16.6178
-8.42263 -16.7464
-8.20825 -16.8751
-7.99388 -17.0037
-7.77951 -17.1323
-7.56513 -17.2609
-7.35076 -17.3895
-7.13639 -17.5182
-6.92201 -17.6468
-6.70764 -17.7754
-6.49327 -17.904
-6.27889 -18.0327
-6.06452 -18.1613
-5.85015 -18.2899
-5.63578 -18.4185
-5.4214 -18.5472
-5.20703 -18.6758
-4.99266 -18.8044
-4.77828 -18.933
-4.56391 -19.0617
-4.34954 -19.1903
-4.13516 -19.3189
-3.92079 -19.4475
-3.70642 -19.5762
-3.49204 -19.7048
-3.27767 -19.8334
-3.0633 -19.962
-2.84892 -20.0907
-2.63455 -20.2193
-2.42018 -20.3479
-2.2058 -20.4765
-1.99143 -20.6051
-1.77706 -20.7338
-1.56268 -20.8624
-1.34831 -20.991
-1.13394 -21.1196
-0.919563 -21.2483
-0.70519 -21.3769
-0.490817 -21.5055
-0.276443 -21.6341
-0.0620696 -21.7628
0.152304 -21.8914
0.366677 -22.02
0.581051 -22.1486
0.795424 -22.2773
1.0098 -22.4059
1.22417 -22.5345
1.22417 -22.5345
1.22417 -22.5345
1.22417 -22.5345
1.22417 -22.5345
1.22417 -22.5345
1.22417 -22.5345
1.22417 -22.5345
1.22417 -22.5345
1.22417 -22.5345
1.22417 -22.5345
1.22417 -22.5345
1.22417 -22.5345
1.22417 -22.5345
1.22417 -22.5345
1.22417 -22.5345
1.22417 -22.5345
1.22417 -22.5345
1.22417 -22.5345
1.22417 -22.5345
1.22417 -22.5345
1.22417 -22.5345
1.22417 -22.5345
1.22417 -22.5345
2 -23