-17 20
-16.892 19.9873
-16.6687 19.8749
-16.4454 19.7625
-16.2221 19.65
-15.9988 19.5376
-15.7755 19.4252
-15.5522 19.3128
-15.329 19.2003
-15.1057 19.0879
-14.8824 18.9755
-14.6591 18.8631
-14.4358 18.7507
-14.2125 18.6382
-13.9892 18.5258
-13.7659 18.4134
-13.5426 18.301
-13.3193 18.1885
-13.096 18.0761
-12.8727 17.9637
-12.6494 17.8513
-12.4261 17.7388
-12.2028 17.6264
-11.9795 17.514
-11.7562 17.4016
-11.5329 17.2892
-11.3096 17.1767
-11.0863 17.0643
-10.863 16.9519
-10.6397 16.8395
-10.4164 16.727
-10.1932 16.6146
-9.96986 16.5022
-9.74656 16.3898
-9.52327 16.2773
-9.29997 16.1649
-9.07668 16.0525
-8.85338 15.9401
-8.63008 15.8277
-8.40679 15.7152
-8.18349 15.6028
-7.9602 15.4904
-7.7369 15.378
-7.51361 15.2655
-7.29031 15.1531
-7.06702 15.0407
-6.84372 14.9283
-6.62042 14.8158
-6.39713 14.7034
-6.17383 14.591
-5.95054 14.4786
-5.72724 14.3661
-5.66495 14.3751
-5.66495 14.3751
-5.66495 14.3751
-5.66495 14.3751
-5.66495 14.3751
-5.66495 14.3751
-5.66495 14.3751
-5.66495 14.3751
-5.66495 14.3751
-5.66495 14.3751
-5.66495 14.3751
-5.66495 14.3751
-5.66495 14.3751
-5.66495 14.3751
-5.66495 14.3751
-5.66495 14.3751
-5.66495 14.3751
-5.66495 14.3751
-5.66495 14.3751
-5.66495 14.3751
-5.66495 14.3751
-5.66495 14.3751
-5.66495 14.3751
-5.66495 14.3751
-5.66495 14.3751
-5.66495 14.3751
-5.66495 14.3751
-5.66495 14.3751
-5.66495 14.3751
-5.66495 14.3751
-5.66495 14.3751
-5.66495 14.3751
-5.66495 14.3751
-5.66495 14.3751
-5.66495 14.3751
-5.66495 14.3751
-5.66495 14.3751
-5.66495 14.3751
-5.66495 14.3751
-5.66495 14.3751
-5.66495 14.3751
-5.66495 14.3751
-5.66495 14.3751
-5.66495 14.3751
-5.66495 14.3751
-5.66495 14.3751
-5.66495 14.3751
-5.66495 14.3751
-5.66495 14.3751
-5.66495 14.3751
-5.66495 14.3751
-5.66495 14.3751
-5.66495 14.3751
-5.66495 14.3751
-5.66495 14.3751
-5.66495 14.3751
-5.66495 14.3751
-5.66495 14.3751
-5.66495 14.3751
-5.66495 14.3751
-5.66495 14.3751
-5.66495 14.3751
-5.66495 14.3751
-5.66495 14.3751
-5.66495 14.3751
-5.66495 14.3751
-5.66495 14.3751
-5.66495 14.3751
-5.66495 14.3751
-5.66495 14.3751
-5.66495 14.3751
-5.66495 14.3751
-5.66495 14.3751
-5.66495 14.3751
-5.66495 14.3751
-5.66495 14.3751
-5.66495 14.3751
-5.66495 14.3751
-5.66495 14.3751
-5.66495 14.3751
-5.66495 14.3751
-5.66495 14.3751
-5.66495 14.3751
-5.66495 14.3751
-5.66495 14.3751
-5 14