-2 4
-1.97239 4.24847
-1.94478 4.49694
-1.91718 4.74541
-1.88957 4.99388
-1.86196 5.24235
-1.83435 5.49082
-1.80674 5.7393
-1.77914 5.98777
-1.75153 6.23624
-1.72392 6.48471
-1.69631 6.73318
-1.6687 6.98165
-1.6411 7.23012
-1.61349 7.47859
-1.58588 7.72706
-1.55827 7.97553
-1.53067 8.224
-1.50306 8.47248
-1.47545 8.72095
-1.44784 8.96942
-1.42023 9.21789
-1.39263 9.46636
-1.36502 9.71483
-1.33741 9.9633
-1.3098 10.2118
-1.28219 10.4602
-1.25459 10.7087
-1.22698 10.9572
-1.19937 11.2057
-1.17176 11.4541
-1.14415 11.7026
-1.11655 11.9511
-1.08894 12.1995
-1.06133 12.448
-1.03372 12.6965
-1.00611 12.945
-0.978507 13.1934
-0.950899 13.4419
-0.923291 13.6904
-0.895684 13.9388
-0.868076 14.1873
-0.840468 14.4358
-0.81286 14.6843
-0.785252 14.9327
-0.757644 15.1812
-0.730036 15.4297
-0.702429 15.6781
-0.674821 15.9266
-0.647213 16.1751
-0.619605 16.4236
-0.591997 16.672
-0.564389 16.9205
-0.536781 17.169
-0.509174 17.4174
-0.481566 17.6659
-0.453958 17.9144
-0.42635 18.1628
-0.398742 18.4113
-0.371134 18.6598
-0.343526 18.9083
-0.315919 19.1567
-0.288311 19.4052
-0.260703 19.6537
-0.233095 19.9021
-0.205487 20.1506
-0.17788 20.3991
-0.150272 20.6475
-0.122664 20.896
-0.0950562 21.1445
-0.0950562 21.1445
-0.0950562 21.1445
-0.0950562 21.1445
-0.0950562 21.1445
-0.0950562 21.1445
-0.0950562 21.1445
-0.0950562 21.1445
-0.0950562 21.1445
-0.0950562 21.1445
-0.0950562 21.1445
-0.0950562 21.1445
-0.0950562 21.1445
-0.0950562 21.1445
-0.0950562 21.1445
-0.0950562 21.1445
-0.0950562 21.1445
-0.0950562 21.1445
-0.0950562 21.1445
-0.0950562 21.1445
-0.0950562 21.1445
-0.0950562 21.1445
-0.0950562 21.1445
-0.0950562 21.1445
-0.0950562 21.1445
-0.0950562 21.1445
-0.0950562 21.1445
-0.0950562 21.1445
-0.0950562 21.1445
-0.0950562 21.1445
-0.0950562 21.1445
-0.0950562 21.1445
-0.0950562 21.1445
-0.0950562 21.1445
-0.0950562 21.1445
-0.0950562 21.1445
-0.0950562 21.1445
-0.0950562 21.1445
-0.0950562 21.1445
-0.0950562 21.1445
-0.0950562 21.1445
-0.0950562 21.1445
-0.0950562 21.1445
-0.0950562 21.1445
-0.0950562 21.1445
-0.0950562 21.1445
-0.0950562 21.1445
-0.0950562 21.1445
-0.0950562 21.1445
-0.0950562 21.1445
-0.0950562 21.1445
-0.0950562 21.1445
-0.0950562 21.1445
-0.0950562 21.1445
-0.0950562 21.1445
-0.0950562 21.1445
-0.0950562 21.1445
-0.0950562 21.1445
-0.0950562 21.1445
0 22