1 2
0.973829 1.75137
0.947658 1.50275
0.921486 1.25412
0.895315 1.00549
0.869144 0.756868
0.842973 0.508242
0.816802 0.259616
0.79063 0.0109892
0.764459 -0.237637
0.738288 -0.486264
0.712117 -0.73489
0.685946 -0.983516
0.659774 -1.23214
0.633603 -1.48077
0.607432 -1.7294
0.581261 -1.97802
0.555089 -2.22665
0.528918 -2.47527
0.502747 -2.7239
0.476576 -2.97253
0.450405 -3.22115
0.424234 -3.46978
0.398062 -3.71841
0.371891 -3.96703
0.34572 -4.21566
0.319549 -4.46429
0.293378 -4.71291
0.267206 -4.96154
0.241035 -5.21016
0.214864 -5.45879
0.188693 -5.70742
0.162522 -5.95604
0.13635 -6.20467
0.110179 -6.4533
0.084008 -6.70192
0.0578368 -6.95055
0.0316656 -7.19917
0.0054944 -7.4478
-0.0206768 -7.69643
-0.046848 -7.94505
-0.0730192 -8.19368
-0.0991904 -8.44231
-0.125362 -8.69093
-0.151533 -8.93956
-0.177704 -9.18819
-0.203875 -9.43681
-0.230046 -9.68544
-0.256218 -9.93407
-0.282389 -10.1827
-0.30856 -10.4313
-0.334731 -10.6799
-0.360902 -10.9286
-0.387074 -11.1772
-0.413245 -11.4258
-0.439416 -11.6745
-0.465587 -11.9231
-0.491758 -12.1717
-0.51793 -12.4203
-0.544101 -12.669
-0.570272 -12.9176
-0.596443 -13.1662
-0.622614 -13.4148
-0.648786 -13.6635
-0.674957 -13.9121
-0.701128 -14.1607
-0.727299 -14.4093
-0.753471 -14.658
-0.779642 -14.9066
-0.805813 -15.1552
-0.831984 -15.4039
-0.858156 -15.6525
-0.884327 -15.9011
-0.910498 -16.1497
-0.910498 -16.1497
-0.910498 -16.1497
-0.910498 -16.1497
-0.910498 -16.1497
-0.910498 -16.1497
-0.910498 -16.1497
-0.910498 -16.1497
-0.910498 -16.1497
-0.910498 -16.1497
-0.910498 -16.1497
-0.910498 -16.1497
-0.910498 -16.1497
-0.910498 -16.1497
-0.910498 -16.1497
-0.910498 -16.1497
-0.910498 -16.1497
-0.910498 -16.1497
-0.910498 -16.1497
-0.910498 -16.1497
-0.910498 -16.1497
-0.910498 -16.1497
-0.910498 -16.1497
-0.910498 -16.1497
-0.910498 -16.1497
-0.910498 -16.1497
-0.910498 -16.1497
-0.910498 -16.1497
-0.910498 -16.1497
-0.910498 -16.1497
-0.910498 -16.1497
-0.910498 -16.1497
-0.910498 -16.1497
-0.910498 -16.1497
-0.910498 -16.1497
-0.910498 -16.1497
-0.910498 -16.1497
-0.910498 -16.1497
-0.910498 -16.1497
-0.910498 -16.1497
-0.910498 -16.1497
-0.910498 -16.1497
-0.910498 -16.1497
-0.910498 -16.1497
-0.910498 -16.1497
-0.910498 -16.1497
-0.910498 -16.1497
-0.910498 -16.1497
-0.910498 -16.1497
-0.910498 -16.1497
-0.910498 -16.1497
-0.910498 -16.1497
-0.910498 -16.1497
-0.910498 -16.1497
-0.910498 -16.1497
-1 -17