-14 -10
-13.806 -9.84235
-13.6119 -9.6847
-13.4179 -9.52706
-13.2239 -9.36941
-13.0299 -9.21176
-12.8358 -9.05411
-12.6418 -8.89646
-12.4478 -8.73882
-12.2537 -8.58117
-12.0597 -8.42352
-11.8657 -8.26587
-11.6717 -8.10822
-11.4776 -7.95057
-11.2836 -7.79293
-11.0892 -7.63557
-10.8929 -7.47952
-10.6947 -7.32412
-10.4947 -7.16864
-10.2934 -7.01233
-10.0917 -6.85466
-9.89 -6.69635
-9.68832 -6.53798
-9.48665 -6.37955
-9.28497 -6.22106
-9.0833 -6.0625
-8.88164 -5.90387
-8.67997 -5.74517
-8.47831 -5.5864
-8.27665 -5.42756
-8.075 -5.26864
-7.87335 -5.10965
-7.6717 -4.95057
-7.47006 -4.79142
-7.26842 -4.63218
-7.06679 -4.47286
-6.86516 -4.31345
-6.66353 -4.15395
-6.46191 -3.99436
-6.26029 -3.83466
-6.05868 -3.67487
-5.85707 -3.51498
-5.65547 -3.35498
-5.45387 -3.19486
-5.25228 -3.03464
-5.05069 -2.87429
-4.84911 -2.71382
-4.64753 -2.55323
-4.44597 -2.39249
-4.2444 -2.23163
-4.04285 -2.07061
-3.8413 -1.90944
-3.63976 -1.74812
-3.43822 -1.58663
-3.2367 -1.42496
-3.03518 -1.26312
-2.83367 -1.10107
-2.63217 -0.938827
-2.43069 -0.776365
-2.22921 -0.613674
-2.03437 -0.45082
-1.84439 -0.288318
-1.65441 -0.125816
-1.46443 0.0366857
-1.27445 0.199188
-1.08446 0.361689
-0.894483 0.524191
-0.704501 0.686693
-0.514519 0.849195
-0.324537 1.0117
-0.134555 1.1742
0.0554268 1.3367
0.245409 1.4992
0.435391 1.6617
0.625373 1.82421
0.815355 1.98671
1.00534 2.14921
1.19532 2.31171
1.3853 2.47421
1.3853 2.47421
1.3853 2.47421
1.3853 2.47421
1.3853 2.47421
1.3853 2.47421
1.3853 2.47421
1.3853 2.47421
1.3853 2.47421
1.3853 2.47421
1.3853 2.47421
1.3853 2.47421
1.3853 2.47421
1.3853 2.47421
1.3853 2.47421
1.3853 2.47421
1.3853 2.47421
1.3853 2.47421
1.3853 2.47421
1.3853 2.47421
1.3853 2.47421
1.3853 2.47421
1.3853 2.47421
1.3853 2.47421
1.3853 2.47421
1.3853 2.47421
1.3853 2.47421
1.3853 2.47421
1.3853 2.47421
1.3853 2.47421
1.3853 2.47421
1.3853 2.47421
1.3853 2.47421
1.3853 2.47421
1.3853 2.47421
1.3853 2.47421
1.3853 2.47421
1.3853 2.47421
1.3853 2.47421
1.3853 2.47421
1.3853 2.47421
1.3853 2.47421
1.3853 2.47421
1.3853 2.47421
1.3853 2.47421
1.3853 2.47421
1.3853 2.47421
1.3853 2.47421
1.3853 2.47421
1.3853 2.47421
2 3