-4 -25
-4.24863 -24.9738
-4.49725 -24.9477
-4.74588 -24.9215
-4.9945 -24.8953
-5.24313 -24.8691
-5.49176 -24.843
-5.74038 -24.8168
-5.98901 -24.7906
-6.23764 -24.7645
-6.48626 -24.7383
-6.73489 -24.7121
-6.98351 -24.686
-7.23214 -24.6598
-7.48077 -24.6336
-7.72939 -24.6074
-7.97802 -24.5813
-8.22665 -24.5551
-8.47527 -24.5289
-8.7239 -24.5028
-8.97253 -24.4766
-9.22115 -24.4504
-9.46978 -24.4242
-9.71841 -24.3981
-9.96703 -24.3719
-10.2157 -24.3457
-10.4643 -24.3196
-10.7129 -24.2934
-10.9615 -24.2672
-11.2102 -24.241
-11.4588 -24.2149
-11.7074 -24.1887
-11.956 -24.1625
-12.2047 -24.1364
-12.4533 -24.1102
-12.7019 -24.084
-12.9506 -24.0579
-13.1992 -24.0317
-13.4478 -24.0055
-13.6964 -23.9793
-13.9451 -23.9532
-14.1937 -23.927
-14.4423 -23.9008
-14.6909 -23.8747
-14.9396 -23.8485
-15.1882 -23.8223
-15.4368 -23.7961
-15.6854 -23.77
-15.9341 -23.7438
-16.1827 -23.7176
-16.4313 -23.6915
-16.68 -23.6653
-16.9286 -23.6391
-17.1772 -23.6129
-17.4258 -23.5868
-17.6745 -23.5606
-17.9231 -23.5344
-18.1717 -23.5082
-18.4203 -23.4821
-18.669 -23.4559
-18.9176 -23.4297
-19.1662 -23.4036
-19.4148 -23.3774
-19.6635 -23.3512
-19.9121 -23.325
-20.1607 -23.2989
-20.4094 -23.2727
-20.658 -23.2465
-20.9066 -23.2204
-21.1552 -23.1942
-21.4039 -23.168
-21.6525 -23.1418
-21.9011 -23.1157
-22.1497 -23.0895
-22.1497 -23.0895
-22.1497 -23.0895
-22.1497 -23.0895
-22.1497 -23.0895
-22.1497 -23.0895
-22.1497 -23.0895
-22.1497 -23.0895
-22.1497 -23.0895
-22.1497 -23.0895
-22.1497 -23.0895
-22.1497 -23.0895
-22.1497 -23.0895
-22.1497 -23.0895
-22.1497 -23.0895
-22.1497 -23.0895
-22.1497 -23.0895
-22.1497 -23.0895
-22.1497 -23.0895
-22.1497 -23.0895
-22.1497 -23.0895
-22.1497 -23.0895
-22.1497 -23.0895
-22.1497 -23.0895
-22.1497 -23.0895
-22.1497 -23.0895
-22.1497 -23.0895
-22.1497 -23.0895
-22.1497 -23.0895
-22.1497 -23.0895
-22.1497 -23.0895
-22.1497 -23.0895
-22.1497 -23.0895
-22.1497 -23.0895
-22.1497 -23.0895
-22.1497 -23.0895
-22.1497 -23.0895
-22.1497 -23.0895
-22.1497 -23.0895
-22.1497 -23.0895
-22.1497 -23.0895
-22.1497 -23.0895
-22.1497 -23.0895
-22.1497 -23.0895
-22.1497 -23.0895
-22.1497 -23.0895
-22.1497 -23.0895
-22.1497 -23.0895
-22.1497 -23.0895
-22.1497 -23.0895
-22.1497 -23.0895
-22.1497 -23.0895
-22.1497 -23.0895
-22.1497 -23.0895
-22.1497 -23.0895
-23 -23