-17 6
-16.7779 5.88514
-16.5559 5.77029
-16.3338 5.65543
-16.1118 5.54058
-15.8897 5.42572
-15.6677 5.31087
-15.4456 5.19601
-15.2236 5.08115
-15.0015 4.9663
-14.7795 4.85144
-14.5574 4.73659
-14.3354 4.62173
-14.1133 4.50688
-13.8912 4.39202
-13.6695 4.27745
-13.4498 4.16419
-13.2319 4.0516
-13.0158 3.93896
-12.8009 3.82558
-12.5866 3.71093
-12.3721 3.59577
-12.1577 3.48063
-11.9433 3.36552
-11.7288 3.25045
-11.5144 3.1354
-11.3 3.02039
-11.0855 2.90541
-10.8711 2.79046
-10.6567 2.67554
-10.4423 2.56066
-10.2279 2.44581
-10.0134 2.33099
-9.79902 2.21621
-9.5846 2.10146
-9.37019 1.98675
-9.15578 1.87207
-8.94137 1.75743
-8.72696 1.64283
-8.51255 1.52826
-8.29814 1.41373
-8.08374 1.29924
-7.86934 1.18478
-7.65494 1.07037
-7.44054 0.955994
-7.22615 0.841659
-7.01175 0.727364
-6.79736 0.61311
-6.58297 0.498898
-6.36858 0.384728
-6.1542 0.270602
-5.93981 0.156518
-5.72543 0.042479
-5.51105 -0.0715153
-5.29667 -0.185464
-5.0823 -0.299367
-4.86792 -0.413222
-4.65355 -0.52703
-4.43918 -0.64079
-4.22482 -0.7545
-4.00385 -0.867944
-3.78097 -0.981194
-3.55809 -1.09445
-3.33521 -1.2077
-3.11234 -1.32095
-2.88946 -1.4342
-2.66658 -1.54745
-2.4437 -1.6607
-2.22083 -1.77395
-1.99795 -1.8872
-1.77507 -2.00045
-1.5522 -2.1137
-1.32932 -2.22695
-1.10644 -2.34021
-0.883565 -2.45346
-0.660688 -2.56671
-0.43781 -2.67996
-0.214933 -2.79321
0.00794406 -2.90646
0.230821 -3.01971
0.453698 -3.13296
0.676576 -3.24621
0.899453 -3.35946
1.12233 -3.47271
1.34521 -3.58597
1.56808 -3.69922
1.79096 -3.81247
2.01384 -3.92572
2.23672 -4.03897
2.45959 -4.15222
2.68247 -4.26547
2.90535 -4.37872
3.12822 -4.49197
3.3511 -4.60522
3.57398 -4.71847
3.79686 -4.83172
4.01973 -4.94498
4.24261 -5.05823
4.46549 -5.17148
4.68836 -5.28473
4.91124 -5.39798
5.13412 -5.51123
5.357 -5.62448
5.57987 -5.73773
5.80275 -5.85098
6.02563 -5.96423
6.2485 -6.07748
6.47138 -6.19073
6.69426 -6.30398
6.91713 -6.41723
7.14001 -6.53049
7.36289 -6.64374
7.58577 -6.75699
7.80864 -6.87024
8.03152 -6.98349
8.2544 -7.09674
8.47727 -7.20999
8.70015 -7.32324
8.92303 -7.43649
9.14591 -7.54974
9.36878 -7.663
9.59166 -7.77625
9.81454 -7.8895
10.0374 -8.00275
10.2603 -8.116
10.4832 -8.22925
10.706 -8.3425
10.9289 -8.45575
12 -9