3 -18
2.8675 -17.788
2.735 -17.576
2.6025 -17.364
2.47 -17.152
2.3375 -16.94
2.205 -16.728
2.0725 -16.516
1.94 -16.304
1.8075 -16.092
1.675 -15.88
1.5425 -15.668
1.41 -15.456
1.2775 -15.244
1.145 -15.032
1.0125 -14.82
0.880004 -14.608
0.747504 -14.396
0.615004 -14.184
0.482504 -13.972
0.350004 -13.76
0.217505 -13.548
0.0850048 -13.336
-0.0474951 -13.124
-0.179995 -12.912
-0.312495 -12.7
-0.444995 -12.488
-0.577495 -12.276
-0.709995 -12.064
-0.842495 -11.852
-0.974995 -11.64
-1.10749 -11.428
-1.23999 -11.216
-1.37249 -11.004
-1.50499 -10.792
-1.50631 -10.7896
-1.50631 -10.7896
-1.50631 -10.7896
-1.50631 -10.7896
-1.50631 -10.7896
-1.50631 -10.7896
-1.50631 -10.7896
-1.50631 -10.7896
-1.50631 -10.7896
-1.50631 -10.7896
-1.50631 -10.7896
-1.50631 -10.7896
-1.50631 -10.7896
-1.50631 -10.7896
-1.50631 -10.7896
-1.50631 -10.7896
-1.50631 -10.7896
-1.50631 -10.7896
-1.50631 -10.7896
-1.50631 -10.7896
-1.50631 -10.7896
-1.50631 -10.7896
-1.50631 -10.7896
-1.50631 -10.7896
-1.50631 -10.7896
-1.50631 -10.7896
-1.50631 -10.7896
-1.50631 -10.7896
-1.50631 -10.7896
-1.50631 -10.7896
-1.50631 -10.7896
-1.50631 -10.7896
-1.50631 -10.7896
-1.50631 -10.7896
-1.50631 -10.7896
-1.50631 -10.7896
-1.50631 -10.7896
-1.50631 -10.7896
-1.50631 -10.7896
-1.50631 -10.7896
-1.50631 -10.7896
-1.50631 -10.7896
-1.50631 -10.7896
-1.50631 -10.7896
-1.50631 -10.7896
-1.50631 -10.7896
-1.50631 -10.7896
-1.50631 -10.7896
-1.50631 -10.7896
-1.50631 -10.7896
-1.50631 -10.7896
-1.50631 -10.7896
-1.50631 -10.7896
-1.50631 -10.7896
-1.50631 -10.7896
-1.50631 -10.7896
-1.50631 -10.7896
-1.50631 -10.7896
-1.50631 -10.7896
-1.50631 -10.7896
-1.50631 -10.7896
-1.50631 -10.7896
-1.50631 -10.7896
-1.50631 -10.7896
-1.50631 -10.7896
-1.50631 -10.7896
-1.50631 -10.7896
-1.50631 -10.7896
-1.50631 -10.7896
-1.50631 -10.7896
-1.50631 -10.7896
-1.50631 -10.7896
-1.50631 -10.7896
-1.50631 -10.7896
-1.50631 -10.7896
-1.50631 -10.7896
-1.50631 -10.7896
-1.50631 -10.7896
-1.50631 -10.7896
-1.50631 -10.7896
-1.50631 -10.7896
-1.50631 -10.7896
-1.50631 -10.7896
-1.50631 -10.7896
-1.50631 -10.7896
-1.50631 -10.7896
-1.50631 -10.7896
-1.50631 -10.7896
-1.50631 -10.7896
-1.50631 -10.7896
-1.50631 -10.7896
-1.50631 -10.7896
-1.50631 -10.7896
-1.50631 -10.7896
-1.50631 -10.7896
-1.50631 -10.7896
-1.50631 -10.7896
-1.50631 -10.7896
-1.50631 -10.7896
-1.50631 -10.7896
-1.50631 -10.7896
-1.50631 -10.7896
-1.50631 -10.7896
-1.50631 -10.7896
-1.50631 -10.7896
-1.50631 -10.7896
-1.50631 -10.7896
-1.50631 -10.7896
-1.50631 -10.7896
-1.50631 -10.7896
-2 -10