14 18
13.7504 17.9865
13.5007 17.973
13.2511 17.9595
13.0015 17.946
12.7518 17.9325
12.5022 17.919
12.2526 17.9055
12.0029 17.892
11.7533 17.8785
11.5036 17.8651
11.254 17.8516
11.0044 17.8381
10.7547 17.8246
10.5051 17.8111
10.2555 17.7976
10.0058 17.7841
9.75619 17.7706
9.50656 17.7571
9.25692 17.7436
9.00729 17.7301
8.75765 17.7166
8.50801 17.7031
8.25838 17.6896
8.00874 17.6761
7.75911 17.6626
7.50947 17.6491
7.25984 17.6356
7.0102 17.6222
6.76056 17.6087
6.51093 17.5952
6.26129 17.5817
6.01166 17.5682
5.76202 17.5547
5.51239 17.5412
5.26275 17.5277
5.01311 17.5142
4.76348 17.5007
4.51384 17.4872
4.26421 17.4737
4.01457 17.4602
3.76494 17.4467
3.5153 17.4332
3.26567 17.4197
3.01603 17.4062
2.76639 17.3927
2.51676 17.3793
2.26712 17.3658
2.01749 17.3523
1.76785 17.3388
1.51822 17.3253
1.26858 17.3118
1.01894 17.2983
0.769309 17.2848
0.519674 17.2713
0.270038 17.2578
0.0204024 17.2443
-0.229233 17.2308
-0.478869 17.2173
-0.728504 17.2038
-0.97814 17.1903
-1.22778 17.1769
-1.47741 17.1634
-1.72705 17.1499
-1.97668 17.1364
-2.22632 17.1229
-2.47595 17.1094
-2.72559 17.0959
-2.97522 17.0824
-3.22486 17.0689
-3.4745 17.0554
-3.72413 17.0419
-3.97377 17.0284
-4.2234 17.0149
-4.47304 17.0014
-4.72267 16.9879
-4.97231 16.9744
-5.22195 16.961
-5.47158 16.9475
-5.72122 16.934
-5.97085 16.9205
-6.22049 16.907
-6.47012 16.8935
-6.71976 16.88
-6.9694 16.8665
-7.21903 16.853
-7.46867 16.8395
-7.7183 16.826
-7.96794 16.8125
-8.21757 16.799
-8.46721 16.7855
-8.71685 16.772
-8.96648 16.7586
-9.21612 16.7451
-9.46575 16.7316
-9.71539 16.7181
-9.96502 16.7046
-10.2147 16.6911
-10.4643 16.6776
-10.7139 16.6641
-10.9636 16.6506
-11.2132 16.6371
-11.4628 16.6236
-11.7125 16.6101
-11.9621 16.5966
-12.2117 16.5831
-12.4614 16.5696
-12.711 16.5562
-12.9607 16.5427
-13.2103 16.5292
-13.4599 16.5157
-13.7096 16.5022
-13.9592 16.4887
-14.2088 16.4752
-14.4585 16.4617
-14.7081 16.4482
-14.9577 16.4347
-15.2074 16.4212
-15.457 16.4077
-15.7066 16.3942
-15.9563 16.3807
-16.2059 16.3672
-16.4556 16.3537
-16.7052 16.3403
-16.9548 16.3268
-17.2045 16.3133
-17.4541 16.2998
-17.7037 16.2863
-17.9534 16.2728
-18.203 16.2593
-18.4526 16.2458
-18.7023 16.2323
-18.9519 16.2188
-19.2015 16.2053
-19.4512 16.1918
-19.7008 16.1783
-19.9505 16.1648
-20.2001 16.1513
-20.4497 16.1378
-20.6994 16.1244
-20.949 16.1109
-21.1986 16.0974
-21.4483 16.0839
-21.6979 16.0704
-21.9475 16.0569
-23 16