6 -3
5.96899 -3.24807
5.93798 -3.49614
5.90697 -3.74421
5.87597 -3.99228
5.84496 -4.24035
5.81395 -4.48842
5.78294 -4.73649
5.75193 -4.98456
5.72092 -5.23262
5.68991 -5.48069
5.6589 -5.72876
5.6279 -5.97683
5.59689 -6.2249
5.56588 -6.47297
5.53487 -6.72104
5.50386 -6.96911
5.47285 -7.21718
5.44184 -7.46525
5.41083 -7.71332
5.37983 -7.96139
5.34882 -8.20946
5.31781 -8.45753
5.2868 -8.7056
5.25579 -8.95367
5.22478 -9.20174
5.19377 -9.44981
5.16276 -9.69788
5.13176 -9.94594
5.10075 -10.194
5.06974 -10.4421
5.03873 -10.6902
5.00772 -10.9382
4.97671 -11.1863
4.9457 -11.4344
4.91469 -11.6824
4.88369 -11.9305
4.85268 -12.1786
4.82167 -12.4266
4.79066 -12.6747
4.75965 -12.9228
4.72864 -13.1709
4.69763 -13.4189
4.66663 -13.667
4.63562 -13.9151
4.60461 -14.1631
4.5736 -14.4112
4.54259 -14.6593
4.51158 -14.9073
4.48057 -15.1554
4.44956 -15.4035
4.41856 -15.6515
4.38755 -15.8996
4.35654 -16.1477
4.32553 -16.3958
4.29452 -16.6438
4.26351 -16.8919
4.2325 -17.14
4.20149 -17.388
4.17049 -17.6361
4.13948 -17.8842
4.10847 -18.1322
4.11712 -18.1664
4.11712 -18.1664
4.11712 -18.1664
4.11712 -18.1664
4.11712 -18.1664
4.11712 -18.1664
4.11712 -18.1664
4.11712 -18.1664
4.11712 -18.1664
4.11712 -18.1664
4.11712 -18.1664
4.11712 -18.1664
4.11712 -18.1664
4.11712 -18.1664
4.11712 -18.1664
4.11712 -18.1664
4.11712 -18.1664
4.11712 -18.1664
4.11712 -18.1664
4.11712 -18.1664
4.11712 -18.1664
4.11712 -18.1664
4.11712 -18.1664
4.11712 -18.1664
4.11712 -18.1664
4.11712 -18.1664
4.11712 -18.1664
4.11712 -18.1664
4.11712 -18.1664
4.11712 -18.1664
4.11712 -18.1664
4.11712 -18.1664
4.11712 -18.1664
4.11712 -18.1664
4.11712 -18.1664
4.11712 -18.1664
4.11712 -18.1664
4.11712 -18.1664
4.11712 -18.1664
4.11712 -18.1664
4.11712 -18.1664
4.11712 -18.1664
4.11712 -18.1664
4.11712 -18.1664
4.11712 -18.1664
4.11712 -18.1664
4.11712 -18.1664
4.11712 -18.1664
4.11712 -18.1664
4.11712 -18.1664
4.11712 -18.1664
4.11712 -18.1664
4.11712 -18.1664
4.11712 -18.1664
4.11712 -18.1664
4.11712 -18.1664
4.11712 -18.1664
4.11712 -18.1664
4.11712 -18.1664
4.11712 -18.1664
4.11712 -18.1664
4.11712 -18.1664
4.11712 -18.1664
4.11712 -18.1664
4.11712 -18.1664
4.11712 -18.1664
4.11712 -18.1664
4.11712 -18.1664
4.11712 -18.1664
4.11712 -18.1664
4.11712 -18.1664
4.11712 -18.1664
4.11712 -18.1664
4.11712 -18.1664
4.11712 -18.1664
4.11712 -18.1664
4.11712 -18.1664
4.11712 -18.1664
4.11712 -18.1664
4.11712 -18.1664
4.11712 -18.1664
4.11712 -18.1664
4.11712 -18.1664
4 -19