21 12
20.926 12.0523
20.7309 12.2086
20.5358 12.365
20.3407 12.5213
20.1456 12.6777
19.9506 12.834
19.7555 12.9903
19.5604 13.1467
19.3653 13.303
19.1702 13.4594
18.9751 13.6157
18.7801 13.772
18.585 13.9284
18.3899 14.0847
18.1948 14.2411
17.9997 14.3974
17.8046 14.5538
17.6095 14.7101
17.4145 14.8664
17.2194 15.0228
17.0243 15.1791
16.8292 15.3355
16.6341 15.4918
16.6341 15.4918
16.6341 15.4918
16.6341 15.4918
16.6341 15.4918
16.6341 15.4918
16.6341 15.4918
16.6341 15.4918
16.6341 15.4918
16.6341 15.4918
16.6341 15.4918
16.6341 15.4918
16.6341 15.4918
16.6341 15.4918
16.6341 15.4918
16.6341 15.4918
16.6341 15.4918
16.6341 15.4918
16.6341 15.4918
16.6341 15.4918
16.6341 15.4918
16.6341 15.4918
16.6341 15.4918
16.6341 15.4918
16.6341 15.4918
16.6341 15.4918
16.6341 15.4918
16.6341 15.4918
16.6341 15.4918
16.6341 15.4918
16.6341 15.4918
16.6341 15.4918
16.6341 15.4918
16.6341 15.4918
16.6341 15.4918
16.6341 15.4918
16.6341 15.4918
16.6341 15.4918
16.6341 15.4918
16.6341 15.4918
16.6341 15.4918
16.6341 15.4918
16.6341 15.4918
16.6341 15.4918
16.6341 15.4918
16.6341 15.4918
16.6341 15.4918
16.6341 15.4918
16.6341 15.4918
16.6341 15.4918
16.6341 15.4918
16.6341 15.4918
16.6341 15.4918
16.6341 15.4918
16.6341 15.4918
16.6341 15.4918
16.6341 15.4918
16.6341 15.4918
16.6341 15.4918
16.6341 15.4918
16.6341 15.4918
16.6341 15.4918
16.6341 15.4918
16.6341 15.4918
16.6341 15.4918
16.6341 15.4918
16.6341 15.4918
16.6341 15.4918
16.6341 15.4918
16.6341 15.4918
16.6341 15.4918
16.6341 15.4918
16.6341 15.4918
16.6341 15.4918
16.6341 15.4918
16.6341 15.4918
16.6341 15.4918
16.6341 15.4918
16.6341 15.4918
16.6341 15.4918
16.6341 15.4918
16.6341 15.4918
16.6341 15.4918
16.6341 15.4918
16.6341 15.4918
16.6341 15.4918
16.6341 15.4918
16.6341 15.4918
16.6341 15.4918
16.6341 15.4918
16.6341 15.4918
16.6341 15.4918
16.6341 15.4918
16.6341 15.4918
16.6341 15.4918
16.6341 15.4918
16.6341 15.4918
16.6341 15.4918
16.6341 15.4918
16.6341 15.4918
16.6341 15.4918
16.6341 15.4918
16.6341 15.4918
16.6341 15.4918
16.6341 15.4918
16.6341 15.4918
16.6341 15.4918
16.6341 15.4918
16.6341 15.4918
16.6341 15.4918
16.6341 15.4918
16.6341 15.4918
16.6341 15.4918
16.6341 15.4918
16.6341 15.4918
16.6341 15.4918
16.6341 15.4918
16.6341 15.4918
16.6341 15.4918
16.6341 15.4918
16.6341 15.4918
16.6341 15.4918
16 16