18 4
17.964 3.76661
17.9094 3.52266
17.8547 3.27871
17.8001 3.03476
17.7454 2.7908
17.6908 2.54685
17.6361 2.3029
17.5815 2.05894
17.5268 1.81499
17.4721 1.57104
17.4175 1.32709
17.3628 1.08313
17.3082 0.839181
17.2535 0.595228
17.1989 0.351276
17.1442 0.107323
17.0896 -0.13663
17.0349 -0.380583
16.9803 -0.624535
16.9256 -0.868488
16.871 -1.11244
16.8163 -1.35639
16.7616 -1.60035
16.707 -1.8443
16.6523 -2.08825
16.5977 -2.3322
16.543 -2.57616
16.4884 -2.82011
16.4337 -3.06406
16.3791 -3.30802
16.3244 -3.55197
16.2698 -3.79592
16.2151 -4.03987
16.2151 -4.03987
16.2151 -4.03987
16.2151 -4.03987
16.2151 -4.03987
16.2151 -4.03987
16.2151 -4.03987
16.2151 -4.03987
16.2151 -4.03987
16.2151 -4.03987
16.2151 -4.03987
16.2151 -4.03987
16.2151 -4.03987
16.2151 -4.03987
16.2151 -4.03987
16.2151 -4.03987
16.2151 -4.03987
16.2151 -4.03987
16.2151 -4.03987
16.2151 -4.03987
16.2151 -4.03987
16.2151 -4.03987
16.2151 -4.03987
16.2151 -4.03987
16.2151 -4.03987
16.2151 -4.03987
16.2151 -4.03987
16.2151 -4.03987
16.2151 -4.03987
16.2151 -4.03987
16.2151 -4.03987
16.2151 -4.03987
16.2151 -4.03987
16.2151 -4.03987
16.2151 -4.03987
16.2151 -4.03987
16.2151 -4.03987
16.2151 -4.03987
16.2151 -4.03987
16.2151 -4.03987
16.2151 -4.03987
16.2151 -4.03987
16.2151 -4.03987
16.2151 -4.03987
16.2151 -4.03987
16.2151 -4.03987
16.2151 -4.03987
16.2151 -4.03987
16.2151 -4.03987
16.2151 -4.03987
16.2151 -4.03987
16.2151 -4.03987
16.2151 -4.03987
16.2151 -4.03987
16.2151 -4.03987
16.2151 -4.03987
16.2151 -4.03987
16.2151 -4.03987
16.2151 -4.03987
16.2151 -4.03987
16.2151 -4.03987
16.2151 -4.03987
16.2151 -4.03987
16.2151 -4.03987
16.2151 -4.03987
16.2151 -4.03987
16.2151 -4.03987
16.2151 -4.03987
16.2151 -4.03987
16.2151 -4.03987
16.2151 -4.03987
16.2151 -4.03987
16.2151 -4.03987
16.2151 -4.03987
16.2151 -4.03987
16.2151 -4.03987
16.2151 -4.03987
16.2151 -4.03987
16.2151 -4.03987
16.2151 -4.03987
16.2151 -4.03987
16.2151 -4.03987
16.2151 -4.03987
16.2151 -4.03987
16.2151 -4.03987
16.2151 -4.03987
16.2151 -4.03987
16.2151 -4.03987
16.2151 -4.03987
16.2151 -4.03987
16.2151 -4.03987
16.2151 -4.03987
16.2151 -4.03987
16.2151 -4.03987
16.2151 -4.03987
16.2151 -4.03987
16.2151 -4.03987
16.2151 -4.03987
16.2151 -4.03987
16.2151 -4.03987
16.2151 -4.03987
16.2151 -4.03987
16.2151 -4.03987
16.2151 -4.03987
16.2151 -4.03987
16.2151 -4.03987
16.2151 -4.03987
16.2151 -4.03987
16.2151 -4.03987
16.2151 -4.03987
16.2151 -4.03987
16.2151 -4.03987
16 -5