-19 25
-18.792 24.8613
-18.584 24.7226
-18.376 24.584
-18.168 24.4453
-17.9599 24.3066
-17.7519 24.1679
-17.5439 24.0293
-17.3359 23.8906
-17.1279 23.7519
-16.9199 23.6132
-16.7119 23.4746
-16.5038 23.3359
-16.2958 23.1972
-16.0878 23.0585
-15.8798 22.9199
-15.6718 22.7812
-15.4638 22.6425
-15.2558 22.5038
-15.0478 22.3652
-14.8397 22.2265
-14.6317 22.0878
-14.4237 21.9491
-14.2157 21.8105
-14.0077 21.6718
-13.7997 21.5331
-13.5917 21.3944
-13.3837 21.2558
-13.1756 21.1171
-12.9676 20.9784
-12.7596 20.8397
-12.5516 20.7011
-12.3436 20.5624
-12.1356 20.4237
-11.9276 20.285
-11.7196 20.1464
-11.5115 20.0077
-11.3035 19.869
-11.0955 19.7303
-10.8875 19.5916
-10.6795 19.453
-10.4715 19.3143
-10.2635 19.1756
-10.0555 19.0369
-9.84744 18.8983
-9.63943 18.7596
-9.43142 18.6209
-9.2234 18.4823
-9.01539 18.3436
-8.80738 18.2049
-8.59937 18.0662
-8.39135 17.9276
-8.18334 17.7889
-7.97533 17.6502
-7.76731 17.5115
-7.5593 17.3729
-7.35129 17.2342
-7.14328 17.0955
-6.93526 16.9568
-6.72725 16.8182
-6.51924 16.6795
-6.31123 16.5408
-6.10321 16.4021
-5.8952 16.2635
-5.68719 16.1248
-5.47918 15.9861
-5.27116 15.8474
-5.06315 15.7088
-4.85514 15.5701
-4.64713 15.4314
-4.43911 15.2927
-4.2311 15.1541
-4.02309 15.0154
-3.81508 14.8767
-3.60706 14.738
-3.39905 14.5994
-3.19104 14.4607
-2.98302 14.322
-2.77501 14.1833
-2.567 14.0447
-2.35899 13.906
-2.15097 13.7673
-1.94296 13.6286
-1.73495 13.49
-1.73495 13.49
-1.73495 13.49
-1.73495 13.49
-1.73495 13.49
-1.73495 13.49
-1.73495 13.49
-1.73495 13.49
-1.73495 13.49
-1.73495 13.49
-1.73495 13.49
-1.73495 13.49
-1.73495 13.49
-1.73495 13.49
-1.73495 13.49
-1.73495 13.49
-1.73495 13.49
-1.73495 13.49
-1.73495 13.49
-1.73495 13.49
-1.73495 13.49
-1.73495 13.49
-1.73495 13.49
-1.73495 13.49
-1.73495 13.49
-1.73495 13.49
-1.73495 13.49
-1.73495 13.49
-1.73495 13.49
-1.73495 13.49
-1.73495 13.49
-1.73495 13.49
-1.73495 13.49
-1.73495 13.49
-1.73495 13.49
-1.73495 13.49
-1.73495 13.49
-1.73495 13.49
-1.73495 13.49
-1.73495 13.49
-1.73495 13.49
-1.73495 13.49
-1.73495 13.49
-1.73495 13.49
-1.73495 13.49
-1.73495 13.49
-1.73495 13.49
-1.73495 13.49
-1.73495 13.49
-1.73495 13.49
-1.73495 13.49
-1.73495 13.49
-1.73495 13.49
-1.73495 13.49
-1.73495 13.49
-1.73495 13.49
-1.73495 13.49
-1.73495 13.49
-1.73495 13.49
-1.73495 13.49
-1.73495 13.49
-1.73495 13.49
-1.73495 13.49
-1.73495 13.49
-1.73495 13.49
-1.73495 13.49
-1.73495 13.49
-1.73495 13.49
-1.73495 13.49
-1.73495 13.49
-1 13