17 -9
16.7503 -9.0128
16.5007 -9.02561
16.251 -9.03841
16.0013 -9.05122
15.7516 -9.06402
15.502 -9.07682
15.2523 -9.08963
15.0026 -9.10243
14.753 -9.11524
14.5033 -9.12804
14.2536 -9.14084
14.0039 -9.15365
13.7543 -9.16645
13.5046 -9.17926
13.2549 -9.19206
13.0052 -9.20486
12.7556 -9.21767
12.5059 -9.23047
12.2562 -9.24328
12.0066 -9.25608
11.7569 -9.26888
11.5072 -9.28169
11.2575 -9.29449
11.0079 -9.3073
10.7582 -9.3201
10.5085 -9.3329
10.2589 -9.34571
10.0092 -9.35851
9.75951 -9.37132
9.50984 -9.38412
9.26017 -9.39692
9.0105 -9.40973
8.76083 -9.42253
8.51115 -9.43534
8.26148 -9.44814
8.01181 -9.46095
7.76214 -9.47375
7.51247 -9.48655
7.26279 -9.49936
7.01312 -9.51216
6.76345 -9.52497
6.51378 -9.53777
6.26411 -9.55057
6.01443 -9.56338
5.76476 -9.57618
5.51509 -9.58898
5.26542 -9.60179
5.01575 -9.61459
4.76608 -9.62739
4.5164 -9.6402
4.26673 -9.653
4.01706 -9.66581
3.76739 -9.67861
3.51772 -9.69141
3.26804 -9.70422
3.01837 -9.71702
2.7687 -9.72982
2.51903 -9.74263
2.26936 -9.75543
2.01968 -9.76823
1.77001 -9.78104
1.52034 -9.79384
1.27067 -9.80664
1.021 -9.81945
0.771324 -9.83225
0.521652 -9.84506
0.27198 -9.85786
0.0223084 -9.87066
-0.227364 -9.88347
-0.477035 -9.89627
-0.726707 -9.90907
-0.976379 -9.92188
-1.22605 -9.93468
-1.47572 -9.94748
-1.7254 -9.96029
-1.97507 -9.97309
-2.22474 -9.9859
-2.47441 -9.9987
-2.72408 -10.0115
-2.97375 -10.0243
-3.22343 -10.0371
-3.4731 -10.0499
-3.72277 -10.0627
-3.97244 -10.0755
-4.22211 -10.0883
-4.47179 -10.1011
-4.72146 -10.1139
-4.97113 -10.1267
-5.2208 -10.1395
-5.47047 -10.1523
-5.72015 -10.1651
-5.96982 -10.1779
-6.21949 -10.1908
-6.46916 -10.2036
-6.71883 -10.2164
-6.96851 -10.2292
-7.21818 -10.242
-7.46785 -10.2548
-7.71752 -10.2676
-7.96719 -10.2804
-8.21686 -10.2932
-8.46654 -10.306
-8.71621 -10.3188
-8.96588 -10.3316
-9.21555 -10.3444
-9.46522 -10.3572
-9.7149 -10.37
-9.96457 -10.3828
-10.2142 -10.3956
-10.4639 -10.4084
-10.7136 -10.4212
-10.9633 -10.434
-11.2129 -10.4468
-11.4626 -10.4596
-11.7123 -10.4724
-11.9619 -10.4852
-12.2116 -10.498
-12.4613 -10.5108
-12.711 -10.5236
-12.9606 -10.5364
-13.2103 -10.5493
-13.46 -10.5621
-13.7096 -10.5749
-13.9593 -10.5877
-14.209 -10.6005
-14.4587 -10.6133
-14.7083 -10.6261
-14.958 -10.6389
-15.2077 -10.6517
-15.4574 -10.6645
-15.707 -10.6773
-15.9567 -10.6901
-16.2064 -10.7029
-16.456 -10.7157
-16.7057 -10.7285
-16.9554 -10.7413
-17.2051 -10.7541
-17.4547 -10.7669
-17.7044 -10.7797
-17.9541 -10.7925
-18.2037 -10.8053
-18.4534 -10.8181
-18.7031 -10.8309
-18.9528 -10.8437
-19.2024 -10.8565
-19.4521 -10.8693
-19.7018 -10.8821
-19.9514 -10.8949
-20.2011 -10.9078
-20.4508 -10.9206
-20.7005 -10.9334
-20.9501 -10.9462
-22 -11