7 23
7.07713 22.7622
7.15425 22.5244
7.23138 22.2866
7.3085 22.0488
7.38563 21.811
7.46276 21.5732
7.53988 21.3354
7.61701 21.0975
7.69413 20.8597
7.77126 20.6219
7.84839 20.3841
7.92551 20.1463
8.00264 19.9085
8.07977 19.6707
8.15689 19.4329
8.23402 19.1951
8.31114 18.9573
8.38827 18.7195
8.4654 18.4817
8.54252 18.2439
8.61965 18.0061
8.69678 17.7683
8.7739 17.5305
8.85103 17.2926
8.92816 17.0548
9.00528 16.817
9.08241 16.5792
9.15954 16.3414
9.23666 16.1036
9.31379 15.8658
9.39092 15.628
9.46804 15.3902
9.54517 15.1524
9.6223 14.9146
9.69942 14.6768
9.77655 14.439
9.85367 14.2012
9.9308 13.9634
10.0079 13.7256
10.0851 13.4878
10.1622 13.25
10.2393 13.0121
10.3164 12.7743
10.3936 12.5365
10.4707 12.2987
10.5478 12.0609
10.6249 11.8231
10.7021 11.5853
10.7792 11.3475
10.8563 11.1097
10.9334 10.8719
11.0106 10.6341
11.0877 10.3963
11.1648 10.1585
11.242 9.92068
11.3191 9.68287
11.3962 9.44507
11.4733 9.20726
11.5505 8.96946
11.6276 8.73165
11.7047 8.49384
11.7818 8.25604
11.859 8.01823
11.9361 7.78043
12.0132 7.54262
12.0903 7.30482
12.1675 7.06701
12.2446 6.82921
12.3217 6.5914
12.3988 6.35359
12.476 6.11579
12.5531 5.87798
12.6302 5.64018
12.7074 5.40237
12.7845 5.16456
12.8616 4.92676
12.9387 4.68895
13.0159 4.45115
13.093 4.21334
13.1701 3.97553
13.2472 3.73773
13.3244 3.49992
13.4015 3.26212
13.4786 3.02431
13.5557 2.78651
13.6329 2.5487
13.71 2.31089
13.7871 2.07309
13.8642 1.83528
13.9414 1.59748
14.0185 1.35967
14.0956 1.12187
14.1727 0.88406
14.2499 0.646254
14.327 0.408448
14.4041 0.170642
14.4813 -0.0671634
14.5584 -0.304969
14.6355 -0.542775
14.7126 -0.780581
14.7898 -1.01839
14.8669 -1.25619
14.944 -1.494
15.0211 -1.7318
15.0983 -1.96961
15.1754 -2.20742
15.2525 -2.44522
15.3296 -2.68303
15.4068 -2.92083
15.4839 -3.15864
15.561 -3.39644
15.6381 -3.63425
15.7153 -3.87206
15.7924 -4.10986
15.8695 -4.34767
15.9466 -4.58547
16.0238 -4.82328
16.1009 -5.06109
16.178 -5.29889
16.2551 -5.5367
16.3323 -5.7745
16.4094 -6.01231
16.4865 -6.25011
16.5637 -6.48792
16.6408 -6.72573
16.7179 -6.96353
16.795 -7.20134
16.8722 -7.43914
16.9493 -7.67695
17.0264 -7.91476
17.1035 -8.15256
17.1807 -8.39037
17.2578 -8.62817
17.3349 -8.86598
17.412 -9.10378
17.4892 -9.34159
17.5663 -9.57939
17.6434 -9.8172
17.7205 -10.055
17.7977 -10.2928
17.8748 -10.5306
17.9519 -10.7684
18.029 -11.0062
18.1062 -11.244
18.1833 -11.4818
18.2604 -11.7196
18.3375 -11.9574
18.4147 -12.1953
18.4918 -12.4331
18.5689 -12.6709
18.6461 -12.9087
18.7232 -13.1465
19 -14