-4 24
-4.0911 23.7672
-4.1822 23.5344
-4.2733 23.3016
-4.3644 23.0688
-4.4555 22.8359
-4.5466 22.6031
-4.6377 22.3703
-4.7288 22.1375
-4.8199 21.9047
-4.911 21.6719
-5.0021 21.4391
-5.0932 21.2063
-5.1843 20.9735
-5.2754 20.7406
-5.3665 20.5078
-5.4576 20.275
-5.5487 20.0422
-5.6398 19.8094
-5.7309 19.5766
-5.82199 19.3438
-5.91309 19.111
-6.00419 18.8782
-6.09529 18.6453
-6.18639 18.4125
-6.27749 18.1797
-6.36859 17.9469
-6.45969 17.7141
-6.55079 17.4813
-6.64189 17.2485
-6.73299 17.0157
-6.82409 16.7829
-6.91519 16.55
-7.00629 16.3172
-7.09739 16.0844
-7.18849 15.8516
-7.27959 15.6188
-7.37069 15.386
-7.46179 15.1532
-7.55289 14.9204
-7.64399 14.6876
-7.73509 14.4548
-7.82619 14.2219
-7.91729 13.9891
-8.00839 13.7563
-8.09949 13.5235
-8.19059 13.2907
-8.28169 13.0579
-8.37279 12.8251
-8.46389 12.5923
-8.55499 12.3595
-8.64609 12.1266
-8.73719 11.8938
-8.82829 11.661
-8.91939 11.4282
-9.01049 11.1954
-9.10159 10.9626
-9.19269 10.7298
-9.28378 10.497
-9.37488 10.2642
-9.46598 10.0313
-9.55708 9.79853
-9.64818 9.56572
-9.73928 9.33291
-9.83038 9.1001
-9.92148 8.86729
-10.0126 8.63448
-10.1037 8.40166
-10.1948 8.16885
-10.2859 7.93604
-10.377 7.70323
-10.4681 7.47042
-10.5592 7.23761
-10.6503 7.0048
-10.7414 6.77199
-10.8325 6.53918
-10.9236 6.30637
-11.0147 6.07356
-11.1058 5.84075
-11.1969 5.60794
-11.288 5.37513
-11.3791 5.14232
-11.4702 4.90951
-11.5613 4.6767
-11.6524 4.44389
-11.7435 4.21108
-11.8346 3.97826
-11.9257 3.74545
-12.0168 3.51264
-12.1079 3.27983
-12.199 3.04702
-12.2901 2.81421
-12.3812 2.5814
-12.4723 2.34859
-12.5634 2.11578
-12.6545 1.88297
-12.6545 1.88297
-12.6545 1.88297
-12.6545 1.88297
-12.6545 1.88297
-12.6545 1.88297
-12.6545 1.88297
-12.6545 1.88297
-12.6545 1.88297
-12.6545 1.88297
-12.6545 1.88297
-12.6545 1.88297
-12.6545 1.88297
-12.6545 1.88297
-12.6545 1.88297
-12.6545 1.88297
-12.6545 1.88297
-12.6545 1.88297
-12.6545 1.88297
-12.6545 1.88297
-12.6545 1.88297
-12.6545 1.88297
-12.6545 1.88297
-12.6545 1.88297
-12.6545 1.88297
-12.6545 1.88297
-12.6545 1.88297
-12.6545 1.88297
-12.6545 1.88297
-12.6545 1.88297
-12.6545 1.88297
-12.6545 1.88297
-12.6545 1.88297
-12.6545 1.88297
-12.6545 1.88297
-12.6545 1.88297
-12.6545 1.88297
-12.6545 1.88297
-12.6545 1.88297
-12.6545 1.88297
-12.6545 1.88297
-12.6545 1.88297
-12.6545 1.88297
-12.6545 1.88297
-12.6545 1.88297
-12.6545 1.88297
-12.6545 1.88297
-12.6545 1.88297
-12.6545 1.88297
-12.6545 1.88297
-12.6545 1.88297
-12.6545 1.88297
-12.6545 1.88297
-12.6545 1.88297
-12.6545 1.88297
-12.6545 1.88297
-12.6545 1.88297
-12.6545 1.88297
-13 1