-8 -16
-8 -15.75
-8 -15.5
-8 -15.25
-8 -15
-8 -15
-8 -15
-8 -15
-8 -15
-8 -15
-8 -15
-8 -15
-8 -15
-8 -15
-8 -15
-8 -15
-8 -15
-8 -15
-8 -15
-8 -15
-8 -15
-8 -15
-8 -15
-8 -15
-8 -15
-8 -15
-8 -15
-8 -15
-8 -15
-8 -15
-8 -15
-8 -15
-8 -15
-8 -15
-8 -15
-8 -15
-8 -15
-8 -15
-8 -15
-8 -15
-8 -15
-8 -15
-8 -15
-8 -15
-8 -15
-8 -15
-8 -15
-8 -15
-8 -15
-8 -15
-8 -15
-8 -15
-8 -15
-8 -15
-8 -15
-8 -15
-8 -15
-8 -15
-8 -15
-8 -15
-8 -15
-8 -15
-8 -15
-8 -15
-8 -15
-8 -15
-8 -15
-8 -15
-8 -15
-8 -15
-8 -15
-8 -15
-8 -15
-8 -15
-8 -15
-8 -15
-8 -15
-8 -15
-8 -15
-8 -15
-8 -15
-8 -15
-8 -15
-8 -15
-8 -15
-8 -15
-8 -15
-8 -15
-8 -15
-8 -15
-8 -15
-8 -15
-8 -15
-8 -15
-8 -15
-8 -15
-8 -15
-8 -15
-8 -15
-8 -15
-8 -15
-8 -15
-8 -15
-8 -15
-8 -15
-8 -15
-8 -15
-8 -15
-8 -15
-8 -15
-8 -15
-8 -15
-8 -15
-8 -15
-8 -15
-8 -15
-8 -15
-8 -15
-8 -15
-8 -15
-8 -15
-8 -15
-8 -15
-8 -15
-8 -15
-8 -15
-8 -15
-8 -15
-8 -15
-8 -15
-8 -15
-8 -15
-8 -15
-8 -15
-8 -15
-8 -15
-8 -15
-8 -15
-8 -15
-8 -15
-8 -15
-8 -15
-8 -15
-8 -15
-8 -15
-8 -15
-8 -15
-8 -15
-8 -15
-8 -15
-8 -15
-8 -15
-8 -15
-8 -14