25 12
24.7551 12.0502
24.5102 12.1005
24.2653 12.1507
24.0204 12.2009
23.7755 12.2512
23.5306 12.3014
23.2857 12.3517
23.0408 12.4019
22.7959 12.4521
22.551 12.5024
22.3061 12.5526
22.0612 12.6028
21.8163 12.6531
21.5714 12.7033
21.3265 12.7535
21.0816 12.8038
20.8367 12.854
20.5918 12.9042
20.3469 12.9545
20.102 13.0047
19.8571 13.055
19.6122 13.1052
19.3673 13.1554
19.1224 13.2057
18.8775 13.2559
18.6326 13.3061
18.3877 13.3564
18.1428 13.4066
17.8979 13.4568
17.653 13.5071
17.4081 13.5573
17.1632 13.6075
16.9183 13.6578
16.6734 13.708
16.4285 13.7583
16.1836 13.8085
15.9387 13.8587
15.6938 13.909
15.4489 13.9592
15.204 14.0094
14.9591 14.0597
14.7142 14.1099
14.4693 14.1601
14.2244 14.2104
13.9795 14.2606
13.7346 14.3108
13.4897 14.3611
13.2448 14.4113
12.9999 14.4616
12.755 14.5118
12.5101 14.562
12.2652 14.6123
12.0203 14.6625
11.7754 14.7127
11.5305 14.763
11.2856 14.8132
11.0407 14.8634
10.7958 14.9137
10.5509 14.9639
10.306 15.0141
10.0611 15.0644
9.81619 15.1146
9.57129 15.1649
9.32639 15.2151
9.08149 15.2653
8.83659 15.3156
8.59169 15.3658
8.34679 15.416
8.10189 15.4663
7.85699 15.5165
7.61208 15.5667
7.36718 15.617
7.12228 15.6672
6.87738 15.7174
6.63248 15.7677
6.38758 15.8179
6.14268 15.8682
5.89778 15.9184
5.65288 15.9686
5.40798 16.0189
5.16308 16.0691
4.91818 16.1193
4.67328 16.1696
4.42838 16.2198
4.18347 16.27
3.93857 16.3203
3.69367 16.3705
3.44877 16.4207
3.20387 16.471
2.95897 16.5212
2.71407 16.5715
2.46917 16.6217
2.22427 16.6719
1.97937 16.7222
1.73447 16.7724
1.48957 16.8226
1.24467 16.8729
0.999766 16.9231
0.754865 16.9733
0.509965 17.0236
0.265064 17.0738
0.0201636 17.124
-0.224737 17.1743
-0.469638 17.2245
-0.714538 17.2748
-0.959439 17.325
-1.20434 17.3752
-1.44924 17.4255
-1.69414 17.4757
-1.93904 17.5259
-2.18394 17.5762
-2.42884 17.6264
-2.67374 17.6766
-2.91864 17.7269
-3.16354 17.7771
-3.40844 17.8273
-3.65334 17.8776
-3.89825 17.9278
-4.14315 17.9781
-4.38805 18.0283
-4.63295 18.0785
-4.87785 18.1288
-5.12275 18.179
-5.36765 18.2292
-5.61255 18.2795
-5.85745 18.3297
-6.10235 18.3799
-6.34725 18.4302
-6.59215 18.4804
-6.83705 18.5307
-7.08195 18.5809
-7.32686 18.6311
-7.57176 18.6814
-7.81666 18.7316
-8.06156 18.7818
-8.30646 18.8321
-8.55136 18.8823
-8.79626 18.9326
-9.04116 18.9828
-9.28606 19.033
-9.53096 19.0833
-9.77586 19.1335
-10.0208 19.1837
-10.2657 19.234
-10.5106 19.2842
-10.7555 19.3344
-11.0004 19.3847
-11.2453 19.4349
-11.4902 19.4852
-11.7351 19.5354
-11.98 19.5856
-12.2249 19.6359
-12.4698 19.6861
-12.7147 19.7363
-12.9596 19.7866
-14 20