5 -2
4.89674 -1.94533
4.76642 -1.75295
4.62574 -1.5463
4.48505 -1.33964
4.34436 -1.13298
4.20368 -0.926322
4.06299 -0.719664
3.92231 -0.513006
3.78162 -0.306349
3.64093 -0.0996908
3.50025 0.106967
3.35956 0.313625
3.21887 0.520282
3.07819 0.72694
2.9375 0.933598
2.79682 1.14026
2.65613 1.34691
2.51544 1.55357
2.37476 1.76023
2.23407 1.96689
2.09339 2.17354
1.9527 2.3802
1.81201 2.58686
1.67133 2.79352
1.53064 3.00017
1.38996 3.20683
1.24927 3.41349
1.10858 3.62015
0.967898 3.82681
0.827211 4.03346
0.686525 4.24012
0.545839 4.44678
0.405153 4.65344
0.264467 4.8601
0.123781 5.06675
-0.0169051 5.27341
-0.157591 5.48007
-0.298277 5.68673
-0.438963 5.89338
-0.57965 6.10004
-0.720336 6.3067
-0.861022 6.51336
-1.00171 6.72002
-1.14239 6.92667
-1.28308 7.13333
-1.42377 7.33999
-1.56445 7.54665
-1.70514 7.75331
-1.84582 7.95996
-1.98651 8.16662
-2.1272 8.37328
-2.26788 8.57994
-2.40857 8.78659
-2.54926 8.99325
-2.68994 9.19991
-2.83063 9.40657
-2.97131 9.61322
-3.112 9.81988
-3.25269 10.0265
-3.39337 10.2332
-3.53406 10.4399
-3.67474 10.6465
-3.81543 10.8532
-3.95612 11.0598
-4.0968 11.2665
-4.23749 11.4731
-4.37817 11.6798
-4.51886 11.8865
-4.65955 12.0931
-4.80023 12.2998
-4.94092 12.5064
-5.0816 12.7131
-5.22229 12.9197
-5.36298 13.1264
-5.50366 13.3331
-5.64435 13.5397
-5.78503 13.7464
-5.92572 13.953
-6.06641 14.1597
-6.20709 14.3663
-6.34778 14.573
-6.48846 14.7797
-6.62915 14.9863
-6.76984 15.193
-6.91052 15.3996
-7.05121 15.6063
-7.19189 15.8129
-7.33258 16.0196
-7.47327 16.2263
-7.58919 16.3333
-7.68201 16.3693
-7.73637 16.3595
-7.75273 16.3426
-7.75448 16.3364
-7.75448 16.3364
-7.75448 16.3364
-7.75448 16.3364
-7.75448 16.3364
-7.75448 16.3364
-7.75448 16.3364
-7.75448 16.3364
-7.75448 16.3364
-7.75448 16.3364
-7.75448 16.3364
-7.75448 16.3364
-7.75448 16.3364
-7.75448 16.3364
-7.75448 16.3364
-7.75448 16.3364
-7.75448 16.3364
-7.75448 16.3364
-7.75448 16.3364
-7.75448 16.3364
-7.75448 16.3364
-7.75448 16.3364
-7.75448 16.3364
-7.75448 16.3364
-7.75448 16.3364
-7.75448 16.3364
-7.75448 16.3364
-7.75448 16.3364
-7.75448 16.3364
-7.75448 16.3364
-7.75448 16.3364
-7.75448 16.3364
-7.75448 16.3364
-7.75448 16.3364
-7.75448 16.3364
-7.75448 16.3364
-7.75448 16.3364
-7.75448 16.3364
-7.75448 16.3364
-7.75448 16.3364
-7.75448 16.3364
-7.75448 16.3364
-7.75448 16.3364
-7.75448 16.3364
-7.75448 16.3364
-7.75448 16.3364
-7.75448 16.3364
-7.75448 16.3364
-7.75448 16.3364
-7.75448 16.3364
-7.75448 16.3364
-7.75448 16.3364
-7.75448 16.3364
-7.75448 16.3364
-7.75448 16.3364
-7.75448 16.3364
-7.75448 16.3364
-7.75448 16.3364
-7.75448 16.3364
-7.75448 16.3364
-7.75448 16.3364
-7.75448 16.3364
-8 17