3 6
2.77096 6.1002
2.54192 6.20041
2.31288 6.30061
2.08384 6.40082
1.8548 6.50102
1.62576 6.60123
1.39672 6.70143
1.16769 6.80164
0.938646 6.90184
0.709606 7.00205
0.480567 7.10225
0.251528 7.20246
0.0224884 7.30266
-0.206551 7.40287
-0.43559 7.50307
-0.66463 7.60328
-0.893669 7.70348
-1.12271 7.80369
-1.35175 7.90389
-1.58079 8.00409
-1.80983 8.1043
-2.03887 8.2045
-2.2679 8.30471
-2.49694 8.40491
-2.72598 8.50512
-2.95502 8.60532
-3.18406 8.70553
-3.4131 8.80573
-3.64214 8.90593
-3.87118 9.00614
-4.10022 9.10634
-4.32926 9.20655
-4.5583 9.30675
-4.78734 9.40696
-5.01638 9.50716
-5.24542 9.60737
-5.47445 9.70757
-5.70349 9.80777
-5.93253 9.90798
-6.16157 10.0082
-6.39061 10.1084
-6.61965 10.2086
-6.84869 10.3088
-7.07773 10.409
-7.30677 10.5092
-7.53581 10.6094
-7.76485 10.7096
-7.99389 10.8098
-8.22293 10.91
-8.45196 11.0102
-8.681 11.1104
-8.91004 11.2106
-9.13908 11.3108
-9.36812 11.411
-9.59716 11.5113
-9.8262 11.6115
-10.0552 11.7117
-10.2843 11.8119
-10.5133 11.9121
-10.7424 12.0123
-10.9714 12.1125
-11.2004 12.2127
-11.4295 12.3129
-11.6585 12.4131
-11.8876 12.5133
-12.1166 12.6135
-12.1857 12.5946
-12.1857 12.5946
-12.1857 12.5946
-12.1857 12.5946
-12.1857 12.5946
-12.1857 12.5946
-12.1857 12.5946
-12.1857 12.5946
-12.1857 12.5946
-12.1857 12.5946
-12.1857 12.5946
-12.1857 12.5946
-12.1857 12.5946
-12.1857 12.5946
-12.1857 12.5946
-12.1857 12.5946
-12.1857 12.5946
-12.1857 12.5946
-12.1857 12.5946
-12.1857 12.5946
-12.1857 12.5946
-12.1857 12.5946
-12.1857 12.5946
-12.1857 12.5946
-12.1857 12.5946
-12.1857 12.5946
-12.1857 12.5946
-12.1857 12.5946
-12.1857 12.5946
-12.1857 12.5946
-12.1857 12.5946
-12.1857 12.5946
-12.1857 12.5946
-12.1857 12.5946
-12.1857 12.5946
-12.1857 12.5946
-12.1857 12.5946
-12.1857 12.5946
-12.1857 12.5946
-12.1857 12.5946
-12.1857 12.5946
-12.1857 12.5946
-12.1857 12.5946
-12.1857 12.5946
-12.1857 12.5946
-12.1857 12.5946
-12.1857 12.5946
-12.1857 12.5946
-12.1857 12.5946
-12.1857 12.5946
-12.1857 12.5946
-12.1857 12.5946
-12.1857 12.5946
-12.1857 12.5946
-12.1857 12.5946
-12.1857 12.5946
-12.1857 12.5946
-12.1857 12.5946
-12.1857 12.5946
-12.1857 12.5946
-12.1857 12.5946
-12.1857 12.5946
-12.1857 12.5946
-12.1857 12.5946
-12.1857 12.5946
-12.1857 12.5946
-12.1857 12.5946
-12.1857 12.5946
-12.1857 12.5946
-12.1857 12.5946
-12.1857 12.5946
-12.1857 12.5946
-12.1857 12.5946
-12.1857 12.5946
-12.1857 12.5946
-12.1857 12.5946
-12.1857 12.5946
-12.1857 12.5946
-12.1857 12.5946
-12.1857 12.5946
-12.1857 12.5946
-12.1857 12.5946
-12.1857 12.5946
-12.1857 12.5946
-12.1857 12.5946
-12.1857 12.5946
-12.1857 12.5946
-12.1857 12.5946
-12.1857 12.5946
-13 13