10 -2
10.0806 -1.78611
10.1346 -1.542
10.1885 -1.29789
10.2425 -1.05378
10.2964 -0.809671
10.3503 -0.56556
10.4043 -0.32145
10.4582 -0.0773393
10.5122 0.166771
10.5661 0.410882
10.6201 0.654992
10.674 0.899103
10.728 1.14321
10.7819 1.38732
10.8359 1.63143
10.8898 1.87554
10.9438 2.11965
10.9977 2.36377
11.0516 2.60788
11.1056 2.85199
11.1595 3.0961
11.2135 3.34021
11.2674 3.58432
11.3214 3.82843
11.3753 4.07254
11.4293 4.31665
11.4832 4.56076
11.5372 4.80487
11.5911 5.04898
11.645 5.29309
11.699 5.5372
11.7529 5.78131
11.8069 6.02542
11.8608 6.26953
11.9148 6.51365
11.9687 6.75776
12.0227 7.00187
12.0766 7.24598
12.1306 7.49009
12.1845 7.7342
12.2384 7.97831
12.2924 8.22242
12.3463 8.46653
12.4003 8.71064
12.4542 8.95475
12.5082 9.19886
12.5621 9.44297
12.6161 9.68708
12.67 9.93119
12.7239 10.1753
12.7779 10.4194
12.8318 10.6635
12.8858 10.9076
12.9397 11.1517
12.9937 11.3959
13.0476 11.64
13.1016 11.8841
13.1555 12.1282
13.2094 12.3723
13.2634 12.6164
13.3173 12.8605
13.3713 13.1046
13.4252 13.3487
13.4792 13.5928
13.5331 13.837
13.5871 14.0811
13.641 14.3252
13.695 14.5693
13.7489 14.8134
13.8028 15.0575
13.8568 15.3016
13.9107 15.5457
13.9647 15.7898
14.0186 16.0339
14.0726 16.2781
14.1265 16.5222
14.1805 16.7663
14.2344 17.0104
14.2883 17.2545
14.3423 17.4986
14.3962 17.7427
14.4502 17.9868
14.5041 18.2309
14.5581 18.475
14.612 18.7192
14.666 18.9633
14.7199 19.2074
14.7739 19.4515
14.8278 19.6956
14.8817 19.9397
14.9357 20.1838
14.9896 20.4279
15.0436 20.672
15.0975 20.9161
15.1515 21.1603
15.2054 21.4044
15.2594 21.6485
15.3133 21.8926
15.3672 22.1367
15.4212 22.3808
15.4751 22.6249
15.5291 22.869
15.583 23.1131
15.637 23.3572
15.6909 23.6014
15.7449 23.8455
15.7988 24.0896
15.7988 24.0896
15.7988 24.0896
15.7988 24.0896
15.7988 24.0896
15.7988 24.0896
15.7988 24.0896
15.7988 24.0896
15.7988 24.0896
15.7988 24.0896
15.7988 24.0896
15.7988 24.0896
15.7988 24.0896
15.7988 24.0896
15.7988 24.0896
15.7988 24.0896
15.7988 24.0896
15.7988 24.0896
15.7988 24.0896
15.7988 24.0896
15.7988 24.0896
15.7988 24.0896
15.7988 24.0896
15.7988 24.0896
15.7988 24.0896
15.7988 24.0896
15.7988 24.0896
15.7988 24.0896
15.7988 24.0896
15.7988 24.0896
15.7988 24.0896
15.7988 24.0896
15.7988 24.0896
15.7988 24.0896
15.7988 24.0896
15.7988 24.0896
15.7988 24.0896
15.7988 24.0896
15.7988 24.0896
15.7988 24.0896
15.7988 24.0896
15.7988 24.0896
15.7988 24.0896
15.7988 24.0896
15.7988 24.0896
15.7988 24.0896
15.7988 24.0896
15.7988 24.0896
15.7988 24.0896
16 25