20 -8
19.8808 -7.96399
19.6524 -7.86234
19.424 -7.76068
19.1956 -7.65903
18.9672 -7.55737
18.7388 -7.45572
18.5104 -7.35406
18.282 -7.25241
18.0536 -7.15075
17.8252 -7.0491
17.5968 -6.94744
17.3684 -6.84579
17.14 -6.74413
16.9116 -6.64248
16.6832 -6.54082
16.4548 -6.43917
16.2264 -6.33751
15.998 -6.23586
15.7696 -6.1342
15.5412 -6.03255
15.3128 -5.93089
15.0844 -5.82924
14.856 -5.72758
14.6276 -5.62593
14.3992 -5.52427
14.1708 -5.42262
13.9424 -5.32096
13.714 -5.21931
13.4856 -5.11765
13.2572 -5.016
13.0288 -4.91434
12.8004 -4.81269
12.572 -4.71103
12.3436 -4.60938
12.1152 -4.50772
11.8868 -4.40607
11.6584 -4.30441
11.43 -4.20276
11.2016 -4.1011
10.9732 -3.99945
10.7448 -3.89779
10.5164 -3.79614
10.288 -3.69448
10.0596 -3.59283
9.83119 -3.49117
9.60279 -3.38952
9.37439 -3.28786
9.14599 -3.18621
8.91759 -3.08455
8.68919 -2.98289
8.46079 -2.88124
8.2324 -2.77958
8.004 -2.67793
7.7756 -2.57627
7.5472 -2.47462
7.3188 -2.37296
7.0904 -2.27131
6.862 -2.16965
6.6336 -2.068
6.4052 -1.96634
6.1768 -1.86469
5.9484 -1.76303
5.72 -1.66138
5.4916 -1.55972
5.2632 -1.45807
5.03481 -1.35641
4.80641 -1.25476
4.57801 -1.1531
4.34961 -1.05145
4.12121 -0.94979
3.89281 -0.848135
3.66441 -0.74648
3.43601 -0.644825
3.20761 -0.54317
2.97921 -0.441514
2.75081 -0.339859
2.52241 -0.238204
2.29401 -0.136549
2.06561 -0.0348936
1.83722 0.0667616
1.60882 0.168417
1.38042 0.270072
1.15202 0.371727
0.923618 0.473382
0.695219 0.575037
0.46682 0.676693
0.23842 0.778348
0.0100212 0.880003
-0.218378 0.981658
-0.446777 1.08331
-0.675177 1.18497
-0.903576 1.28662
-1.13198 1.38828
-1.36037 1.48993
-1.58877 1.59159
-1.81717 1.69324
-2.04557 1.7949
-2.27397 1.89655
-2.50237 1.99821
-2.73077 2.09987
-2.95917 2.20152
-3.18757 2.30318
-3.41597 2.40483
-3.64437 2.50649
-3.87277 2.60814
-4.10117 2.7098
-4.32957 2.81145
-4.55796 2.91311
-4.78636 3.01476
-5.01476 3.11642
-5.24316 3.21807
-5.47156 3.31973
-5.69996 3.42138
-5.92836 3.52304
-6.15676 3.62469
-6.15676 3.62469
-6.15676 3.62469
-6.15676 3.62469
-6.15676 3.62469
-6.15676 3.62469
-6.15676 3.62469
-6.15676 3.62469
-6.15676 3.62469
-6.15676 3.62469
-6.15676 3.62469
-6.15676 3.62469
-6.15676 3.62469
-6.15676 3.62469
-6.15676 3.62469
-6.15676 3.62469
-6.15676 3.62469
-6.15676 3.62469
-6.15676 3.62469
-6.15676 3.62469
-6.15676 3.62469
-6.15676 3.62469
-6.15676 3.62469
-6.15676 3.62469
-6.15676 3.62469
-6.15676 3.62469
-6.15676 3.62469
-6.15676 3.62469
-6.15676 3.62469
-6.15676 3.62469
-6.15676 3.62469
-6.15676 3.62469
-6.15676 3.62469
-6.15676 3.62469
-6.15676 3.62469
-6.15676 3.62469
-6.15676 3.62469
-6.15676 3.62469
-6.15676 3.62469
-6.15676 3.62469
-6.15676 3.62469
-7 4