16 11
16.1768 10.8232
16.3536 10.6464
16.5303 10.4697
16.7071 10.2929
16.8839 10.1161
17.0607 9.93934
17.2374 9.76256
17.4142 9.58578
17.4142 9.58578
17.4142 9.58578
17.4142 9.58578
17.4142 9.58578
17.4142 9.58578
17.4142 9.58578
17.4142 9.58578
17.4142 9.58578
17.4142 9.58578
17.4142 9.58578
17.4142 9.58578
17.4142 9.58578
17.4142 9.58578
17.4142 9.58578
17.4142 9.58578
17.4142 9.58578
17.4142 9.58578
17.4142 9.58578
17.4142 9.58578
17.4142 9.58578
17.4142 9.58578
17.4142 9.58578
17.4142 9.58578
17.4142 9.58578
17.4142 9.58578
17.4142 9.58578
17.4142 9.58578
17.4142 9.58578
17.4142 9.58578
17.4142 9.58578
17.4142 9.58578
17.4142 9.58578
17.4142 9.58578
17.4142 9.58578
17.4142 9.58578
17.4142 9.58578
17.4142 9.58578
17.4142 9.58578
17.4142 9.58578
17.4142 9.58578
17.4142 9.58578
17.4142 9.58578
17.4142 9.58578
17.4142 9.58578
17.4142 9.58578
17.4142 9.58578
17.4142 9.58578
17.4142 9.58578
17.4142 9.58578
17.4142 9.58578
17.4142 9.58578
17.4142 9.58578
17.4142 9.58578
17.4142 9.58578
17.4142 9.58578
17.4142 9.58578
17.4142 9.58578
17.4142 9.58578
17.4142 9.58578
17.4142 9.58578
17.4142 9.58578
17.4142 9.58578
17.4142 9.58578
17.4142 9.58578
17.4142 9.58578
17.4142 9.58578
17.4142 9.58578
17.4142 9.58578
17.4142 9.58578
17.4142 9.58578
17.4142 9.58578
17.4142 9.58578
17.4142 9.58578
17.4142 9.58578
17.4142 9.58578
17.4142 9.58578
17.4142 9.58578
17.4142 9.58578
17.4142 9.58578
17.4142 9.58578
17.4142 9.58578
17.4142 9.58578
17.4142 9.58578
17.4142 9.58578
17.4142 9.58578
17.4142 9.58578
17.4142 9.58578
17.4142 9.58578
17.4142 9.58578
17.4142 9.58578
17.4142 9.58578
17.4142 9.58578
17.4142 9.58578
17.4142 9.58578
17.4142 9.58578
17.4142 9.58578
17.4142 9.58578
17.4142 9.58578
17.4142 9.58578
17.4142 9.58578
17.4142 9.58578
17.4142 9.58578
17.4142 9.58578
17.4142 9.58578
17.4142 9.58578
17.4142 9.58578
17.4142 9.58578
17.4142 9.58578
17.4142 9.58578
17.4142 9.58578
17.4142 9.58578
17.4142 9.58578
17.4142 9.58578
17.4142 9.58578
17.4142 9.58578
17.4142 9.58578
17.4142 9.58578
17.4142 9.58578
17.4142 9.58578
17.4142 9.58578
17.4142 9.58578
17.4142 9.58578
17.4142 9.58578
17.4142 9.58578
17.4142 9.58578
17.4142 9.58578
17.4142 9.58578
17.4142 9.58578
18 9