12 -3
11.866 -3.10136
11.7309 -3.30091
11.5884 -3.5063
11.4458 -3.71168
11.3033 -3.91707
11.1608 -4.12246
11.0182 -4.32785
10.8757 -4.53324
10.7332 -4.73862
10.5906 -4.94401
10.4481 -5.1494
10.3056 -5.35479
10.163 -5.56018
10.0205 -5.76556
9.87796 -5.97095
9.73543 -6.17634
9.59289 -6.38173
9.45036 -6.58712
9.30783 -6.7925
9.16529 -6.99789
9.02276 -7.20328
8.88023 -7.40867
8.73769 -7.61406
8.59516 -7.81944
8.45263 -8.02483
8.31009 -8.23022
8.16756 -8.43561
8.02503 -8.641
7.88249 -8.84639
7.73996 -9.05177
7.59743 -9.25716
7.45489 -9.46255
7.31236 -9.66794
7.16983 -9.87333
7.02729 -10.0787
6.88476 -10.2841
6.74223 -10.4895
6.59969 -10.6949
6.45716 -10.9003
6.31462 -11.1057
6.17209 -11.311
6.02956 -11.5164
5.88702 -11.7218
5.74449 -11.9272
5.60196 -12.1326
5.45942 -12.338
5.45942 -12.338
5.45942 -12.338
5.45942 -12.338
5.45942 -12.338
5.45942 -12.338
5.45942 -12.338
5.45942 -12.338
5.45942 -12.338
5.45942 -12.338
5.45942 -12.338
5.45942 -12.338
5.45942 -12.338
5.45942 -12.338
5.45954 -12.3381
5.46172 -12.3406
5.46588 -12.3454
5.47192 -12.3525
5.47974 -12.3618
5.48921 -12.3734
5.50014 -12.3874
5.51228 -12.4038
5.52524 -12.4227
5.53837 -12.4444
5.55058 -12.4692
5.55992 -12.4971
5.5632 -12.5273
5.55667 -12.5555
5.54244 -12.576
5.52822 -12.5965
5.51399 -12.617
5.49976 -12.6375
5.48554 -12.658
5.47131 -12.6786
5.45708 -12.6991
5.44285 -12.7196
5.42863 -12.7401
5.4144 -12.7606
5.40017 -12.7811
5.38595 -12.8016
5.37172 -12.8222
5.35749 -12.8427
5.34327 -12.8632
5.32904 -12.8837
5.31481 -12.9042
5.30059 -12.9247
5.28636 -12.9452
5.27213 -12.9658
5.2579 -12.9863
5.24368 -13.0068
5.22945 -13.0273
5.21522 -13.0478
5.201 -13.0683
5.18677 -13.0888
5.17254 -13.1093
5.15832 -13.1299
5.14409 -13.1504
5.12986 -13.1709
5.11564 -13.1914
5.10141 -13.2119
5.08718 -13.2324
5.07296 -13.2529
5.05873 -13.2735
5.0445 -13.294
5.0311 -13.3126
5.0311 -13.3126
5.0311 -13.3126
5.0311 -13.3126
5.0311 -13.3126
5.0311 -13.3126
5.0311 -13.3126
5.0311 -13.3126
5.0311 -13.3126
5.0311 -13.3126
5.0311 -13.3126
5.0311 -13.3126
5.0311 -13.3126
5.0311 -13.3126
5.0311 -13.3126
5.0311 -13.3126
5.0311 -13.3126
5.0311 -13.3126
5.0311 -13.3126
5.0311 -13.3126
5.0311 -13.3126
5.0311 -13.3126
5.0311 -13.3126
5.0311 -13.3126
5.0311 -13.3126
5.0311 -13.3126
5.0311 -13.3126
5 -13