11 -20
10.759 -19.95
10.518 -19.8834
10.2771 -19.8168
10.0361 -19.7502
9.79515 -19.6836
9.55419 -19.6169
9.31322 -19.5503
9.07226 -19.4837
8.8313 -19.4171
8.59033 -19.3505
8.34937 -19.2839
8.10841 -19.2173
7.86745 -19.1507
7.62648 -19.0841
7.38552 -19.0175
7.14456 -18.9508
6.9036 -18.8842
6.66263 -18.8176
6.42167 -18.751
6.18071 -18.6844
5.93975 -18.6178
5.69878 -18.5512
5.45782 -18.4846
5.21686 -18.418
4.9759 -18.3514
4.73493 -18.2847
4.49397 -18.2181
4.25301 -18.1515
4.01205 -18.0849
3.77108 -18.0183
3.53012 -17.9517
3.28916 -17.8851
3.0482 -17.8185
2.80723 -17.7519
2.56627 -17.6852
2.32531 -17.6186
2.08434 -17.552
1.84338 -17.4854
1.60242 -17.4188
1.36146 -17.3522
1.12049 -17.2856
0.879531 -17.219
0.638568 -17.1524
0.397605 -17.0858
0.156643 -17.0191
-0.08432 -16.9525
-0.325283 -16.8859
-0.566245 -16.8193
-0.807208 -16.7527
-1.04817 -16.6861
-1.28913 -16.6195
-1.5301 -16.5529
-1.77106 -16.4863
-2.01202 -16.4197
-2.25298 -16.353
-2.49395 -16.2864
-2.73491 -16.2198
-2.97587 -16.1532
-3.21684 -16.0866
-3.4578 -16.02
-3.69876 -15.9534
-3.93972 -15.8868
-4.18069 -15.8202
-4.42165 -15.7535
-4.66261 -15.6869
-4.90357 -15.6203
-5.14454 -15.5537
-5.3855 -15.4871
-5.62646 -15.4205
-5.86742 -15.3539
-6.10839 -15.2873
-6.34935 -15.2207
-6.59031 -15.1541
-6.83127 -15.0874
-7.07224 -15.0208
-7.3132 -14.9542
-7.55416 -14.8876
-7.79512 -14.821
-8.03609 -14.7544
-8.27705 -14.6878
-8.51801 -14.6212
-8.75898 -14.5546
-8.99994 -14.4879
-9.2409 -14.4213
-9.48186 -14.3547
-9.72283 -14.2881
-9.96379 -14.2215
-10.2048 -14.1549
-10.4457 -14.0883
-10.6867 -14.0217
-10.9276 -13.9551
-11.1686 -13.8884
-11.4096 -13.8218
-11.6505 -13.7552
-11.8915 -13.6886
-12.1325 -13.622
-12.3734 -13.5554
-12.6144 -13.4888
-12.8553 -13.4222
-13.0963 -13.3556
-13.3373 -13.2889
-13.5782 -13.2223
-13.8192 -13.1557
-14.0602 -13.0891
-14.3011 -13.0225
-14.5421 -12.9559
-14.783 -12.8893
-15.024 -12.8227
-15.265 -12.7561
-15.5059 -12.6894
-15.7469 -12.6228
-15.9879 -12.5562
-16.2288 -12.4896
-16.4698 -12.423
-16.7108 -12.3564
-16.9517 -12.2898
-17.1927 -12.2232
-17.2238 -12.2238
-17.2238 -12.2238
-17.2238 -12.2238
-17.2238 -12.2238
-17.2238 -12.2238
-17.2238 -12.2238
-17.2238 -12.2238
-17.2238 -12.2238
-17.2238 -12.2238
-17.2238 -12.2238
-17.2238 -12.2238
-17.2238 -12.2238
-17.2238 -12.2238
-17.2238 -12.2238
-17.2238 -12.2238
-17.2238 -12.2238
-17.2238 -12.2238
-17.2238 -12.2238
-17.2238 -12.2238
-18 -12