11 -14
10.7575 -13.9394
10.5149 -13.8787
10.2724 -13.8181
10.0299 -13.7575
9.78732 -13.6968
9.54479 -13.6362
9.30225 -13.5756
9.05972 -13.5149
8.81718 -13.4543
8.57464 -13.3937
8.33211 -13.333
8.08957 -13.2724
7.84704 -13.2118
7.6045 -13.1511
7.36197 -13.0905
7.11943 -13.0299
6.87689 -12.9692
6.63436 -12.9086
6.39182 -12.848
6.14929 -12.7873
5.90675 -12.7267
5.66422 -12.6661
5.42168 -12.6054
5.17915 -12.5448
4.93661 -12.4842
4.69407 -12.4235
4.45154 -12.3629
4.209 -12.3023
3.96647 -12.2416
3.72393 -12.181
3.4814 -12.1204
3.23886 -12.0597
2.99633 -11.9991
2.75379 -11.9385
2.51125 -11.8778
2.26872 -11.8172
2.02618 -11.7566
1.78365 -11.6959
1.54111 -11.6353
1.29858 -11.5747
1.05604 -11.514
0.813505 -11.4534
0.57097 -11.3928
0.328434 -11.3321
0.0858984 -11.2715
-0.156637 -11.2108
-0.399173 -11.1502
-0.641708 -11.0896
-0.884244 -11.0289
-1.12678 -10.9683
-1.36932 -10.9077
-1.61185 -10.847
-1.85439 -10.7864
-2.09692 -10.7258
-2.33946 -10.6651
-2.58199 -10.6045
-2.82453 -10.5439
-3.06706 -10.4832
-3.3096 -10.4226
-3.55214 -10.362
-3.79467 -10.3013
-4.03721 -10.2407
-4.27974 -10.1801
-4.52228 -10.1194
-4.76481 -10.0588
-5.00735 -9.99817
-5.24988 -9.93753
-5.49242 -9.8769
-5.73496 -9.81626
-5.97749 -9.75563
-6.22003 -9.695
-6.46256 -9.63436
-6.7051 -9.57373
-6.94763 -9.51309
-7.19017 -9.45246
-7.4327 -9.39183
-7.67524 -9.33119
-7.91778 -9.27056
-8.16031 -9.20992
-8.16129 -9.18215
-8.16129 -9.18215
-8.16129 -9.18215
-8.16129 -9.18215
-8.16129 -9.18215
-8.16129 -9.18215
-8.16129 -9.18215
-8.16129 -9.18215
-8.16129 -9.18215
-8.16129 -9.18215
-8.16129 -9.18215
-8.16129 -9.18215
-8.16129 -9.18215
-8.16129 -9.18215
-8.16129 -9.18215
-8.16129 -9.18215
-8.16129 -9.18215
-8.16129 -9.18215
-8.16129 -9.18215
-8.16129 -9.18215
-8.16129 -9.18215
-8.16129 -9.18215
-8.16129 -9.18215
-8.16129 -9.18215
-8.16129 -9.18215
-8.16129 -9.18215
-8.16129 -9.18215
-8.16129 -9.18215
-8.16129 -9.18215
-8.16129 -9.18215
-8.16129 -9.18215
-8.16129 -9.18215
-8.16129 -9.18215
-8.16129 -9.18215
-8.16129 -9.18215
-8.16129 -9.18215
-8.16129 -9.18215
-8.16129 -9.18215
-8.16129 -9.18215
-8.16129 -9.18215
-8.16129 -9.18215
-8.16129 -9.18215
-8.16129 -9.18215
-8.16129 -9.18215
-8.16129 -9.18215
-8.16129 -9.18215
-8.16129 -9.18215
-8.16129 -9.18215
-8.16129 -9.18215
-8.16129 -9.18215
-8.16129 -9.18215
-8.16129 -9.18215
-8.16129 -9.18215
-8.16129 -9.18215
-8.16129 -9.18215
-8.16129 -9.18215
-8.16129 -9.18215
-9 -9