-13 7
-12.8269 6.81965
-12.6537 6.63931
-12.4806 6.45896
-12.3075 6.27861
-12.1343 6.09827
-11.9612 5.91792
-11.7881 5.73757
-11.6149 5.55722
-11.4418 5.37688
-11.2687 5.19653
-11.0955 5.01618
-10.9224 4.83584
-10.7493 4.65549
-10.5761 4.47514
-10.403 4.2948
-10.2299 4.11445
-10.0567 3.9341
-9.88361 3.75376
-9.71047 3.57341
-9.53734 3.39306
-9.36421 3.21271
-9.19108 3.03237
-9.01794 2.85202
-8.84481 2.67167
-8.67168 2.49133
-8.49854 2.31098
-8.32541 2.13063
-8.15228 1.95029
-7.97915 1.76994
-7.80601 1.58959
-7.63288 1.40925
-7.45975 1.2289
-7.28661 1.04855
-7.11348 0.868207
-6.94035 0.68786
-6.76722 0.507513
-6.59408 0.327166
-6.42095 0.146819
-6.24782 -0.0335274
-6.07468 -0.213874
-5.90155 -0.394221
-5.72842 -0.574568
-5.55529 -0.754915
-5.38215 -0.935261
-5.20902 -1.11561
-5.03589 -1.29596
-4.86275 -1.4763
-4.68962 -1.65665
-4.51649 -1.837
-4.34336 -2.01734
-4.17022 -2.19769
-3.99709 -2.37804
-3.82396 -2.55838
-3.65082 -2.73873
-3.47769 -2.91908
-3.30456 -3.09942
-3.13142 -3.27977
-2.95829 -3.46012
-2.78516 -3.64046
-2.61215 -3.82067
-2.44119 -3.99854
-2.27222 -4.1741
-2.10513 -4.34738
-1.93983 -4.51839
-1.77618 -4.68712
-1.61401 -4.85353
-1.45307 -5.01755
-1.29297 -5.17902
-1.1331 -5.33774
-0.972363 -5.49343
-0.808862 -5.64601
-0.639413 -5.79638
-0.460244 -5.94864
-0.273307 -6.10867
-0.0864345 -6.26865
0.100372 -6.42859
0.287108 -6.58848
0.473773 -6.74831
0.660364 -6.9081
0.846876 -7.06783
1.03331 -7.22751
1.21966 -7.38713
1.40592 -7.54669
1.59208 -7.70618
1.77816 -7.86561
1.96413 -8.02497
2.15 -8.18425
2.33576 -8.34346
2.5214 -8.50259
2.70693 -8.66164
2.89233 -8.82061
3.0776 -8.97948
3.26273 -9.13825
3.44772 -9.29692
3.63255 -9.45549
3.81722 -9.61395
4.00172 -9.77228
4.18604 -9.9305
4.37017 -10.0886
4.5541 -10.2465
4.73781 -10.4043
4.9213 -10.5619
5.10455 -10.7194
5.28753 -10.8767
5.47025 -11.0338
5.65267 -11.1907
5.83477 -11.3474
6.01654 -11.5038
6.19795 -11.66
6.37853 -11.818
6.54684 -12.0017
6.70721 -12.1938
6.85584 -12.3949
7.00447 -12.5959
7.15309 -12.7969
7.30172 -12.9979
7.45034 -13.1989
7.59897 -13.4
7.7476 -13.601
7.89622 -13.802
8.04485 -14.003
8.19348 -14.2041
8.3421 -14.4051
8.49073 -14.6061
8.63935 -14.8071
8.78798 -15.0082
8.93661 -15.2092
9.08523 -15.4102
9.23386 -15.6112
9.38249 -15.8122
9.53111 -16.0133
9.67974 -16.2143
9.82837 -16.4153
9.97699 -16.6163
10.1256 -16.8174
10.2742 -17.0184
11 -18