5 -6
4.87144 -5.7908
4.74556 -5.5748
4.61968 -5.35881
4.4938 -5.14281
4.36792 -4.92681
4.24205 -4.71082
4.11617 -4.49482
3.99029 -4.27882
3.86441 -4.06283
3.73853 -3.84683
3.61265 -3.63083
3.48678 -3.41484
3.3609 -3.19884
3.23502 -2.98284
3.10914 -2.76685
2.98326 -2.55085
2.85738 -2.33485
2.7315 -2.11886
2.60563 -1.90286
2.47975 -1.68686
2.35387 -1.47087
2.22799 -1.25487
2.10211 -1.03887
1.97623 -0.822875
1.85038 -0.606895
1.72507 -0.391127
1.5998 -0.175348
1.47453 0.0404202
1.34925 0.256177
1.22397 0.471922
1.09869 0.687654
0.973401 0.903373
0.848108 1.11908
0.722809 1.33477
0.597505 1.55044
0.472195 1.7661
0.346879 1.98174
0.221556 2.19735
0.0962255 2.41295
-0.0291126 2.62853
-0.154459 2.84407
-0.279815 3.05959
-0.405182 3.27508
-0.53056 3.49054
-0.655951 3.70596
-0.781357 3.92133
-0.90678 4.13666
-1.03222 4.35192
-1.15769 4.56712
-1.28318 4.78223
-1.40871 4.99724
-1.53429 5.21211
-1.53429 5.21211
-1.53429 5.21211
-1.53429 5.21211
-1.53429 5.21211
-1.53429 5.21211
-1.53429 5.21211
-1.53429 5.21211
-1.53429 5.21211
-1.53429 5.21211
-1.53429 5.21211
-1.53429 5.21211
-1.53429 5.21211
-1.53429 5.21211
-1.53429 5.21211
-1.53429 5.21211
-1.53429 5.21211
-1.53429 5.21211
-1.53429 5.21211
-1.53429 5.21211
-1.53429 5.21211
-1.53429 5.21211
-1.53429 5.21211
-1.53429 5.21211
-1.53429 5.21211
-1.53429 5.21211
-1.53429 5.21211
-1.53429 5.21211
-1.53429 5.21211
-1.53429 5.21211
-1.53429 5.21211
-1.53429 5.21211
-1.53429 5.21211
-1.53429 5.21211
-1.53429 5.21211
-1.53429 5.21211
-1.53429 5.21211
-1.53429 5.21211
-1.53429 5.21211
-1.53429 5.21211
-1.53429 5.21211
-1.53429 5.21211
-1.53429 5.21211
-1.53429 5.21211
-1.53429 5.21211
-1.53429 5.21211
-1.53429 5.21211
-1.53429 5.21211
-1.53429 5.21211
-1.53429 5.21211
-1.53429 5.21211
-1.53429 5.21211
-1.53429 5.21211
-1.53429 5.21211
-1.53429 5.21211
-1.53429 5.21211
-1.53429 5.21211
-1.53429 5.21211
-1.53429 5.21211
-1.53429 5.21211
-1.53429 5.21211
-1.53429 5.21211
-1.53429 5.21211
-1.53429 5.21211
-1.53429 5.21211
-1.53429 5.21211
-1.53429 5.21211
-1.53429 5.21211
-1.53429 5.21211
-1.53429 5.21211
-1.53429 5.21211
-1.53429 5.21211
-1.53429 5.21211
-1.53429 5.21211
-1.53429 5.21211
-1.53429 5.21211
-1.53429 5.21211
-1.53429 5.21211
-1.53429 5.21211
-1.53429 5.21211
-1.53429 5.21211
-1.53429 5.21211
-1.53429 5.21211
-1.53429 5.21211
-1.53429 5.21211
-1.53429 5.21211
-1.53429 5.21211
-1.53429 5.21211
-1.53429 5.21211
-1.53429 5.21211
-1.53429 5.21211
-1.53429 5.21211
-1.53429 5.21211
-1.53429 5.21211
-1.53429 5.21211
-1.53429 5.21211
-1.53429 5.21211
-1.53429 5.21211
-1.53429 5.21211
-2 6