10 7
10.0687 7.075
10.1366 7.3156
10.2045 7.55619
10.2725 7.79679
10.3404 8.03738
10.4083 8.27798
10.4762 8.51857
10.5442 8.75917
10.6121 8.99976
10.68 9.24036
10.7479 9.48096
10.8159 9.72155
10.8838 9.96215
10.9517 10.2027
11.0196 10.4433
11.0876 10.6839
11.1555 10.9245
11.2234 11.1651
11.2913 11.4057
11.3593 11.6463
11.4272 11.8869
11.4951 12.1275
11.563 12.3681
11.631 12.6087
11.6989 12.8493
11.7668 13.0899
11.8347 13.3305
11.9027 13.5711
11.9706 13.8117
12.0385 14.0523
12.1064 14.2929
12.1744 14.5335
12.2423 14.7741
12.3102 15.0147
12.3781 15.2553
12.4461 15.4959
12.514 15.7364
12.5819 15.977
12.6498 16.2176
12.7178 16.4582
12.7857 16.6988
12.8536 16.9394
12.9215 17.18
12.9895 17.4206
13.0574 17.6612
13.1253 17.9018
13.1932 18.1424
13.2612 18.383
13.3291 18.6236
13.397 18.8642
13.4649 19.1048
13.5329 19.3454
13.6008 19.586
13.6687 19.8266
13.7366 20.0672
13.7366 20.0672
13.7366 20.0672
13.7366 20.0672
13.7366 20.0672
13.7366 20.0672
13.7366 20.0672
13.7366 20.0672
13.7366 20.0672
13.7366 20.0672
13.7366 20.0672
13.7366 20.0672
13.7366 20.0672
13.7366 20.0672
13.7366 20.0672
13.7366 20.0672
13.7366 20.0672
13.7366 20.0672
13.7366 20.0672
13.7366 20.0672
13.7366 20.0672
13.7366 20.0672
13.7366 20.0672
13.7366 20.0672
13.7366 20.0672
13.7366 20.0672
13.7366 20.0672
13.7366 20.0672
13.7366 20.0672
13.7366 20.0672
13.7366 20.0672
13.7366 20.0672
13.7366 20.0672
13.7366 20.0672
13.7366 20.0672
13.7366 20.0672
13.7366 20.0672
13.7366 20.0672
13.7366 20.0672
13.7366 20.0672
13.7366 20.0672
13.7366 20.0672
13.7366 20.0672
13.7366 20.0672
13.7366 20.0672
13.7366 20.0672
13.7366 20.0672
13.7366 20.0672
13.7366 20.0672
13.7366 20.0672
13.7366 20.0672
13.7366 20.0672
13.7366 20.0672
13.7366 20.0672
13.7366 20.0672
13.7366 20.0672
13.7366 20.0672
13.7366 20.0672
13.7366 20.0672
13.7366 20.0672
13.7366 20.0672
13.7366 20.0672
13.7366 20.0672
13.7366 20.0672
13.7366 20.0672
13.7366 20.0672
13.7366 20.0672
13.7366 20.0672
13.7366 20.0672
13.7366 20.0672
13.7366 20.0672
13.7366 20.0672
13.7366 20.0672
13.7366 20.0672
13.7366 20.0672
13.7366 20.0672
13.7366 20.0672
13.7366 20.0672
13.7366 20.0672
13.7366 20.0672
13.7366 20.0672
13.7366 20.0672
13.7366 20.0672
13.7366 20.0672
13.7366 20.0672
13.7366 20.0672
13.7366 20.0672
13.7366 20.0672
13.7366 20.0672
13.7366 20.0672
13.7366 20.0672
13.7366 20.0672
13.7366 20.0672
13.7366 20.0672
13.7366 20.0672
13.7366 20.0672
14 21