-17 -2
-17.1015 -2.22845
-17.2031 -2.45691
-17.3046 -2.68536
-17.4061 -2.91381
-17.5077 -3.14226
-17.6092 -3.37072
-17.7107 -3.59917
-17.8123 -3.82762
-17.9138 -4.05608
-18.0153 -4.28453
-18.1169 -4.51298
-18.2184 -4.74143
-18.3199 -4.96989
-18.4215 -5.19834
-18.523 -5.42679
-18.6245 -5.65524
-18.7261 -5.8837
-18.8276 -6.11215
-18.9291 -6.3406
-19.0307 -6.56906
-19.1322 -6.79751
-19.2337 -7.02596
-19.3353 -7.25441
-19.4368 -7.48287
-19.5383 -7.71132
-19.6399 -7.93977
-19.7414 -8.16822
-19.843 -8.39668
-19.9445 -8.62513
-20.046 -8.85358
-20.1476 -9.08204
-20.2491 -9.31049
-20.3506 -9.53894
-20.4522 -9.76739
-20.5537 -9.99585
-20.6552 -10.2243
-20.7568 -10.4528
-20.8583 -10.6812
-20.9598 -10.9097
-21.0614 -11.1381
-21.1629 -11.3666
-21.2644 -11.595
-21.366 -11.8235
-21.4675 -12.0519
-21.569 -12.2804
-21.6706 -12.5088
-21.7721 -12.7373
-21.8736 -12.9657
-21.9752 -13.1942
-22.0767 -13.4226
-22.1783 -13.6511
-22.2798 -13.8795
-22.3813 -14.108
-22.4829 -14.3364
-22.5844 -14.5649
-22.6859 -14.7934
-22.7875 -15.0218
-22.889 -15.2503
-22.9905 -15.4787
-23.0921 -15.7072
-23.1936 -15.9356
-23.2951 -16.1641
-23.3967 -16.3925
-23.4982 -16.621
-23.5997 -16.8494
-23.7013 -17.0779
-23.8028 -17.3063
-23.9043 -17.5348
-24.0059 -17.7632
-24.1074 -17.9917
-24.209 -18.2201
-24.3105 -18.4486
-24.412 -18.677
-24.5136 -18.9055
-24.6151 -19.134
-24.6151 -19.134
-24.6151 -19.134
-24.6151 -19.134
-24.6151 -19.134
-24.6151 -19.134
-24.6151 -19.134
-24.6151 -19.134
-24.6151 -19.134
-24.6151 -19.134
-24.6151 -19.134
-24.6151 -19.134
-24.6151 -19.134
-24.6151 -19.134
-24.6151 -19.134
-24.6151 -19.134
-24.6151 -19.134
-24.6151 -19.134
-24.6151 -19.134
-24.6151 -19.134
-24.6151 -19.134
-24.6151 -19.134
-24.6151 -19.134
-24.6151 -19.134
-24.6151 -19.134
-24.6151 -19.134
-24.6151 -19.134
-24.6151 -19.134
-24.6151 -19.134
-24.6151 -19.134
-24.6151 -19.134
-24.6151 -19.134
-24.6151 -19.134
-24.6151 -19.134
-24.6151 -19.134
-24.6151 -19.134
-24.6151 -19.134
-24.6151 -19.134
-24.6151 -19.134
-24.6151 -19.134
-24.6151 -19.134
-24.6151 -19.134
-24.6151 -19.134
-24.6151 -19.134
-24.6151 -19.134
-24.6151 -19.134
-24.6151 -19.134
-24.6151 -19.134
-24.6151 -19.134
-24.6151 -19.134
-24.6151 -19.134
-24.6151 -19.134
-24.6151 -19.134
-24.6151 -19.134
-24.6151 -19.134
-24.6151 -19.134
-24.6151 -19.134
-24.6151 -19.134
-24.6151 -19.134
-24.6151 -19.134
-24.6151 -19.134
-24.6151 -19.134
-24.6151 -19.134
-24.6151 -19.134
-24.6151 -19.134
-24.6151 -19.134
-24.6151 -19.134
-24.6151 -19.134
-24.6151 -19.134
-24.6151 -19.134
-24.6151 -19.134
-24.6151 -19.134
-24.6151 -19.134
-24.6151 -19.134
-24.6151 -19.134
-24.6151 -19.134
-25 -20