10 15
9.76923 14.925
9.53853 14.8287
9.30784 14.7323
9.07714 14.636
8.84644 14.5397
8.61575 14.4434
8.38505 14.347
8.15435 14.2507
7.92366 14.1544
7.69296 14.058
7.46227 13.9617
7.23157 13.8654
7.00087 13.7691
6.77018 13.6727
6.53948 13.5764
6.30878 13.4801
6.07809 13.3837
5.84739 13.2874
5.6167 13.1911
5.386 13.0948
5.1553 12.9984
4.92461 12.9021
4.69391 12.8058
4.46321 12.7094
4.23249 12.6131
4.00123 12.517
3.76992 12.4209
3.5386 12.3248
3.30729 12.2286
3.07598 12.1325
2.84466 12.0364
2.61334 11.9402
2.38202 11.8441
2.1507 11.7479
1.91938 11.6518
1.68805 11.5556
1.45673 11.4594
1.2254 11.3633
0.994071 11.2671
0.76274 11.1709
0.531408 11.0747
0.300073 10.9785
0.068737 10.8823
-0.162601 10.7861
-0.393941 10.6899
-0.625283 10.5937
-0.856627 10.4975
-1.08797 10.4012
-1.31932 10.305
-1.55067 10.2088
-1.78202 10.1125
-2.01338 10.0163
-2.24474 9.92
-2.47535 9.82348
-2.70597 9.72696
-2.93658 9.63043
-3.1672 9.53391
-3.39782 9.43739
-3.62843 9.34087
-3.85905 9.24435
-4.08966 9.14783
-4.32028 9.05131
-4.5509 8.95479
-4.78151 8.85826
-5.01213 8.76174
-5.24274 8.66522
-5.47336 8.5687
-5.70398 8.47218
-5.93459 8.37566
-6.16521 8.27914
-6.39583 8.18262
-6.62644 8.08609
-6.85706 7.98957
-7.08767 7.89305
-7.31829 7.79653
-7.54891 7.70001
-7.77952 7.60349
-8.01014 7.50697
-8.24075 7.41045
-8.47137 7.31393
-8.70198 7.21741
-8.9326 7.12088
-9.16322 7.02436
-9.39383 6.92784
-9.62445 6.83132
-9.85506 6.7348
-10.0857 6.63828
-10.3163 6.54176
-10.5469 6.44524
-10.7775 6.34872
-11.0081 6.2522
-11.2388 6.15568
-11.4694 6.05915
-11.7 5.96263
-11.9306 5.86611
-12.1612 5.76959
-12.3918 5.67307
-12.6224 5.57655
-12.8531 5.48003
-13.0837 5.38351
-13.0964 5.2841
-13.0964 5.2841
-13.0964 5.2841
-13.0964 5.2841
-13.0964 5.2841
-13.0964 5.2841
-13.0964 5.2841
-13.0964 5.2841
-13.0964 5.2841
-13.0964 5.2841
-13.0964 5.2841
-13.0964 5.2841
-13.0964 5.2841
-13.0964 5.2841
-13.0964 5.2841
-13.0964 5.2841
-13.0964 5.2841
-13.0964 5.2841
-13.0964 5.2841
-13.0964 5.2841
-13.0964 5.2841
-13.0964 5.2841
-13.0964 5.2841
-13.0964 5.2841
-13.0964 5.2841
-13.0964 5.2841
-13.0964 5.2841
-13.0964 5.2841
-13.0964 5.2841
-13.0964 5.2841
-13.0964 5.2841
-13.0964 5.2841
-13.0964 5.2841
-13.0964 5.2841
-13.0964 5.2841
-13.0964 5.2841
-13.0964 5.2841
-13.0964 5.2841
-13.0964 5.2841
-13.0964 5.2841
-13.0964 5.2841
-13.0964 5.2841
-13.0964 5.2841
-13.0964 5.2841
-13.0964 5.2841
-13.0964 5.2841
-13.0964 5.2841
-13.0964 5.2841
-13.0964 5.2841
-13.0964 5.2841
-14 5