10 20
9.77263 19.9625
9.54564 19.8682
9.31846 19.7639
9.09128 19.6595
8.8641 19.5552
8.63692 19.4508
8.40974 19.3465
8.18256 19.2421
7.95539 19.1378
7.72821 19.0334
7.50103 18.9291
7.27385 18.8247
7.04667 18.7204
6.81949 18.616
6.59231 18.5117
6.36513 18.4073
6.13795 18.3029
5.91077 18.1986
5.68359 18.0942
5.45641 17.9899
5.22923 17.8855
5.00205 17.7812
4.77487 17.6768
4.54769 17.5725
4.32051 17.4681
4.09333 17.3638
3.86615 17.2594
3.63897 17.1551
3.4118 17.0507
3.18462 16.9464
2.95744 16.842
2.73026 16.7377
2.50308 16.6333
2.2759 16.5289
2.04872 16.4246
1.82154 16.3202
1.59436 16.2159
1.36718 16.1115
1.14 16.0072
0.912823 15.9028
0.685643 15.7985
0.458464 15.6941
0.231284 15.5898
0.00410497 15.4854
-0.223074 15.3811
-0.450254 15.2767
-0.677433 15.1724
-0.904613 15.068
-1.13179 14.9637
-1.35897 14.8593
-1.58615 14.7549
-1.81333 14.6506
-2.04051 14.5462
-2.26769 14.4419
-2.49487 14.3375
-2.72205 14.2332
-2.94923 14.1288
-3.17641 14.0245
-3.40359 13.9201
-3.63077 13.8158
-3.85795 13.7114
-4.08512 13.6071
-4.3123 13.5027
-4.53948 13.3984
-4.76666 13.294
-4.99384 13.1897
-5.22102 13.0853
-5.4482 12.9809
-5.67538 12.8766
-5.90256 12.7722
-6.12974 12.6679
-6.35692 12.5635
-6.5841 12.4592
-6.81128 12.3548
-7.03846 12.2505
-7.26564 12.1461
-7.49282 12.0418
-7.72 11.9374
-7.94718 11.8331
-8.17436 11.7287
-8.40154 11.6244
-8.62872 11.52
-8.8559 11.4157
-9.08307 11.3113
-9.31025 11.2069
-9.53743 11.1026
-9.76461 10.9982
-9.99179 10.8939
-10.219 10.7895
-10.4462 10.6852
-10.6733 10.5808
-10.9005 10.4765
-11.1277 10.3721
-11.3549 10.2678
-11.582 10.1634
-11.8092 10.0591
-12.0364 9.95471
-12.2636 9.85036
-12.4908 9.746
-12.7179 9.64165
-12.9451 9.5373
-13.1723 9.43295
-13.3995 9.32859
-13.6267 9.22424
-13.8538 9.11989
-14.081 9.01553
-14.3082 8.91118
-14.5354 8.80683
-14.7626 8.70247
-14.9897 8.59812
-15.2169 8.49377
-15.4441 8.38942
-15.6713 8.28506
-15.8985 8.18071
-16.1256 8.07636
-16.3528 7.972
-16.58 7.86765
-16.8072 7.7633
-17.0344 7.65895
-17.2615 7.55459
-17.4887 7.45024
-17.7159 7.34589
-17.9431 7.24153
-18.1702 7.13718
-18.3974 7.03283
-18.6246 6.92848
-18.8518 6.82412
-19.079 6.71977
-19.3061 6.61542
-19.5333 6.51107
-19.7605 6.40671
-19.9877 6.30236
-20.2149 6.19801
-20.442 6.09366
-20.6692 5.9893
-20.8964 5.88495
-21.1236 5.7806
-21.3507 5.67625
-21.5779 5.57189
-21.8051 5.46754
-22.0323 5.36319
-22.2595 5.25884
-22.4866 5.15448
-22.7138 5.05013
-22.941 4.94578
-23.1682 4.84143
-23.3954 4.73707
-23.6225 4.63272
-23.8497 4.52837
-24.0769 4.42402
-25 4