13 19
13.1921 19.16
13.3841 19.3201
13.5762 19.4801
13.7682 19.6402
13.9603 19.8002
14.1523 19.9603
14.3444 20.1203
14.5364 20.2804
14.7285 20.4404
14.9206 20.6005
15.1126 20.7605
15.3047 20.9205
15.4967 21.0806
15.6888 21.2406
15.8808 21.4007
16.0729 21.5607
16.2649 21.7208
16.457 21.8808
16.649 22.0409
16.8411 22.2009
17.0332 22.361
17.2252 22.521
17.4173 22.681
17.6093 22.8411
17.8014 23.0011
17.9934 23.1612
18.1855 23.3212
18.3775 23.4813
18.3775 23.4813
18.3775 23.4813
18.3775 23.4813
18.3775 23.4813
18.3775 23.4813
18.3775 23.4813
18.3775 23.4813
18.3775 23.4813
18.3775 23.4813
18.3775 23.4813
18.3775 23.4813
18.3775 23.4813
18.3775 23.4813
18.3775 23.4813
18.3775 23.4813
18.3775 23.4813
18.3775 23.4813
18.3775 23.4813
18.3775 23.4813
18.3775 23.4813
18.3775 23.4813
18.3775 23.4813
18.3775 23.4813
18.3775 23.4813
18.3775 23.4813
18.3775 23.4813
18.3775 23.4813
18.3775 23.4813
18.3775 23.4813
18.3775 23.4813
18.3775 23.4813
18.3775 23.4813
18.3775 23.4813
18.3775 23.4813
18.3775 23.4813
18.3775 23.4813
18.3775 23.4813
18.3775 23.4813
18.3775 23.4813
18.3775 23.4813
18.3775 23.4813
18.3775 23.4813
18.3775 23.4813
18.3775 23.4813
18.3775 23.4813
18.3775 23.4813
18.3775 23.4813
18.3775 23.4813
18.3775 23.4813
18.3775 23.4813
18.3775 23.4813
18.3775 23.4813
18.3775 23.4813
18.3775 23.4813
18.3775 23.4813
18.3775 23.4813
18.3775 23.4813
18.3775 23.4813
18.3775 23.4813
18.3775 23.4813
18.3775 23.4813
18.3775 23.4813
18.3775 23.4813
18.3775 23.4813
18.3775 23.4813
18.3775 23.4813
18.3775 23.4813
18.3775 23.4813
18.3775 23.4813
18.3775 23.4813
18.3775 23.4813
18.3775 23.4813
18.3775 23.4813
18.3775 23.4813
18.3775 23.4813
18.3775 23.4813
18.3775 23.4813
18.3775 23.4813
18.3775 23.4813
18.3775 23.4813
18.3775 23.4813
18.3775 23.4813
18.3775 23.4813
18.3775 23.4813
18.3775 23.4813
18.3775 23.4813
18.3775 23.4813
18.3775 23.4813
18.3775 23.4813
18.3775 23.4813
18.3775 23.4813
18.3775 23.4813
18.3775 23.4813
18.3775 23.4813
18.3775 23.4813
18.3775 23.4813
18.3775 23.4813
18.3775 23.4813
18.3775 23.4813
18.3775 23.4813
18.3775 23.4813
18.3775 23.4813
18.3775 23.4813
18.3775 23.4813
18.3775 23.4813
18.3775 23.4813
18.3775 23.4813
18.3775 23.4813
18.3775 23.4813
18.3775 23.4813
18.3775 23.4813
18.3775 23.4813
18.3775 23.4813
18.3775 23.4813
18.3775 23.4813
18.3775 23.4813
18.3775 23.4813
18.3775 23.4813
18.3775 23.4813
18.3775 23.4813
18.3775 23.4813
18.3775 23.4813
18.3775 23.4813
18.3775 23.4813
18.3775 23.4813
18.3775 23.4813
18.3775 23.4813
18.3775 23.4813
18.3775 23.4813
18.3775 23.4813
18.3775 23.4813
18.3775 23.4813
18.3775 23.4813
18.3775 23.4813
18.3775 23.4813
18.3775 23.4813
18.3775 23.4813
18.3775 23.4813
18.3775 23.4813
18.3775 23.4813
18.3775 23.4813
18.3775 23.4813
18.3775 23.4813
18.3775 23.4813
18.3775 23.4813
18.3775 23.4813
18.3775 23.4813
18.3775 23.4813
18.3775 23.4813
18.3775 23.4813
18.3775 23.4813
18.3775 23.4813
18.3775 23.4813
18.3775 23.4813
18.3775 23.4813
18.3775 23.4813
18.3775 23.4813
18.3775 23.4813
18.3775 23.4813
18.3775 23.4813
18.3775 23.4813
19 24