5 -7
5.19666 -7.08566
5.43946 -7.14522
5.68226 -7.20479
5.92506 -7.26435
6.16786 -7.32392
6.41066 -7.38348
6.65346 -7.44305
6.89626 -7.50261
7.13906 -7.56218
7.38186 -7.62174
7.62466 -7.68131
7.86746 -7.74087
8.11026 -7.80043
8.35306 -7.86
8.59586 -7.91956
8.83866 -7.97913
9.08146 -8.03869
9.32426 -8.09826
9.56707 -8.15782
9.80987 -8.21739
10.0527 -8.27695
10.2955 -8.33652
10.5383 -8.39608
10.7811 -8.45564
11.0239 -8.51521
11.2667 -8.57477
11.5095 -8.63434
11.7523 -8.6939
11.9951 -8.75347
12.2379 -8.81303
12.2379 -8.81303
12.2379 -8.81303
12.2379 -8.81303
12.2379 -8.81303
12.2379 -8.81303
12.2379 -8.81303
12.2379 -8.81303
12.2379 -8.81303
12.2379 -8.81303
12.2379 -8.81303
12.2379 -8.81303
12.2379 -8.81303
12.2379 -8.81303
12.2379 -8.81303
12.2379 -8.81303
12.2379 -8.81303
12.2379 -8.81303
12.2379 -8.81303
12.2379 -8.81303
12.2379 -8.81303
12.2379 -8.81303
12.2379 -8.81303
12.2379 -8.81303
12.2379 -8.81303
12.2379 -8.81303
12.2379 -8.81303
12.2379 -8.81303
12.2379 -8.81303
12.2379 -8.81303
12.2379 -8.81303
12.2379 -8.81303
12.2379 -8.81303
12.2379 -8.81303
12.2379 -8.81303
12.2379 -8.81303
12.2379 -8.81303
12.2379 -8.81303
12.2379 -8.81303
12.2379 -8.81303
12.2379 -8.81303
12.2379 -8.81303
12.2379 -8.81303
12.2379 -8.81303
12.2379 -8.81303
12.2379 -8.81303
12.2379 -8.81303
12.2379 -8.81303
12.2379 -8.81303
12.2379 -8.81303
12.2379 -8.81303
12.2379 -8.81303
12.2379 -8.81303
12.2379 -8.81303
12.2379 -8.81303
12.2379 -8.81303
12.2379 -8.81303
12.2379 -8.81303
12.2379 -8.81303
12.2379 -8.81303
12.2379 -8.81303
12.2379 -8.81303
12.2379 -8.81303
12.2379 -8.81303
12.2379 -8.81303
12.2379 -8.81303
12.2379 -8.81303
12.2379 -8.81303
12.2379 -8.81303
12.2379 -8.81303
12.2379 -8.81303
12.2379 -8.81303
12.2379 -8.81303
12.2379 -8.81303
12.2379 -8.81303
12.2379 -8.81303
12.2379 -8.81303
12.2379 -8.81303
12.2379 -8.81303
12.2379 -8.81303
12.2379 -8.81303
12.2379 -8.81303
12.2379 -8.81303
12.2379 -8.81303
12.2379 -8.81303
12.2379 -8.81303
12.2379 -8.81303
12.2379 -8.81303
12.2379 -8.81303
12.2379 -8.81303
12.2379 -8.81303
12.2379 -8.81303
12.2379 -8.81303
12.2379 -8.81303
12.2379 -8.81303
12.2379 -8.81303
12.2379 -8.81303
12.2379 -8.81303
12.2379 -8.81303
12.2379 -8.81303
12.2379 -8.81303
12.2379 -8.81303
12.2379 -8.81303
12.2379 -8.81303
12.2379 -8.81303
12.2379 -8.81303
12.2379 -8.81303
12.2379 -8.81303
12.2379 -8.81303
12.2379 -8.81303
12.2379 -8.81303
12.2379 -8.81303
12.2379 -8.81303
12.2379 -8.81303
12.2379 -8.81303
12.2379 -8.81303
12.2379 -8.81303
12.2379 -8.81303
12.2379 -8.81303
12.2379 -8.81303
12.2379 -8.81303
12.2379 -8.81303
12.2379 -8.81303
12.2379 -8.81303
12.2379 -8.81303
12.2379 -8.81303
12.2379 -8.81303
12.2379 -8.81303
12.2379 -8.81303
12.2379 -8.81303
12.2379 -8.81303
12.2379 -8.81303
12.2379 -8.81303
12.2379 -8.81303
12.2379 -8.81303
12.2379 -8.81303
12.2379 -8.81303
12.2379 -8.81303
12.2379 -8.81303
12.2379 -8.81303
12.2379 -8.81303
12.2379 -8.81303
12.2379 -8.81303
12.2379 -8.81303
12.2379 -8.81303
12.2379 -8.81303
12.2379 -8.81303
12.2379 -8.81303
12.2379 -8.81303
12.2379 -8.81303
12.2379 -8.81303
12.2379 -8.81303
12.2379 -8.81303
12.2379 -8.81303
12.2379 -8.81303
12.2379 -8.81303
12.2379 -8.81303
12.2379 -8.81303
12.2379 -8.81303
12.2379 -8.81303
13 -9