16 -1
15.8606 -1.01924
15.6217 -1.09317
15.3829 -1.16709
15.1441 -1.24101
14.9053 -1.31493
14.6665 -1.38886
14.4276 -1.46278
14.1888 -1.5367
13.95 -1.61063
13.7112 -1.68455
13.4724 -1.75847
13.2335 -1.83239
12.9947 -1.90632
12.7559 -1.98024
12.5171 -2.05416
12.2782 -2.12808
12.0394 -2.20201
11.8006 -2.27593
11.5618 -2.34985
11.323 -2.42378
11.0841 -2.4977
10.8453 -2.57162
10.6065 -2.64554
10.3677 -2.71947
10.1289 -2.79339
9.89004 -2.86731
9.65122 -2.94123
9.4124 -3.01516
9.17358 -3.08908
8.93475 -3.163
8.69593 -3.23693
8.45711 -3.31085
8.21829 -3.38477
7.97947 -3.45869
7.74065 -3.53262
7.50183 -3.60654
7.26301 -3.68046
7.02419 -3.75438
6.78537 -3.82831
6.54654 -3.90223
6.30772 -3.97615
6.0689 -4.05008
5.83008 -4.124
5.59126 -4.19792
5.35244 -4.27184
5.11362 -4.34577
4.8748 -4.41969
4.63598 -4.49361
4.39715 -4.56753
4.15833 -4.64146
3.91951 -4.71538
3.8848 -4.71316
3.8848 -4.71316
3.8848 -4.71316
3.8848 -4.71316
3.8848 -4.71316
3.8848 -4.71316
3.8848 -4.71316
3.8848 -4.71316
3.8848 -4.71316
3.8848 -4.71316
3.8848 -4.71316
3.8848 -4.71316
3.8848 -4.71316
3.8848 -4.71316
3.8848 -4.71316
3.8848 -4.71316
3.8848 -4.71316
3.8848 -4.71316
3.8848 -4.71316
3.8848 -4.71316
3.8848 -4.71316
3.8848 -4.71316
3.8848 -4.71316
3.8848 -4.71316
3.8848 -4.71316
3.8848 -4.71316
3.8848 -4.71316
3.8848 -4.71316
3.8848 -4.71316
3.8848 -4.71316
3.8848 -4.71316
3.8848 -4.71316
3.8848 -4.71316
3.8848 -4.71316
3.8848 -4.71316
3.8848 -4.71316
3.8848 -4.71316
3.8848 -4.71316
3.8848 -4.71316
3.8848 -4.71316
3.8848 -4.71316
3.8848 -4.71316
3.8848 -4.71316
3.8848 -4.71316
3.8848 -4.71316
3.8848 -4.71316
3.8848 -4.71316
3.8848 -4.71316
3.8848 -4.71316
3.8848 -4.71316
3.8848 -4.71316
3.8848 -4.71316
3.8848 -4.71316
3.8848 -4.71316
3.8848 -4.71316
3.8848 -4.71316
3.8848 -4.71316
3.8848 -4.71316
3.8848 -4.71316
3.8848 -4.71316
3.8848 -4.71316
3.8848 -4.71316
3.8848 -4.71316
3.8848 -4.71316
3.8848 -4.71316
3.8848 -4.71316
3.8848 -4.71316
3.8848 -4.71316
3.8848 -4.71316
3.8848 -4.71316
3.8848 -4.71316
3.8848 -4.71316
3.8848 -4.71316
3.8848 -4.71316
3.8848 -4.71316
3.8848 -4.71316
3.8848 -4.71316
3.8848 -4.71316
3.8848 -4.71316
3.8848 -4.71316
3.8848 -4.71316
3.8848 -4.71316
3.8848 -4.71316
3.8848 -4.71316
3.8848 -4.71316
3.8848 -4.71316
3.8848 -4.71316
3.8848 -4.71316
3.8848 -4.71316
3.8848 -4.71316
3.8848 -4.71316
3.8848 -4.71316
3.8848 -4.71316
3.8848 -4.71316
3.8848 -4.71316
3.8848 -4.71316
3.8848 -4.71316
3.8848 -4.71316
3.8848 -4.71316
3.8848 -4.71316
3.8848 -4.71316
3.8848 -4.71316
3.8848 -4.71316
3.8848 -4.71316
3.8848 -4.71316
3.8848 -4.71316
3.8848 -4.71316
3.8848 -4.71316
3.8848 -4.71316
3.8848 -4.71316
3.8848 -4.71316
3.8848 -4.71316
3.8848 -4.71316
3.8848 -4.71316
3.8848 -4.71316
3.8848 -4.71316
3.8848 -4.71316
3.8848 -4.71316
3.8848 -4.71316
3.8848 -4.71316
3.8848 -4.71316
3.8848 -4.71316
3.8848 -4.71316
3.8848 -4.71316
3.8848 -4.71316
3.8848 -4.71316
3.8848 -4.71316
3.8848 -4.71316
3.8848 -4.71316
3.8848 -4.71316
3.8848 -4.71316
3.8848 -4.71316
3.8848 -4.71316
3.8848 -4.71316
3.8848 -4.71316
3.8848 -4.71316
3.8848 -4.71316
3.8848 -4.71316
3 -5