6 14
5.83945 13.8084
5.67889 13.6167
5.51834 13.4251
5.35778 13.2335
5.19723 13.0418
5.03667 12.8502
4.87612 12.6586
4.71556 12.467
4.55501 12.2753
4.39445 12.0837
4.2339 11.8921
4.07334 11.7004
3.91279 11.5088
3.75223 11.3172
3.59168 11.1255
3.43112 10.9339
3.27057 10.7423
3.11001 10.5507
2.94946 10.359
2.7889 10.1674
2.62835 9.97576
2.46779 9.78413
2.30724 9.5925
2.14668 9.40087
1.98613 9.20924
1.82557 9.01761
1.66502 8.82598
1.50446 8.63435
1.34391 8.44272
1.18335 8.25109
1.0228 8.05946
0.862243 7.86783
0.701688 7.6762
0.541133 7.48457
0.380578 7.29294
0.220023 7.10131
0.0594677 6.90968
-0.101087 6.71805
-0.261642 6.52642
-0.422197 6.33479
-0.582752 6.14316
-0.743307 5.95153
-0.903862 5.7599
-1.06442 5.56827
-1.22497 5.37664
-1.38553 5.18501
-1.54608 4.99338
-1.70664 4.80175
-1.86719 4.61012
-2.02775 4.41849
-2.1883 4.22686
-2.34886 4.03523
-2.50941 3.8436
-2.66997 3.65197
-2.83052 3.46034
-2.99108 3.26871
-3.15163 3.07708
-3.31219 2.88545
-3.47274 2.69382
-3.6333 2.50219
-3.79385 2.31056
-3.95441 2.11893
-4.11496 1.9273
-4.27552 1.73567
-4.43607 1.54404
-4.59663 1.35241
-4.75718 1.16078
-4.91774 0.969149
-5.07829 0.777519
-5.23884 0.585888
-5.3994 0.394258
-5.55995 0.202628
-5.72051 0.0109981
-5.88106 -0.180632
-6.04162 -0.372262
-6.20217 -0.563892
-6.36273 -0.755522
-6.52328 -0.947152
-6.68384 -1.13878
-6.84439 -1.33041
-7.00495 -1.52204
-7.1655 -1.71367
-7.32606 -1.9053
-7.48661 -2.09693
-7.64717 -2.28856
-7.80772 -2.48019
-7.96828 -2.67182
-8.12883 -2.86345
-8.28939 -3.05508
-8.44994 -3.24671
-8.6105 -3.43834
-8.77105 -3.62997
-8.93161 -3.8216
-9.09216 -4.01323
-9.25272 -4.20486
-9.41327 -4.39649
-9.57383 -4.58812
-9.73438 -4.77975
-9.89494 -4.97138
-10.0555 -5.16301
-10.216 -5.35464
-10.3766 -5.54627
-10.5372 -5.7379
-10.6977 -5.92953
-10.8583 -6.12116
-11.0188 -6.31279
-11.1794 -6.50442
-11.3399 -6.69605
-11.5005 -6.88768
-11.661 -7.07931
-11.8216 -7.27094
-11.9822 -7.46257
-12.1427 -7.6542
-12.3033 -7.84583
-12.4638 -8.03746
-12.6244 -8.22909
-12.7849 -8.42072
-12.9455 -8.61235
-13.106 -8.80398
-13.2666 -8.99561
-13.4271 -9.18724
-13.5877 -9.37887
-13.7483 -9.57051
-13.9088 -9.76214
-14.0694 -9.95377
-14.2299 -10.1454
-14.3905 -10.337
-14.551 -10.5287
-14.7116 -10.7203
-14.8721 -10.9119
-15.0327 -11.1035
-15.1932 -11.2952
-15.3538 -11.4868
-15.5144 -11.6784
-15.6749 -11.8701
-15.8355 -12.0617
-15.996 -12.2533
-16.1566 -12.445
-16.3171 -12.6366
-16.4777 -12.8282
-16.6382 -13.0199
-16.7988 -13.2115
-16.9594 -13.4031
-17.1199 -13.5947
-17.2805 -13.7864
-17.441 -13.978
-17.6016 -14.1696
-17.7621 -14.3613
-17.9227 -14.5529
-18.0832 -14.7445
-18.2438 -14.9362
-18.4043 -15.1278
-18.5649 -15.3194
-18.7255 -15.511
-18.886 -15.7027
-19.0466 -15.8943
-19.2071 -16.0859
-19.3677 -16.2776
-19.5282 -16.4692
-19.6888 -16.6608
-19.8493 -16.8525
-20.0099 -17.0441
-20.1705 -17.2357
-20.331 -17.4273
-20.4916 -17.619
-20.6521 -17.8106
-20.8127 -18.0022
-20.9732 -18.1939
-21.1338 -18.3855
-21.2943 -18.5771
-21.4549 -18.7687
-21.6154 -18.9604
-21.776 -19.152
-21.9366 -19.3436
-22.0971 -19.5353
-22.2577 -19.7269
-22.4182 -19.9185
-22.5788 -20.1102
-22.7393 -20.3018
-22.8999 -20.4934
-23.0604 -20.685
-23.221 -20.8767
-23.3815 -21.0683
-23.5421 -21.2599
-23.7027 -21.4516
-23.8632 -21.6432
-24.0238 -21.8348
-24.1843 -22.0264
-24.3449 -22.2181
-25 -23