-12 -15
-11.8613 -15.208
-11.7227 -15.416
-11.584 -15.624
-11.4453 -15.8321
-11.3066 -16.0401
-11.168 -16.2481
-11.0293 -16.4561
-10.8906 -16.6641
-10.7519 -16.8721
-10.6133 -17.0801
-10.4746 -17.2881
-10.3359 -17.4961
-10.1972 -17.7042
-10.0586 -17.9122
-9.91988 -18.1202
-9.7812 -18.3282
-9.64253 -18.5362
-9.50385 -18.7442
-9.36518 -18.9522
-9.22651 -19.1602
-9.08783 -19.3683
-8.94916 -19.5763
-8.81048 -19.7843
-8.67181 -19.9923
-8.53313 -20.2003
-8.39446 -20.4083
-8.25578 -20.6163
-8.11711 -20.8243
-7.97843 -21.0324
-7.83976 -21.2404
-7.70108 -21.4484
-7.56241 -21.6564
-7.42373 -21.8644
-7.28506 -22.0724
-7.14638 -22.2804
-7.00771 -22.4884
-6.86903 -22.6965
-6.73036 -22.9045
-6.59168 -23.1125
-6.45301 -23.3205
-6.45301 -23.3205
-6.45301 -23.3205
-6.45301 -23.3205
-6.45301 -23.3205
-6.45301 -23.3205
-6.45301 -23.3205
-6.45301 -23.3205
-6.45301 -23.3205
-6.45301 -23.3205
-6.45301 -23.3205
-6.45301 -23.3205
-6.45301 -23.3205
-6.45301 -23.3205
-6.45301 -23.3205
-6.45301 -23.3205
-6.45301 -23.3205
-6.45301 -23.3205
-6.45301 -23.3205
-6.45301 -23.3205
-6.45301 -23.3205
-6.45301 -23.3205
-6.45301 -23.3205
-6.45301 -23.3205
-6.45301 -23.3205
-6.45301 -23.3205
-6.45301 -23.3205
-6.45301 -23.3205
-6.45301 -23.3205
-6.45301 -23.3205
-6.45301 -23.3205
-6.45301 -23.3205
-6.45301 -23.3205
-6.45301 -23.3205
-6.45301 -23.3205
-6.45301 -23.3205
-6.45301 -23.3205
-6.45301 -23.3205
-6.45301 -23.3205
-6.45301 -23.3205
-6.45301 -23.3205
-6.45301 -23.3205
-6.45301 -23.3205
-6.45301 -23.3205
-6.45301 -23.3205
-6.45301 -23.3205
-6.45301 -23.3205
-6.45301 -23.3205
-6.45301 -23.3205
-6.45301 -23.3205
-6.45301 -23.3205
-6.45301 -23.3205
-6.45301 -23.3205
-6.45301 -23.3205
-6.45301 -23.3205
-6.45301 -23.3205
-6.45301 -23.3205
-6.45301 -23.3205
-6.45301 -23.3205
-6.45301 -23.3205
-6.45301 -23.3205
-6.45301 -23.3205
-6.45301 -23.3205
-6.45301 -23.3205
-6.45301 -23.3205
-6.45301 -23.3205
-6.45301 -23.3205
-6.45301 -23.3205
-6.45301 -23.3205
-6.45301 -23.3205
-6.45301 -23.3205
-6.45301 -23.3205
-6.45301 -23.3205
-6.45301 -23.3205
-6.45301 -23.3205
-6.45301 -23.3205
-6.45301 -23.3205
-6.45301 -23.3205
-6.45301 -23.3205
-6.45301 -23.3205
-6.45301 -23.3205
-6.45301 -23.3205
-6.45301 -23.3205
-6.45301 -23.3205
-6.45301 -23.3205
-6.45301 -23.3205
-6.45301 -23.3205
-6.45301 -23.3205
-6.45301 -23.3205
-6.45301 -23.3205
-6.45301 -23.3205
-6.45301 -23.3205
-6.45301 -23.3205
-6.45301 -23.3205
-6.45301 -23.3205
-6.45301 -23.3205
-6.45301 -23.3205
-6.45301 -23.3205
-6.45301 -23.3205
-6.45301 -23.3205
-6.45301 -23.3205
-6.45301 -23.3205
-6.45301 -23.3205
-6.45301 -23.3205
-6.45301 -23.3205
-6.45301 -23.3205
-6.45301 -23.3205
-6.45301 -23.3205
-6.45301 -23.3205
-6.45301 -23.3205
-6.45301 -23.3205
-6.45301 -23.3205
-6.45301 -23.3205
-6.45301 -23.3205
-6.45301 -23.3205
-6.45301 -23.3205
-6.45301 -23.3205
-6.45301 -23.3205
-6.45301 -23.3205
-6.45301 -23.3205
-6.45301 -23.3205
-6.45301 -23.3205
-6.45301 -23.3205
-6.45301 -23.3205
-6.45301 -23.3205
-6.45301 -23.3205
-6.45301 -23.3205
-6.45301 -23.3205
-6.45301 -23.3205
-6.45301 -23.3205
-6.45301 -23.3205
-6.45301 -23.3205
-6.45301 -23.3205
-6.45301 -23.3205
-6.45301 -23.3205
-6.45301 -23.3205
-6.45301 -23.3205
-6.45301 -23.3205
-6.45301 -23.3205
-6.45301 -23.3205
-6.45301 -23.3205
-6.45301 -23.3205
-6.45301 -23.3205
-6.45301 -23.3205
-6.45301 -23.3205
-6.45301 -23.3205
-6.45301 -23.3205
-6.45301 -23.3205
-6.45301 -23.3205
-6.45301 -23.3205
-6 -24