4 -18
3.75074 -18.0192
3.50147 -18.0383
3.25221 -18.0575
3.00295 -18.0767
2.75368 -18.0959
2.50442 -18.115
2.25516 -18.1342
2.00589 -18.1534
1.75663 -18.1726
1.50736 -18.1917
1.2581 -18.2109
1.00884 -18.2301
0.759574 -18.2493
0.51031 -18.2684
0.261046 -18.2876
0.0117827 -18.3068
-0.237481 -18.326
-0.486745 -18.3451
-0.736008 -18.3643
-0.985272 -18.3835
-1.23454 -18.4027
-1.4838 -18.4218
-1.73306 -18.441
-1.98233 -18.4602
-2.23159 -18.4794
-2.48085 -18.4985
-2.73012 -18.5177
-2.97938 -18.5369
-3.22864 -18.5561
-3.47791 -18.5752
-3.72717 -18.5944
-3.97644 -18.6136
-4.2257 -18.6328
-4.47496 -18.6519
-4.72423 -18.6711
-4.97349 -18.6903
-5.22275 -18.7095
-5.47202 -18.7286
-5.72128 -18.7478
-5.97055 -18.767
-6.21981 -18.7862
-6.46907 -18.8053
-6.71834 -18.8245
-6.9676 -18.8437
-7.21686 -18.8629
-7.46613 -18.882
-7.71539 -18.9012
-7.96466 -18.9204
-8.21392 -18.9396
-8.46318 -18.9587
-8.71245 -18.9779
-8.96171 -18.9971
-9.21097 -19.0163
-9.46024 -19.0354
-9.7095 -19.0546
-9.95877 -19.0738
-10.208 -19.0929
-10.4573 -19.1121
-10.7066 -19.1313
-10.9558 -19.1505
-11.2051 -19.1696
-11.4543 -19.1888
-11.7036 -19.208
-11.9529 -19.2272
-12.2021 -19.2463
-12.4514 -19.2655
-12.7007 -19.2847
-12.9499 -19.3039
-13.1992 -19.323
-13.4485 -19.3422
-13.6977 -19.3614
-13.947 -19.3806
-14.1962 -19.3997
-14.4455 -19.4189
-14.6948 -19.4381
-14.944 -19.4572
-15.1933 -19.4764
-15.4426 -19.4956
-15.6918 -19.5148
-15.9411 -19.5339
-16.1904 -19.5531
-16.4396 -19.5723
-16.6889 -19.5915
-16.9382 -19.6106
-17.1874 -19.6298
-17.4367 -19.649
-17.6859 -19.6682
-17.9352 -19.6873
-18.1845 -19.7065
-18.4337 -19.7257
-18.683 -19.7449
-18.9323 -19.764
-19.1815 -19.7832
-19.4308 -19.8024
-19.6801 -19.8215
-19.9293 -19.8407
-20.1786 -19.8599
-20.4278 -19.8791
-20.6771 -19.8982
-20.9264 -19.9174
-21.1756 -19.9366
-21.1756 -19.9366
-21.1756 -19.9366
-21.1756 -19.9366
-21.1756 -19.9366
-21.1756 -19.9366
-21.1756 -19.9366
-21.1756 -19.9366
-21.1756 -19.9366
-21.1756 -19.9366
-21.1756 -19.9366
-21.1756 -19.9366
-21.1756 -19.9366
-21.1756 -19.9366
-21.1756 -19.9366
-21.1756 -19.9366
-21.1756 -19.9366
-21.1756 -19.9366
-21.1756 -19.9366
-21.1756 -19.9366
-21.1756 -19.9366
-21.1756 -19.9366
-21.1756 -19.9366
-21.1756 -19.9366
-21.1756 -19.9366
-21.1756 -19.9366
-21.1756 -19.9366
-21.1756 -19.9366
-21.1756 -19.9366
-21.1756 -19.9366
-21.1756 -19.9366
-21.1756 -19.9366
-21.1756 -19.9366
-21.1756 -19.9366
-21.1756 -19.9366
-21.1756 -19.9366
-21.1756 -19.9366
-21.1756 -19.9366
-21.1756 -19.9366
-21.1756 -19.9366
-21.1756 -19.9366
-21.1756 -19.9366
-21.1756 -19.9366
-21.1756 -19.9366
-21.1756 -19.9366
-21.1756 -19.9366
-21.1756 -19.9366
-21.1756 -19.9366
-21.1756 -19.9366
-21.1756 -19.9366
-21.1756 -19.9366
-21.1756 -19.9366
-21.1756 -19.9366
-21.1756 -19.9366
-21.1756 -19.9366
-21.1756 -19.9366
-21.1756 -19.9366
-21.1756 -19.9366
-21.1756 -19.9366
-21.1756 -19.9366
-22 -20