-18 8
-17.75 8
-17.5 8
-17.25 8
-17 8
-16.75 8
-16.5 8
-16.25 8
-16 8
-15.75 8
-15.5 8
-15.25 8
-15 8
-14.75 8
-14.5 8
-14.25 8
-14 8
-13.75 8
-13.5 8
-13.25 8
-13 8
-12.75 8
-12.5 8
-12.25 8
-12 8
-11.75 8
-11.5 8
-11.25 8
-11 8
-10.75 8
-10.5 8
-10.25 8
-10 8
-9.75 8
-9.5 8
-9.25 8
-9 8
-8.75 8
-8.5 8
-8.25 8
-8 8
-7.75 8
-7.5 8
-7.25 8
-7 8
-6.75 8
-6.5 8
-6.25 8
-6 8
-5.75 8
-5.5 8
-5.25 8
-5 8
-4.75 8
-4.5 8
-4.25 8
-4 8
-3.75 8
-3.5 8
-3.25 8
-3 8
-2.75 8
-2.5 8
-2.25 8
-2 8
-1.75 8
-1.5 8
-1.25 8
-1 8
-0.75 8
-0.5 8
-0.25 8
0 8
0.25 8
0.5 8
0.75 8
1 8
1.25 8
1.5 8
1.75 8
2 8
2.25 8
2.5 8
2.75 8
3 8
3.25 8
3.5 8
3.75 8
4 8
4.25 8
4.5 8
4.75 8
5 8
5.24969 7.99927
5.4992 7.99754
5.74884 7.99517
5.99878 7.99261
6.24873 7.99005
6.49867 7.98749
6.74861 7.98493
6.99856 7.98236
7.2485 7.9798
7.49844 7.97724
7.74838 7.97468
7.99832 7.97212
8.24826 7.96956
8.49819 7.967
8.74813 7.96444
8.99806 7.96188
9.24799 7.95932
9.49793 7.95676
9.74786 7.9542
9.99778 7.95163
10.2477 7.94907
10.4976 7.94651
10.7476 7.94395
10.9975 7.94139
11.2474 7.93883
11.4973 7.93627
11.7472 7.93371
11.9971 7.93115
12.2471 7.92859
12.497 7.92603
12.7469 7.92347
12.9968 7.92091
13.2467 7.91835
13.4966 7.91579
13.7465 7.91323
13.9963 7.91067
14.2462 7.90811
14.4961 7.90555
14.746 7.90299
14.9959 7.90043
15.2457 7.89787
15.4956 7.89531
15.7454 7.89275
15.9954 7.89433
16.2454 7.8981
16.4954 7.90187
16.7453 7.90564
16.9953 7.90941
17.2453 7.91319
17.4953 7.91696
17.7452 7.92073
17.9952 7.9245
18.2452 7.92827
18.4951 7.93204
18.7451 7.93581
18.9951 7.93958
19.2451 7.94335
19.495 7.94712
19.745 7.9509
19.995 7.95467
20.2449 7.95844
20.4949 7.96221
20.7449 7.96598
20.9949 7.96975
21.2448 7.97352
21.4948 7.97729
21.7448 7.98106
21.9947 7.98483
23 8