22 8
21.7596 8.06868
21.5192 8.13736
21.2789 8.20604
21.0385 8.27472
20.7981 8.3434
20.5577 8.41208
20.3173 8.48076
20.077 8.54944
19.8366 8.61812
19.5962 8.6868
19.3558 8.75548
19.1154 8.82416
18.875 8.89284
18.6347 8.96152
18.3943 9.0302
18.1539 9.09889
17.9135 9.16757
17.6731 9.23625
17.4328 9.30493
17.1924 9.37361
16.952 9.44229
16.7116 9.51097
16.4712 9.57965
16.2309 9.64833
15.9905 9.71701
15.7501 9.78569
15.7501 9.78569
15.7501 9.78569
15.7501 9.78569
15.7501 9.78569
15.7501 9.78569
15.7501 9.78569
15.7501 9.78569
15.7501 9.78569
15.7501 9.78569
15.7501 9.78569
15.7501 9.78569
15.7501 9.78569
15.7501 9.78569
15.7501 9.78569
15.7501 9.78569
15.7501 9.78569
15.7501 9.78569
15.7501 9.78569
15.7501 9.78569
15.7501 9.78569
15.7501 9.78569
15.7501 9.78569
15.7501 9.78569
15.7501 9.78569
15.7501 9.78569
15.7501 9.78569
15.7501 9.78569
15.7501 9.78569
15.7501 9.78569
15.7501 9.78569
15.7501 9.78569
15.7501 9.78569
15.7501 9.78569
15.7501 9.78569
15.7501 9.78569
15.7501 9.78569
15.7501 9.78569
15.7501 9.78569
15.7501 9.78569
15.7501 9.78569
15.7501 9.78569
15.7501 9.78569
15.7501 9.78569
15.7501 9.78569
15.7501 9.78569
15.7501 9.78569
15.7501 9.78569
15.7501 9.78569
15.7501 9.78569
15.7501 9.78569
15.7501 9.78569
15.7501 9.78569
15.7501 9.78569
15.7501 9.78569
15.7501 9.78569
15.7501 9.78569
15.7501 9.78569
15.7501 9.78569
15.7501 9.78569
15.7501 9.78569
15.7501 9.78569
15.7501 9.78569
15.7501 9.78569
15.7501 9.78569
15.7501 9.78569
15.7501 9.78569
15.7504 9.78642
15.7509 9.78815
15.7512 9.79052
15.7513 9.79308
15.7513 9.79565
15.7514 9.79821
15.7515 9.80077
15.7515 9.80333
15.7516 9.8059
15.7516 9.80846
15.7517 9.81102
15.7517 9.81358
15.7518 9.81615
15.7518 9.81871
15.7519 9.82127
15.7519 9.82383
15.752 9.8264
15.752 9.82896
15.7521 9.83152
15.7521 9.83408
15.7522 9.83665
15.7522 9.83921
15.7523 9.84177
15.7523 9.84433
15.7524 9.8469
15.7525 9.84946
15.7525 9.85202
15.7526 9.85458
15.7526 9.85714
15.7527 9.85971
15.7527 9.86227
15.7528 9.86483
15.7528 9.86739
15.7529 9.86995
15.7529 9.87252
15.753 9.87508
15.753 9.87764
15.7531 9.8802
15.7531 9.88276
15.7532 9.88533
15.7532 9.88789
15.7533 9.89045
15.7533 9.89301
15.7533 9.89301
15.7533 9.89301
15.7533 9.89301
15.7533 9.89301
15.7533 9.89301
15.7533 9.89301
15.7533 9.89301
15.7533 9.89301
15.7533 9.89301
15.7533 9.89301
15.7533 9.89301
15.7533 9.89301
15.7533 9.89301
15.7533 9.89301
15.7533 9.89301
15.7533 9.89301
15.7533 9.89301
15.7533 9.89301
15.7533 9.89301
15.7533 9.89301
15.7533 9.89301
15.7533 9.89301
15.7533 9.89301
15.7533 9.89301
15.7533 9.89301
15 10