22 -6
22.0219 -6.06896
21.957 -6.25509
21.8764 -6.49174
21.7958 -6.72839
21.7152 -6.96503
21.6346 -7.20168
21.554 -7.43832
21.4734 -7.67497
21.3927 -7.91161
21.3121 -8.14826
21.2315 -8.38491
21.1509 -8.62155
21.0703 -8.8582
20.9897 -9.09484
20.909 -9.33149
20.8284 -9.56813
20.7478 -9.80478
20.6672 -10.0414
20.5866 -10.2781
20.506 -10.5147
20.4254 -10.7514
20.3447 -10.988
20.2641 -11.2247
20.2641 -11.2247
20.2641 -11.2247
20.2641 -11.2247
20.2641 -11.2247
20.2641 -11.2247
20.2641 -11.2247
20.2641 -11.2247
20.2641 -11.2247
20.2641 -11.2247
20.2641 -11.2247
20.2641 -11.2247
20.2641 -11.2247
20.2641 -11.2247
20.2641 -11.2247
20.2641 -11.2247
20.2641 -11.2247
20.2641 -11.2247
20.2641 -11.2247
20.2641 -11.2247
20.2641 -11.2247
20.2641 -11.2247
20.2641 -11.2247
20.2641 -11.2247
20.2641 -11.2247
20.2641 -11.2247
20.2641 -11.2247
20.2641 -11.2247
20.2641 -11.2247
20.2641 -11.2247
20.2641 -11.2247
20.2641 -11.2247
20.2641 -11.2247
20.2641 -11.2247
20.2641 -11.2247
20.2641 -11.2247
20.2641 -11.2247
20.2641 -11.2247
20.2641 -11.2247
20.2641 -11.2247
20.2641 -11.2247
20.2641 -11.2247
20.2641 -11.2247
20.2641 -11.2247
20.2641 -11.2247
20.2641 -11.2247
20.2641 -11.2247
20.2641 -11.2247
20.2641 -11.2247
20.2641 -11.2247
20.2641 -11.2247
20.2641 -11.2247
20.2641 -11.2247
20.2641 -11.2247
20.2641 -11.2247
20.2641 -11.2247
20.2641 -11.2247
20.2641 -11.2247
20.2641 -11.2247
20.2641 -11.2247
20.2641 -11.2247
20.2641 -11.2247
20.2641 -11.2247
20.2641 -11.2247
20.2641 -11.2247
20.2641 -11.2247
20.2641 -11.2247
20.2641 -11.2247
20.2641 -11.2247
20.2641 -11.2247
20.2641 -11.2247
20.2641 -11.2247
20.2641 -11.2247
20.2641 -11.2247
20.2641 -11.2247
20.2641 -11.2247
20.2641 -11.2247
20.2641 -11.2247
20.2641 -11.2247
20.2641 -11.2247
20.2641 -11.2247
20.2641 -11.2247
20.2641 -11.2247
20.2641 -11.2247
20.2641 -11.2247
20.2641 -11.2247
20.2641 -11.2247
20.2641 -11.2247
20.2641 -11.2247
20.2641 -11.2247
20.2641 -11.2247
20.2641 -11.2247
20.2641 -11.2247
20.2641 -11.2247
20.2641 -11.2247
20.2641 -11.2247
20.2641 -11.2247
20.2641 -11.2247
20.2641 -11.2247
20.2641 -11.2247
20.2641 -11.2247
20.2641 -11.2247
20.2641 -11.2247
20.2641 -11.2247
20.2641 -11.2247
20.2641 -11.2247
20.2641 -11.2247
20.2641 -11.2247
20.2641 -11.2247
20.2641 -11.2247
20.2641 -11.2247
20.2641 -11.2247
20.2641 -11.2247
20.2641 -11.2247
20.2641 -11.2247
20.2641 -11.2247
20.2641 -11.2247
20.2641 -11.2247
20.2641 -11.2247
20.2641 -11.2247
20.2641 -11.2247
20.2641 -11.2247
20.2641 -11.2247
20.2641 -11.2247
20.2641 -11.2247
20.2641 -11.2247
20.2641 -11.2247
20.2641 -11.2247
20.2641 -11.2247
20.2641 -11.2247
20.2641 -11.2247
20.2641 -11.2247
20.2641 -11.2247
20.2641 -11.2247
20.2641 -11.2247
20.2641 -11.2247
20.2641 -11.2247
20.2641 -11.2247
20 -12