19 -11
19 -11.25
19 -11.5
19 -11.75
19 -12
19 -12.25
19 -12.5
19 -12.75
19 -13
19 -13.25
19 -13.5
19 -13.75
19 -14
19 -14.25
19 -14.5
19 -14.75
19 -15
19 -15.25
19 -15.5
19 -15.75
19 -16
19 -16.25
19 -16.5
19 -16.75
19 -17
19 -17.25
19 -17.5
19 -17.75
19 -18
19 -18.25
19 -18.5
19 -18.75
19 -19
19 -19.25
19 -19.5
19 -19.75
19 -20
18.9974 -20.0391
18.9974 -20.0391
18.9974 -20.0391
18.9974 -20.0391
18.9974 -20.0391
18.9974 -20.0391
18.9974 -20.0391
18.9974 -20.0391
18.9974 -20.0391
18.9974 -20.0391
18.9974 -20.0391
18.9974 -20.0391
18.9974 -20.0391
18.9974 -20.0391
18.9974 -20.0391
18.9974 -20.0391
18.9974 -20.0391
18.9974 -20.0391
18.9974 -20.0391
18.9974 -20.0391
18.9974 -20.0391
18.9974 -20.0391
18.9974 -20.0391
18.9974 -20.0391
18.9974 -20.0391
18.9974 -20.0391
18.9974 -20.0391
18.9974 -20.0391
18.9974 -20.0391
18.9974 -20.0391
18.9974 -20.0391
18.9974 -20.0391
18.9974 -20.0391
18.9974 -20.0391
18.9974 -20.0391
18.9974 -20.0391
18.9974 -20.0391
18.9974 -20.0391
18.9974 -20.0391
18.9974 -20.0391
18.9974 -20.0391
18.9974 -20.0391
18.9974 -20.0391
18.9974 -20.0391
18.9974 -20.0391
18.9974 -20.0391
18.9974 -20.0391
18.9974 -20.0391
18.9974 -20.0391
18.9974 -20.0391
18.9974 -20.0391
18.9974 -20.0391
18.9974 -20.0391
18.9974 -20.0391
18.9974 -20.0391
18.9974 -20.0391
18.9974 -20.0391
18.9974 -20.0391
18.9974 -20.0391
18.9974 -20.0391
18.9974 -20.0391
18.9974 -20.0391
18.9974 -20.0391
18.9974 -20.0391
18.9974 -20.0391
18.9974 -20.0391
18.9974 -20.0391
18.9974 -20.0391
18.9974 -20.0391
18.9974 -20.0391
18.9974 -20.0391
18.9974 -20.0391
18.9974 -20.0391
18.9974 -20.0391
18.9974 -20.0391
18.9974 -20.0391
18.9974 -20.0391
18.9974 -20.0391
18.9974 -20.0391
18.9974 -20.0391
18.9974 -20.0391
18.9974 -20.0391
18.9974 -20.0391
18.9974 -20.0391
18.9974 -20.0391
18.9974 -20.0391
18.9974 -20.0391
18.9974 -20.0391
18.9974 -20.0391
18.9974 -20.0391
18.9974 -20.0391
18.9974 -20.0391
18.9974 -20.0391
18.9974 -20.0391
18.9974 -20.0391
18.9974 -20.0391
18.9974 -20.0391
18.9974 -20.0391
18.9974 -20.0391
18.9974 -20.0391
18.9974 -20.0391
18.9974 -20.0391
18.9974 -20.0391
18.9974 -20.0391
18.9974 -20.0391
18.9974 -20.0391
18.9974 -20.0391
18.9974 -20.0391
18.9974 -20.0391
18.9974 -20.0391
18.9974 -20.0391
18.9974 -20.0391
18.9974 -20.0391
18.9974 -20.0391
18.9974 -20.0391
18.9974 -20.0391
18.9974 -20.0391
18.9974 -20.0391
18.9974 -20.0391
18.9974 -20.0391
18.9974 -20.0391
18.9974 -20.0391
18.9974 -20.0391
18.9974 -20.0391
19 -21