11 9
10.9091 9.19315
10.8576 9.43777
10.8061 9.6824
10.7545 9.92703
10.703 10.1717
10.6514 10.4163
10.5999 10.6609
10.5483 10.9055
10.4968 11.1502
10.4452 11.3948
10.3937 11.6394
10.3422 11.8841
10.2906 12.1287
10.2391 12.3733
10.1875 12.618
10.136 12.8626
10.0844 13.1072
10.0329 13.3518
9.98134 13.5965
9.9298 13.8411
9.87825 14.0857
9.82671 14.3304
9.77517 14.575
9.72362 14.8196
9.67208 15.0642
9.62053 15.3089
9.56899 15.5535
9.51745 15.7981
9.4659 16.0428
9.41436 16.2874
9.36282 16.532
9.31127 16.7766
9.25973 17.0213
9.20819 17.2659
9.15664 17.5105
9.1051 17.7552
9.05355 17.9998
9.00201 18.2444
8.95047 18.489
8.89892 18.7337
8.84738 18.9783
8.79584 19.2229
8.74429 19.4676
8.69275 19.7122
8.6412 19.9568
8.58966 20.2014
8.53812 20.4461
8.48657 20.6907
8.43503 20.9353
8.38348 21.18
8.33194 21.4246
8.2804 21.6692
8.22885 21.9138
8.17731 22.1585
8.17731 22.1585
8.17731 22.1585
8.17731 22.1585
8.17731 22.1585
8.17731 22.1585
8.17731 22.1585
8.17731 22.1585
8.17731 22.1585
8.17731 22.1585
8.17731 22.1585
8.17731 22.1585
8.17731 22.1585
8.17731 22.1585
8.17731 22.1585
8.17731 22.1585
8.17731 22.1585
8.17731 22.1585
8.17731 22.1585
8.17731 22.1585
8.17731 22.1585
8.17731 22.1585
8.17731 22.1585
8.17731 22.1585
8.17731 22.1585
8.17731 22.1585
8.17731 22.1585
8.17731 22.1585
8.17731 22.1585
8.17731 22.1585
8.17731 22.1585
8.17731 22.1585
8.17731 22.1585
8.17731 22.1585
8.17731 22.1585
8.17731 22.1585
8.17731 22.1585
8.17731 22.1585
8.17731 22.1585
8.17731 22.1585
8.17731 22.1585
8.17731 22.1585
8.17731 22.1585
8.17731 22.1585
8.17731 22.1585
8.17731 22.1585
8.17731 22.1585
8.17731 22.1585
8.17731 22.1585
8.17731 22.1585
8.17731 22.1585
8.17731 22.1585
8.17731 22.1585
8.17731 22.1585
8.17731 22.1585
8.17731 22.1585
8.17731 22.1585
8.17731 22.1585
8.17731 22.1585
8.17731 22.1585
8.17731 22.1585
8.17731 22.1585
8.17731 22.1585
8.17731 22.1585
8.17731 22.1585
8.17731 22.1585
8.17731 22.1585
8.17731 22.1585
8.17731 22.1585
8.17731 22.1585
8.17731 22.1585
8.17731 22.1585
8.17731 22.1585
8.17731 22.1585
8.17731 22.1585
8.17731 22.1585
8.17731 22.1585
8.17731 22.1585
8.17731 22.1585
8.17731 22.1585
8.17731 22.1585
8.17731 22.1585
8.17731 22.1585
8.17731 22.1585
8.17731 22.1585
8.17731 22.1585
8.17731 22.1585
8 23