3 -4
2.93132 -4.24038
2.86264 -4.48076
2.79396 -4.72114
2.72528 -4.96152
2.6566 -5.2019
2.58792 -5.44229
2.51924 -5.68267
2.45056 -5.92305
2.38188 -6.16343
2.3132 -6.40381
2.24452 -6.64419
2.17584 -6.88457
2.10716 -7.12495
2.03848 -7.36533
1.9698 -7.60571
1.90112 -7.84609
1.83244 -8.08648
1.76375 -8.32686
1.69507 -8.56724
1.62639 -8.80762
1.55771 -9.048
1.48903 -9.28838
1.42035 -9.52876
1.35167 -9.76914
1.28299 -10.0095
1.21431 -10.2499
1.21431 -10.2499
1.21431 -10.2499
1.21431 -10.2499
1.21431 -10.2499
1.21431 -10.2499
1.21431 -10.2499
1.21431 -10.2499
1.21431 -10.2499
1.21431 -10.2499
1.21431 -10.2499
1.21431 -10.2499
1.21431 -10.2499
1.21431 -10.2499
1.21431 -10.2499
1.21431 -10.2499
1.21431 -10.2499
1.21431 -10.2499
1.21431 -10.2499
1.21431 -10.2499
1.21431 -10.2499
1.21431 -10.2499
1.21431 -10.2499
1.21431 -10.2499
1.21431 -10.2499
1.21431 -10.2499
1.21431 -10.2499
1.21431 -10.2499
1.21431 -10.2499
1.21431 -10.2499
1.21431 -10.2499
1.21431 -10.2499
1.21431 -10.2499
1.21431 -10.2499
1.21431 -10.2499
1.21431 -10.2499
1.21431 -10.2499
1.21431 -10.2499
1.21431 -10.2499
1.21431 -10.2499
1.21431 -10.2499
1.21431 -10.2499
1.21431 -10.2499
1.21431 -10.2499
1.21431 -10.2499
1.21431 -10.2499
1.21431 -10.2499
1.21431 -10.2499
1.21431 -10.2499
1.21431 -10.2499
1.21431 -10.2499
1.21431 -10.2499
1.21431 -10.2499
1.21431 -10.2499
1.21431 -10.2499
1.21431 -10.2499
1.21431 -10.2499
1.21431 -10.2499
1.21431 -10.2499
1.21431 -10.2499
1.21431 -10.2499
1.21431 -10.2499
1.21431 -10.2499
1.21431 -10.2499
1.21431 -10.2499
1.21431 -10.2499
1.21431 -10.2499
1.21431 -10.2499
1.21431 -10.2499
1.21431 -10.2499
1.21431 -10.2499
1.21431 -10.2499
1.21431 -10.2499
1.21431 -10.2499
1.21431 -10.2499
1.21431 -10.2499
1.21431 -10.2499
1.21431 -10.2499
1.21431 -10.2499
1.21431 -10.2499
1.21431 -10.2499
1.21431 -10.2499
1.21431 -10.2499
1.21431 -10.2499
1.21431 -10.2499
1.21431 -10.2499
1.21431 -10.2499
1.21431 -10.2499
1.21431 -10.2499
1.21431 -10.2499
1.21431 -10.2499
1.21431 -10.2499
1.21431 -10.2499
1.21431 -10.2499
1.21431 -10.2499
1.21431 -10.2499
1.21431 -10.2499
1.21431 -10.2499
1.21431 -10.2499
1.21431 -10.2499
1.21431 -10.2499
1.21431 -10.2499
1.21431 -10.2499
1.21431 -10.2499
1.21431 -10.2499
1.21431 -10.2499
1.21431 -10.2499
1.21431 -10.2499
1.21431 -10.2499
1.21431 -10.2499
1.21431 -10.2499
1.21431 -10.2499
1.21431 -10.2499
1.21431 -10.2499
1.21431 -10.2499
1 -11