-18 -16
-17.7764 -16.1118
-17.5528 -16.2236
-17.3292 -16.3354
-17.1056 -16.4472
-16.882 -16.559
-16.6584 -16.6708
-16.4348 -16.7826
-16.2112 -16.8944
-15.9875 -17.0062
-15.7639 -17.118
-15.5403 -17.2298
-15.3167 -17.3416
-15.0931 -17.4534
-14.8695 -17.5652
-14.6459 -17.677
-14.4223 -17.7888
-14.1987 -17.9007
-13.9751 -18.0125
-13.7515 -18.1243
-13.5279 -18.2361
-13.3043 -18.3479
-13.0807 -18.4597
-12.857 -18.5715
-12.6334 -18.6833
-12.4098 -18.7951
-12.1862 -18.9069
-11.9626 -19.0187
-11.739 -19.1305
-11.5154 -19.2423
-11.2918 -19.3541
-11.0682 -19.4659
-10.8446 -19.5777
-10.621 -19.6895
-10.3974 -19.8013
-10.1738 -19.9131
-9.95015 -20.0249
-9.72655 -20.1367
-9.50294 -20.2485
-9.27933 -20.3603
-9.05573 -20.4721
-8.83212 -20.5839
-8.60851 -20.6957
-8.38491 -20.8075
-8.1613 -20.9193
-7.9377 -21.0311
-7.71409 -21.1429
-7.49048 -21.2547
-7.26688 -21.3666
-7.04327 -21.4784
-6.81966 -21.5902
-6.59606 -21.702
-6.37245 -21.8138
-6.14884 -21.9256
-5.92524 -22.0374
-5.70163 -22.1492
-5.47802 -22.261
-5.25442 -22.3728
-5.03081 -22.4846
-4.8072 -22.5964
-4.8072 -22.5964
-4.8072 -22.5964
-4.8072 -22.5964
-4.8072 -22.5964
-4.8072 -22.5964
-4.8072 -22.5964
-4.8072 -22.5964
-4.8072 -22.5964
-4.8072 -22.5964
-4.8072 -22.5964
-4.8072 -22.5964
-4.8072 -22.5964
-4.8072 -22.5964
-4.8072 -22.5964
-4.8072 -22.5964
-4.8072 -22.5964
-4.8072 -22.5964
-4.8072 -22.5964
-4.8072 -22.5964
-4.8072 -22.5964
-4.8072 -22.5964
-4.8072 -22.5964
-4.8072 -22.5964
-4.8072 -22.5964
-4.8072 -22.5964
-4.8072 -22.5964
-4.8072 -22.5964
-4.8072 -22.5964
-4.8072 -22.5964
-4.8072 -22.5964
-4.8072 -22.5964
-4.8072 -22.5964
-4.8072 -22.5964
-4.8072 -22.5964
-4.8072 -22.5964
-4.8072 -22.5964
-4.8072 -22.5964
-4.8072 -22.5964
-4.8072 -22.5964
-4.8072 -22.5964
-4.8072 -22.5964
-4.8072 -22.5964
-4.8072 -22.5964
-4.8072 -22.5964
-4.8072 -22.5964
-4.8072 -22.5964
-4.8072 -22.5964
-4.8072 -22.5964
-4.8072 -22.5964
-4.8072 -22.5964
-4.8072 -22.5964
-4.8072 -22.5964
-4.8072 -22.5964
-4.8072 -22.5964
-4.8072 -22.5964
-4.8072 -22.5964
-4.8072 -22.5964
-4.8072 -22.5964
-4.8072 -22.5964
-4.8072 -22.5964
-4.8072 -22.5964
-4.8072 -22.5964
-4.8072 -22.5964
-4.8072 -22.5964
-4.8072 -22.5964
-4.8072 -22.5964
-4.8072 -22.5964
-4.8072 -22.5964
-4.8072 -22.5964
-4.8072 -22.5964
-4.8072 -22.5964
-4.8072 -22.5964
-4.8072 -22.5964
-4.8072 -22.5964
-4.8072 -22.5964
-4.8072 -22.5964
-4.8072 -22.5964
-4.8072 -22.5964
-4.8072 -22.5964
-4.8072 -22.5964
-4.8072 -22.5964
-4 -23