17 17
17.06 16.83
17.0596 16.58
17.0592 16.33
17.0587 16.08
17.0583 15.83
17.0579 15.58
17.0575 15.33
17.0571 15.08
17.0567 14.83
17.0562 14.58
17.0558 14.33
17.0554 14.08
17.055 13.83
17.0546 13.58
17.0541 13.33
17.0537 13.08
17.0533 12.83
17.0529 12.58
17.0525 12.33
17.052 12.08
17.0516 11.83
17.0512 11.58
17.0508 11.33
17.0504 11.08
17.05 10.83
17.0495 10.58
17.0491 10.33
17.0487 10.08
17.0483 9.83
17.0479 9.58
17.0474 9.33
17.047 9.08
17.0466 8.83
17.0462 8.58
17.0458 8.33
17.0453 8.08
17.0449 7.83
17.0445 7.58
17.0441 7.33
17.0437 7.08
17.0433 6.83
17.0428 6.58
17.0424 6.33
17.042 6.08
17.0416 5.83
17.0412 5.58
17.0407 5.33001
17.0403 5.08001
17.0399 4.83001
17.0395 4.58001
17.0391 4.33001
17.0387 4.08001
17.0382 3.83001
17.0378 3.58001
17.0374 3.33001
17.037 3.08001
17.0366 2.83001
17.0361 2.58001
17.0357 2.33001
17.0353 2.08001
17.0349 1.83001
17.0345 1.58001
17.034 1.33001
17.0336 1.08001
17.0332 0.830012
17.0328 0.580013
17.0324 0.330013
17.032 0.0800133
17.0315 -0.169986
17.0311 -0.419986
17.0307 -0.669986
17.0303 -0.919985
17.0299 -1.16998
17.0294 -1.41998
17.029 -1.66998
17.0286 -1.91998
17.0282 -2.16998
17.0278 -2.41998
17.0273 -2.66998
17.0269 -2.91998
17.0265 -3.16998
17.0261 -3.41998
17.0257 -3.66998
17.0253 -3.91998
17.0248 -4.16998
17.0244 -4.41998
17.024 -4.66998
17.0236 -4.91998
17.0232 -5.16998
17.0227 -5.41998
17.0223 -5.66998
17.0219 -5.91998
17.0215 -6.16998
17.0211 -6.41998
17.0206 -6.66998
17.0202 -6.91998
17.0198 -7.16998
17.0194 -7.41997
17.019 -7.66997
17.0186 -7.91997
17.0181 -8.16997
17.0177 -8.41997
17.0173 -8.66997
17.0169 -8.91997
17.0165 -9.16997
17.016 -9.41997
17.0156 -9.66997
17.0152 -9.91997
17.0148 -10.17
17.0144 -10.42
17.014 -10.67
17.0135 -10.92
17.0131 -11.17
17.0127 -11.42
17.0123 -11.67
17.0119 -11.92
17.0114 -12.17
17.011 -12.42
17.0106 -12.67
17.0102 -12.92
17.0098 -13.17
17.0093 -13.42
17.0089 -13.67
17.0085 -13.92
17.0081 -14.17
17.0077 -14.42
17.0073 -14.67
17.0068 -14.92
17.0064 -15.17
17.006 -15.42
17.0056 -15.67
17.0052 -15.92
17.0047 -16.17
17.0043 -16.42
17.0039 -16.67
17.0035 -16.92
17.0031 -17.17
17.0026 -17.42
17.0022 -17.67
17.0018 -17.92
17 -19