-12 19
-11.85 18.8
-11.7 18.6
-11.55 18.4
-11.4 18.2
-11.25 18
-11.1 17.8
-10.95 17.6
-10.8 17.4
-10.65 17.2
-10.5 17
-10.35 16.8
-10.2 16.6
-10.05 16.4
-9.9 16.2
-9.75 16
-9.59999 15.8
-9.59999 15.8
-9.59999 15.8
-9.59999 15.8
-9.59999 15.8
-9.59999 15.8
-9.59999 15.8
-9.59999 15.8
-9.59999 15.8
-9.59999 15.8
-9.59999 15.8
-9.59999 15.8
-9.59999 15.8
-9.59999 15.8
-9.59999 15.8
-9.59999 15.8
-9.59999 15.8
-9.59999 15.8
-9.59999 15.8
-9.59999 15.8
-9.59999 15.8
-9.59999 15.8
-9.59999 15.8
-9.59999 15.8
-9.59999 15.8
-9.59999 15.8
-9.59999 15.8
-9.59999 15.8
-9.59999 15.8
-9.59999 15.8
-9.59999 15.8
-9.59999 15.8
-9.59999 15.8
-9.59999 15.8
-9.59999 15.8
-9.59999 15.8
-9.59999 15.8
-9.59999 15.8
-9.59999 15.8
-9.59999 15.8
-9.59999 15.8
-9.59999 15.8
-9.59999 15.8
-9.59999 15.8
-9.59999 15.8
-9.59999 15.8
-9.59999 15.8
-9.59999 15.8
-9.59999 15.8
-9.59999 15.8
-9.59999 15.8
-9.59999 15.8
-9.59999 15.8
-9.59999 15.8
-9.59999 15.8
-9.59999 15.8
-9.59999 15.8
-9.59999 15.8
-9.59999 15.8
-9.59999 15.8
-9.59999 15.8
-9.59999 15.8
-9.59999 15.8
-9.59999 15.8
-9.59999 15.8
-9.59999 15.8
-9.59999 15.8
-9.59999 15.8
-9.59999 15.8
-9.59999 15.8
-9.59999 15.8
-9.59999 15.8
-9.59999 15.8
-9.59999 15.8
-9.59999 15.8
-9.59999 15.8
-9.59999 15.8
-9.59999 15.8
-9.59999 15.8
-9.59999 15.8
-9.59999 15.8
-9.59999 15.8
-9.59999 15.8
-9.59999 15.8
-9.59999 15.8
-9.59999 15.8
-9.59999 15.8
-9.59999 15.8
-9.59999 15.8
-9.59999 15.8
-9.59999 15.8
-9.59999 15.8
-9.59999 15.8
-9.59999 15.8
-9.59999 15.8
-9.59999 15.8
-9.59999 15.8
-9.59999 15.8
-9.59999 15.8
-9.59999 15.8
-9.59999 15.8
-9.59999 15.8
-9.59999 15.8
-9.59999 15.8
-9.59999 15.8
-9.59999 15.8
-9.59999 15.8
-9.59999 15.8
-9.59999 15.8
-9.59999 15.8
-9.59999 15.8
-9.59999 15.8
-9.59999 15.8
-9.59999 15.8
-9.59999 15.8
-9.59999 15.8
-9.59999 15.8
-9.59999 15.8
-9.59999 15.8
-9.59999 15.8
-9.59999 15.8
-9.59999 15.8
-9.59999 15.8
-9.59999 15.8
-9.59999 15.8
-9 15