-11 6
-10.7789 5.88331
-10.5578 5.76662
-10.3367 5.64993
-10.1156 5.53324
-9.89452 5.41655
-9.67342 5.29986
-9.45233 5.18317
-9.23123 5.06648
-9.01014 4.94979
-8.78904 4.8331
-8.56794 4.71641
-8.34685 4.59972
-8.12575 4.48303
-7.90466 4.36634
-7.68356 4.24965
-7.46246 4.13297
-7.24137 4.01628
-7.02027 3.89959
-6.79918 3.7829
-6.57808 3.66621
-6.35698 3.54952
-6.13589 3.43283
-5.91479 3.31614
-5.6937 3.19945
-5.4726 3.08276
-5.2515 2.96607
-5.03041 2.84938
-4.80931 2.73269
-4.58821 2.616
-4.36712 2.49931
-4.14602 2.38262
-3.92493 2.26593
-3.70383 2.14924
-3.48273 2.03255
-3.26164 1.91586
-3.04054 1.79917
-2.81945 1.68248
-2.59835 1.56579
-2.37725 1.4491
-2.15616 1.33241
-1.93506 1.21572
-1.71396 1.09903
-1.49287 0.982344
-1.27177 0.865654
-1.05068 0.748964
-0.829579 0.632275
-0.608483 0.515585
-0.387387 0.398896
-0.166291 0.282206
0.0548055 0.165516
0.275902 0.0488267
0.496998 -0.0678629
0.718094 -0.184553
0.93919 -0.301242
1.16029 -0.417932
1.38138 -0.534621
1.60248 -0.651311
1.82357 -0.768001
2.04467 -0.88469
2.26577 -1.00138
2.48686 -1.11807
2.70796 -1.23476
2.92906 -1.35145
3.15015 -1.46814
3.37125 -1.58483
3.59234 -1.70152
3.81344 -1.81821
4.03454 -1.9349
4.25563 -2.05159
4.47673 -2.16828
4.69783 -2.28497
4.91892 -2.40166
5.14002 -2.51835
5.36111 -2.63504
5.58221 -2.75173
5.80331 -2.86841
6.0244 -2.9851
6.2455 -3.10179
6.46659 -3.21848
6.68769 -3.33517
6.90879 -3.45186
7.12988 -3.56855
7.35098 -3.68524
7.57207 -3.80193
7.79317 -3.91862
8.01427 -4.03531
8.23536 -4.152
8.45646 -4.26869
8.67755 -4.38538
8.89865 -4.50207
9.11975 -4.61876
9.34084 -4.73545
9.56194 -4.85214
9.78303 -4.96883
10.0041 -5.08552
10.2252 -5.20221
10.4463 -5.3189
10.6674 -5.43559
10.8885 -5.55228
11.1096 -5.66897
11.3307 -5.78566
11.5518 -5.90235
11.7729 -6.01904
11.994 -6.13573
12.2151 -6.25242
12.4362 -6.36911
12.6573 -6.4858
12.8784 -6.60248
13.0995 -6.71917
13.3206 -6.83586
13.5417 -6.95255
13.7628 -7.06924
13.9839 -7.18593
14.205 -7.30262
14.4261 -7.41931
14.6471 -7.536
14.8682 -7.65269
15.0893 -7.76938
15.3104 -7.88607
15.5315 -8.00276
15.7526 -8.11945
15.9737 -8.23614
16.1948 -8.35283
16.4159 -8.46952
16.637 -8.58621
16.8581 -8.7029
17.0792 -8.81959
17.3003 -8.93628
17.5214 -9.05297
17.7425 -9.16966
17.9636 -9.28635
18.1847 -9.40304
18.4058 -9.51973
18.6269 -9.63642
18.848 -9.75311
19.0691 -9.8698
19.2902 -9.98649
19.5113 -10.1032
19.7324 -10.2199
19.9535 -10.3366
20.1745 -10.4532
20.3956 -10.5699
20.6167 -10.6866
20.8378 -10.8033
21.0589 -10.92
21.28 -11.0367
21.5011 -11.1534
21.7222 -11.2701
21.9433 -11.3868
22.1644 -11.5034
22.3855 -11.6201
22.6066 -11.7368
22.8277 -11.8535
23.0488 -11.9702
23.2699 -12.0869
23.491 -12.2036
23.7121 -12.3203
23.9332 -12.437
24.1543 -12.5536
24.1552 -12.5544
24.1552 -12.5544
24.1552 -12.5544
24.1552 -12.5544
24.1552 -12.5544
24.1552 -12.5544
24.1552 -12.5544
24.1552 -12.5544
24.1552 -12.5544
24.1552 -12.5544
24.1552 -12.5544
24.1552 -12.5544
24.1552 -12.5544
24.1552 -12.5544
24.1552 -12.5544
25 -13