-2 -14
-1.86004 -13.7929
-1.72007 -13.5857
-1.58011 -13.3786
-1.44014 -13.1714
-1.30018 -12.9643
-1.16021 -12.7571
-1.02025 -12.55
-0.880285 -12.3428
-0.740321 -12.1357
-0.600357 -11.9285
-0.460392 -11.7214
-0.320428 -11.5142
-0.180463 -11.3071
-0.0404991 -11.0999
0.0994653 -10.8928
0.23943 -10.6856
0.379394 -10.4785
0.519358 -10.2713
0.659323 -10.0642
0.799287 -9.85705
0.939251 -9.6499
1.07922 -9.44275
1.21918 -9.23561
1.35914 -9.02846
1.49911 -8.82131
1.63907 -8.61416
1.77904 -8.40701
1.919 -8.19987
2.05897 -7.99272
2.19893 -7.78557
2.33889 -7.57843
2.47886 -7.37128
2.61882 -7.16413
2.75879 -6.95698
2.89875 -6.74984
3.03872 -6.54269
3.17868 -6.33554
3.31865 -6.1284
3.45861 -5.92125
3.59857 -5.7141
3.73854 -5.50695
3.8785 -5.29981
4.01847 -5.09266
4.15843 -4.88551
4.2984 -4.67837
4.43836 -4.47122
4.57833 -4.26407
4.71829 -4.05692
4.85825 -3.84978
4.99822 -3.64263
5.13818 -3.43548
5.27815 -3.22834
5.41811 -3.02119
5.55808 -2.81404
5.69804 -2.60689
5.83801 -2.39975
5.97797 -2.1926
6.11794 -1.98545
6.2579 -1.77831
6.39786 -1.57116
6.53783 -1.36401
6.67779 -1.15686
6.81776 -0.949717
6.95772 -0.74257
7.09769 -0.535423
7.23765 -0.328276
7.37762 -0.121128
7.51758 0.0860189
7.65755 0.293166
7.79751 0.500313
7.93747 0.707461
8.07744 0.914608
8.2174 1.12176
8.35737 1.3289
8.49733 1.53605
8.63729 1.7432
8.77726 1.95034
8.91722 2.15749
9.05719 2.36464
9.19715 2.57179
9.33712 2.77893
9.47708 2.98608
9.61704 3.19323
9.75701 3.40037
9.89697 3.60752
10.0369 3.81467
10.1769 4.02182
10.3169 4.22896
10.4568 4.43611
10.5968 4.64326
10.7368 4.8504
10.8767 5.05755
11.0167 5.2647
11.1566 5.47185
11.2966 5.67899
11.4366 5.88614
11.5765 6.09329
11.7165 6.30043
11.8565 6.50758
11.9964 6.71473
12.1364 6.92188
12.2764 7.12902
12.4163 7.33617
12.5563 7.54332
12.6963 7.75046
12.8362 7.95761
12.9762 8.16476
13.1161 8.37191
13.2561 8.57905
13.3961 8.7862
13.536 8.99335
13.676 9.2005
13.816 9.40764
13.9559 9.61479
14.0959 9.82194
14.2359 10.0291
14.3758 10.2362
14.5158 10.4434
14.6558 10.6505
14.7957 10.8577
14.9357 11.0648
15.0756 11.272
15.2156 11.4791
15.3556 11.6863
15.4955 11.8934
15.6355 12.1006
15.7755 12.3077
15.9154 12.5149
16.0554 12.722
16.1954 12.9291
16.3353 13.1363
16.4753 13.3434
16.6153 13.5506
16.7552 13.7577
16.8952 13.9649
17.0351 14.172
17.1751 14.3792
17.3151 14.5863
17.455 14.7935
17.595 15.0006
17.735 15.2078
17.8749 15.4149
18.0149 15.6221
18.1549 15.8292
18.2948 16.0364
18.4348 16.2435
18.5748 16.4507
18.7147 16.6578
18.8547 16.865
18.9947 17.0721
19.1346 17.2792
19.2746 17.4864
19.4146 17.6935
19.5545 17.9007
19.6945 18.1078
19.8344 18.315
19.9744 18.5221
20.1144 18.7293
20.2543 18.9364
20.3943 19.1436
20.5343 19.3507
20.6742 19.5579
20.8142 19.765
20.9542 19.9722
21.0941 20.1793
21.2341 20.3865
21.3741 20.5936
21.514 20.8008
21.654 21.0079
21.794 21.2151
21.9339 21.4222
22.0739 21.6293
22.2139 21.8365
22.3538 22.0436
23 23