21 15
20.7748 14.9406
20.5262 14.9143
20.2776 14.8879
20.029 14.8616
19.7804 14.8353
19.5318 14.809
19.2832 14.7827
19.0346 14.7563
18.7859 14.73
18.5373 14.7037
18.2887 14.6774
18.0401 14.6511
17.7915 14.6247
17.5429 14.5984
17.2943 14.5721
17.0457 14.5458
16.7971 14.5194
16.5484 14.4931
16.2998 14.4668
16.0512 14.4405
15.8026 14.4142
15.554 14.3878
15.3054 14.3615
15.0568 14.3352
14.8082 14.3089
14.5596 14.2826
14.3109 14.2562
14.0623 14.2299
13.8137 14.2036
13.5651 14.1773
13.3165 14.151
13.0679 14.1246
12.8193 14.0983
12.5707 14.072
12.3221 14.0457
12.0735 14.0193
11.8248 13.993
11.5762 13.9667
11.3276 13.9404
11.079 13.9141
10.8304 13.8877
10.5818 13.8614
10.3332 13.8351
10.0846 13.8088
9.83596 13.7825
9.58735 13.7561
9.33873 13.7298
9.09012 13.7035
8.84151 13.6772
8.5929 13.6509
8.34429 13.6245
8.09568 13.5982
7.84707 13.5719
7.59846 13.5456
7.34985 13.5192
7.10124 13.4929
6.85263 13.4666
6.60402 13.4403
6.35541 13.414
6.1068 13.3876
5.85819 13.3613
5.60958 13.335
5.36097 13.3087
5.11236 13.2824
4.86375 13.256
4.61514 13.2297
4.36652 13.2034
4.11791 13.1771
3.8693 13.1508
3.62069 13.1244
3.37208 13.0981
3.12347 13.0718
2.87486 13.0455
2.62625 13.0192
2.37764 12.9928
2.12903 12.9665
1.88042 12.9402
1.63181 12.9139
1.3832 12.8875
1.13459 12.8612
0.885977 12.8349
0.637367 12.8086
0.388756 12.7823
0.140146 12.7559
-0.108465 12.7296
-0.357075 12.7033
-0.605686 12.677
-0.854296 12.6507
-1.10291 12.6243
-1.35152 12.598
-1.60013 12.5717
-1.84874 12.5454
-2.09735 12.5191
-2.34596 12.4927
-2.59457 12.4664
-2.84318 12.4401
-3.09179 12.4138
-3.3404 12.3874
-3.58901 12.3611
-3.83762 12.3348
-4.08623 12.3085
-4.33484 12.2822
-4.58345 12.2558
-4.83206 12.2295
-5.08068 12.2032
-5.32929 12.1769
-5.5779 12.1506
-5.82651 12.1242
-6.07512 12.0979
-6.07512 12.0979
-6.07512 12.0979
-6.07512 12.0979
-6.07512 12.0979
-6.07512 12.0979
-6.07512 12.0979
-6.07512 12.0979
-6.07512 12.0979
-6.07512 12.0979
-6.07512 12.0979
-6.07512 12.0979
-6.07512 12.0979
-6.07512 12.0979
-6.07512 12.0979
-6.07512 12.0979
-6.07512 12.0979
-6.07512 12.0979
-6.07512 12.0979
-6.07512 12.0979
-6.07512 12.0979
-6.07512 12.0979
-6.07512 12.0979
-6.07512 12.0979
-6.07512 12.0979
-6.07512 12.0979
-6.07512 12.0979
-6.07512 12.0979
-6.07512 12.0979
-6.07512 12.0979
-6.07512 12.0979
-6.07512 12.0979
-6.07512 12.0979
-6.07512 12.0979
-6.07512 12.0979
-6.07512 12.0979
-6.07512 12.0979
-6.07512 12.0979
-6.07512 12.0979
-6.07512 12.0979
-6.07512 12.0979
-6.07512 12.0979
-6.07512 12.0979
-6.07512 12.0979
-6.07512 12.0979
-6.07512 12.0979
-6.07512 12.0979
-6.07512 12.0979
-6.07512 12.0979
-6.07512 12.0979
-6.07512 12.0979
-6.07512 12.0979
-6.07512 12.0979
-6.07512 12.0979
-6.07512 12.0979
-6.07512 12.0979
-6.07512 12.0979
-6.07512 12.0979
-6.07512 12.0979
-6.07512 12.0979
-6.07512 12.0979
-6.07512 12.0979
-6.07512 12.0979
-6.07512 12.0979
-6.07512 12.0979
-6.07512 12.0979
-7 12