16 22
15.9812 21.8852
16.0525 21.6455
16.1237 21.4059
16.1949 21.1663
16.2662 20.9266
16.3374 20.687
16.4086 20.4473
16.4798 20.2077
16.5511 19.9681
16.6223 19.7284
16.6935 19.4888
16.7647 19.2491
16.836 19.0095
16.9072 18.7699
16.9784 18.5302
17.0497 18.2906
17.1209 18.051
17.1921 17.8113
17.2633 17.5717
17.3346 17.332
17.4058 17.0924
17.477 16.8528
17.5483 16.6131
17.6195 16.3735
17.6907 16.1338
17.7619 15.8942
17.8332 15.6546
17.9044 15.4149
17.9756 15.1753
18.0469 14.9356
18.1181 14.696
18.1893 14.4564
18.2605 14.2167
18.3318 13.9771
18.403 13.7375
18.4742 13.4978
18.5454 13.2582
18.6167 13.0185
18.6879 12.7789
18.7591 12.5393
18.8304 12.2996
18.9016 12.06
18.9728 11.8203
19.044 11.5807
19.1153 11.3411
19.1865 11.1014
19.2577 10.8618
19.3289 10.6222
19.4002 10.3825
19.4714 10.1429
19.5426 9.90324
19.6139 9.6636
19.6851 9.42396
19.7563 9.18433
19.8275 8.94469
19.8988 8.70505
19.97 8.46541
20.0412 8.22577
20.1124 7.98613
20.1837 7.74649
20.2549 7.50686
20.3261 7.26722
20.3973 7.02758
20.4686 6.78794
20.5398 6.5483
20.611 6.30866
20.6823 6.06902
20.7535 5.82938
20.7878 5.78971
20.7878 5.78971
20.7878 5.78971
20.7878 5.78971
20.7878 5.78971
20.7878 5.78971
20.7878 5.78971
20.7878 5.78971
20.7878 5.78971
20.7878 5.78971
20.7878 5.78971
20.7878 5.78971
20.7878 5.78971
20.7878 5.78971
20.7878 5.78971
20.7878 5.78971
20.7878 5.78971
20.7878 5.78971
20.7878 5.78971
20.7878 5.78971
20.7878 5.78971
20.7878 5.78971
20.7878 5.78971
20.7878 5.78971
20.7878 5.78971
20.7878 5.78971
20.7878 5.78971
20.7878 5.78971
20.7878 5.78971
20.7878 5.78971
20.7878 5.78971
20.7878 5.78971
20.7878 5.78971
20.7878 5.78971
20.7878 5.78971
20.7878 5.78971
20.7878 5.78971
20.7878 5.78971
20.7878 5.78971
20.7878 5.78971
20.7878 5.78971
20.7878 5.78971
20.7878 5.78971
20.7878 5.78971
20.7878 5.78971
20.7878 5.78971
20.7878 5.78971
20.7878 5.78971
20.7878 5.78971
20.7878 5.78971
20.7878 5.78971
20.7878 5.78971
20.7878 5.78971
20.7878 5.78971
20.7878 5.78971
20.7878 5.78971
20.7878 5.78971
20.7878 5.78971
20.7878 5.78971
20.7878 5.78971
20.7878 5.78971
20.7878 5.78971
20.7878 5.78971
20.7878 5.78971
20.7878 5.78971
20.7878 5.78971
20.7878 5.78971
20.7878 5.78971
20.7878 5.78971
20.7878 5.78971
20.7878 5.78971
20.7878 5.78971
20.7878 5.78971
20.7878 5.78971
20.7878 5.78971
20.7878 5.78971
20.7878 5.78971
20.7878 5.78971
20.7878 5.78971
20.7878 5.78971
20.7878 5.78971
20.7878 5.78971
20.7878 5.78971
20.7878 5.78971
20.7878 5.78971
20.7878 5.78971
20.7878 5.78971
20.7878 5.78971
20.7878 5.78971
20.7878 5.78971
20.7878 5.78971
20.7878 5.78971
20.7878 5.78971
20.7878 5.78971
20.7878 5.78971
20.7878 5.78971
20.7878 5.78971
20.7878 5.78971
20.7878 5.78971
20.7878 5.78971
20.7878 5.78971
20.7878 5.78971
20.7878 5.78971
20.7878 5.78971
20.7878 5.78971
20.7878 5.78971
21 5