4 1
4.23334 0.910255
4.46667 0.820511
4.70001 0.730766
4.93335 0.641021
5.16668 0.551276
5.40002 0.461531
5.63336 0.371787
5.86669 0.282042
6.10003 0.192297
6.33336 0.102552
6.5667 0.0128076
6.80004 -0.0769372
7.03337 -0.166682
7.26671 -0.256427
7.50005 -0.346171
7.73338 -0.435916
7.96672 -0.525661
8.20006 -0.615406
8.43339 -0.705151
8.66673 -0.794895
8.90007 -0.88464
9.1334 -0.974385
9.36674 -1.06413
9.60007 -1.15387
9.83341 -1.24362
10.0667 -1.33336
10.3001 -1.42311
10.5334 -1.51285
10.7668 -1.6026
11.0001 -1.69234
11.2334 -1.78209
11.4668 -1.87183
11.7001 -1.96158
11.9334 -2.05132
12.1668 -2.14107
12.4001 -2.23081
12.6334 -2.32056
12.8668 -2.4103
13.1001 -2.50005
13.3335 -2.58979
13.5668 -2.67954
13.8001 -2.76928
14.0335 -2.85903
14.2668 -2.94877
14.5001 -3.03852
14.7335 -3.12826
14.9668 -3.21801
15.2001 -3.30775
15.4335 -3.39749
15.6668 -3.48724
15.9002 -3.57698
16.1335 -3.66673
16.1704 -3.75687
16.1704 -3.75687
16.1704 -3.75687
16.1704 -3.75687
16.1704 -3.75687
16.1704 -3.75687
16.1704 -3.75687
16.1704 -3.75687
16.1704 -3.75687
16.1704 -3.75687
16.1704 -3.75687
16.1704 -3.75687
16.1704 -3.75687
16.1704 -3.75687
16.1704 -3.75687
16.1704 -3.75687
16.1704 -3.75687
16.1704 -3.75687
16.1704 -3.75687
16.1704 -3.75687
16.1704 -3.75687
16.1704 -3.75687
16.1704 -3.75687
16.1704 -3.75687
16.1704 -3.75687
16.1704 -3.75687
16.1704 -3.75687
16.1704 -3.75687
16.1704 -3.75687
16.1704 -3.75687
16.1704 -3.75687
16.1704 -3.75687
16.1704 -3.75687
16.1704 -3.75687
16.1704 -3.75687
16.1704 -3.75687
16.1704 -3.75687
16.1704 -3.75687
16.1704 -3.75687
16.1704 -3.75687
16.1704 -3.75687
16.1704 -3.75687
16.1704 -3.75687
16.1704 -3.75687
16.1704 -3.75687
16.1704 -3.75687
16.1704 -3.75687
16.1704 -3.75687
16.1704 -3.75687
16.1704 -3.75687
16.1704 -3.75687
16.1704 -3.75687
16.1704 -3.75687
16.1704 -3.75687
16.1704 -3.75687
16.1704 -3.75687
16.1704 -3.75687
16.1704 -3.75687
16.1704 -3.75687
16.1704 -3.75687
16.1704 -3.75687
16.1704 -3.75687
16.1704 -3.75687
16.1704 -3.75687
16.1704 -3.75687
16.1704 -3.75687
16.1704 -3.75687
16.1704 -3.75687
16.1704 -3.75687
16.1704 -3.75687
16.1704 -3.75687
16.1704 -3.75687
16.1704 -3.75687
16.1704 -3.75687
16.1704 -3.75687
16.1704 -3.75687
16.1704 -3.75687
16.1704 -3.75687
16.1704 -3.75687
16.1704 -3.75687
16.1704 -3.75687
16.1704 -3.75687
16.1704 -3.75687
16.1704 -3.75687
16.1704 -3.75687
16.1704 -3.75687
16.1704 -3.75687
16.1704 -3.75687
16.1704 -3.75687
16.1704 -3.75687
16.1704 -3.75687
16.1704 -3.75687
16.1704 -3.75687
16.1704 -3.75687
16.1704 -3.75687
16.1704 -3.75687
16.1704 -3.75687
16.1704 -3.75687
16.1704 -3.75687
16.1704 -3.75687
16.1704 -3.75687
16.1704 -3.75687
16.1704 -3.75687
16.1704 -3.75687
16.1704 -3.75687
16.1704 -3.75687
16.1704 -3.75687
16.1704 -3.75687
16.1704 -3.75687
16.1704 -3.75687
16.1704 -3.75687
16.1704 -3.75687
16.1704 -3.75687
16.1704 -3.75687
16.1704 -3.75687
16.1704 -3.75687
16.1704 -3.75687
16.1704 -3.75687
16.1704 -3.75687
16.1704 -3.75687
16.1704 -3.75687
16.1704 -3.75687
17 -4