-25 -24
-23.4352 -22.7545
-21.8703 -21.509
-20.3055 -20.2635
-18.7406 -19.018
-17.1758 -17.7725
-15.6109 -16.5271
-14.0461 -15.2816
-12.4812 -14.0361
-10.9164 -12.7906
-9.35152 -11.5451
-7.78667 -10.2996
-6.22182 -9.0541
-4.65697 -7.80861
-3.09212 -6.56312
-1.52728 -5.31763
0.0375719 -4.07214
1.60242 -2.82665
3.16727 -1.58115
4.73212 -0.335662
6.29697 0.90983
7.84002 2.15857
9.35567 3.45726
10.8709 4.75554
12.3855 6.05329
13.8994 7.35033
15.4122 8.64633
17.02 9.83586
18.6278 11.0254
20.2356 12.2149
21.8434 13.4044
24 15