-2 -12
-0.624511 -10.5481
0.750978 -9.09619
2.12647 -7.64428
3.50196 -6.19238
4.87745 -4.74047
6.25294 -3.28857
7.62842 -1.83666
9.00391 -0.384758
10.3794 1.06715
11.7549 2.51905
13.1304 3.97096
14.5059 5.42286
15.8814 6.87477
15.8814 6.87477
15.8814 6.87477
15.8814 6.87477
15.8814 6.87477
15.8814 6.87477
15.8814 6.87477
15.8814 6.87477
15.9032 6.87152
15.9523 6.81825
16.0014 6.76498
16.0505 6.7117
16.0996 6.65843
16.1487 6.60516
16.1487 6.60516
16.1487 6.60516
16.1487 6.60516
16.1487 6.60516
16 7