16 15
14.8112 13.3916
13.6224 11.7833
12.4337 10.1749
11.2449 8.56659
10.0561 6.95824
8.86731 5.34988
7.67853 3.74153
6.59214 2.10612
5.50724 0.476325
4.42438 -1.14578
3.34447 -2.75668
2.08975 -4.31985
0.803752 -5.85158
-0.482249 -7.38332
-0.387001 -7.55146
-0.387001 -7.55146
-0.387001 -7.55146
-0.387001 -7.55146
-0.387001 -7.55146
-0.387001 -7.55146
-0.387001 -7.55146
-0.387001 -7.55146
-0.387001 -7.55146
-0.387001 -7.55146
-0.387001 -7.55146
-0.387001 -7.55146
-0.387001 -7.55146
-0.387001 -7.55146
-0.387001 -7.55146
-0.387001 -7.55146
-1 -8