23 18
23.1188 16.2971
22.6429 14.3545
22.1669 12.412
21.6909 10.4695
21.215 8.52692
20.739 6.58439
20.263 4.64185
19.7871 2.69931
19.3111 0.756775
18.8351 -1.18576
18.3591 -3.1283
17.8832 -5.07084
17.4072 -7.01337
16.9312 -8.95591
16.4552 -10.8984
15.9793 -12.841
15.5033 -14.7835
15.0273 -16.7261
14.5514 -18.6686
14.0754 -20.6111
13.5994 -22.5537
13.1234 -24.4962
13.1234 -24.4962
13.1234 -24.4962
13.1234 -24.4962
13.1234 -24.4962
13.1234 -24.4962
13.1234 -24.4962
13.1234 -24.4962
13.1234 -24.4962
13 -25