21 9
20.7513 9.02551
20.5026 9.05101
20.2539 9.07652
20.0052 9.10203
19.7565 9.12753
19.5078 9.15304
19.2591 9.17855
19.0104 9.20406
18.7617 9.22956
18.513 9.25507
18.2644 9.28058
18.0157 9.30608
17.767 9.33159
17.5183 9.3571
17.2696 9.3826
17.0209 9.40811
16.7722 9.43362
16.5235 9.45913
16.2748 9.48463
16.0261 9.51014
15.7774 9.53565
15.5287 9.56115
15.28 9.58666
15.0313 9.61217
14.7826 9.63767
14.5339 9.66318
14.2852 9.68869
14.0365 9.7142
13.7878 9.7397
13.5391 9.76521
13.2904 9.79072
13.0417 9.81622
12.7931 9.84173
12.5444 9.86724
12.2957 9.89274
12.047 9.91825
11.7983 9.94376
11.5496 9.96926
11.3009 9.99477
11.0522 10.0203
10.8035 10.0458
10.5548 10.0713
10.3061 10.0968
10.0574 10.1223
9.80871 10.1478
9.56001 10.1733
9.31132 10.1988
9.06262 10.2243
8.81393 10.2498
8.56523 10.2753
8.31654 10.3009
8.06784 10.3264
7.81915 10.3519
7.57045 10.3774
7.32175 10.4029
7.07306 10.4284
6.82436 10.4539
6.57567 10.4794
6.32697 10.5049
6.07828 10.5304
5.82958 10.5559
5.58089 10.5814
5.33219 10.6069
5.0835 10.6324
4.8348 10.658
4.58611 10.6835
4.33741 10.709
4.08871 10.7345
3.84002 10.76
3.59132 10.7855
3.34263 10.811
3.09393 10.8365
2.84524 10.862
2.59654 10.8875
2.34785 10.913
2.09915 10.9385
1.85046 10.964
1.60176 10.9895
1.35307 11.0151
1.10437 11.0406
0.855675 11.0661
0.606979 11.0916
0.358284 11.1171
0.109589 11.1426
-0.139107 11.1681
-0.387802 11.1936
-0.636497 11.2191
-0.885193 11.2446
-1.13389 11.2701
-1.38258 11.2956
-1.63128 11.3211
-1.87997 11.3466
-2.12867 11.3722
-2.37736 11.3977
-2.62606 11.4232
-2.87476 11.4487
-3.12345 11.4742
-3.37215 11.4997
-3.62084 11.5252
-3.86954 11.5507
-4.11823 11.5762
-4.36693 11.6017
-4.61562 11.6272
-4.86432 11.6527
-5.11301 11.6782
-5.36171 11.7038
-5.6104 11.7293
-5.8591 11.7548
-6.1078 11.7803
-6.35649 11.8058
-6.60519 11.8313
-6.85388 11.8568
-7.10258 11.8823
-7.35127 11.9078
-7.59997 11.9333
-7.84866 11.9588
-8.09736 11.9843
-8.34605 12.0098
-8.59475 12.0353
-8.84344 12.0609
-9.09214 12.0864
-9.34083 12.1119
-9.58953 12.1374
-9.83823 12.1629
-10.0869 12.1884
-10.3356 12.2139
-10.5843 12.2394
-10.833 12.2649
-11.0817 12.2904
-11.3304 12.3159
-11.5791 12.3414
-11.8278 12.3669
-12.0765 12.3925
-12.3252 12.418
-12.5739 12.4435
-12.8226 12.469
-13.0713 12.4945
-13.32 12.52
-13.5687 12.5455
-13.8174 12.571
-14.066 12.5965
-14.3147 12.622
-14.5634 12.6475
-14.8121 12.673
-15.0608 12.6985
-15.3095 12.7241
-15.5582 12.7496
-15.8069 12.7751
-16.0556 12.8006
-16.3043 12.8261
-16.553 12.8516
-16.8017 12.8771
-17.0504 12.9026
-17.1087 12.8429
-17.167 12.7831
-17.2252 12.7243
-17.2728 12.6935
-17.3186 12.6654
-17.3433 12.6569
-17.3433 12.6569
-17.3433 12.6569
-17.3433 12.6569
-17.3433 12.6569
-17.3433 12.6569
-17.3433 12.6569
-17.3433 12.6569
-17.3433 12.6569
-17.3433 12.6569
-17.3433 12.6569
-17.3433 12.6569
-17.3433 12.6569
-17.3433 12.6569
-17.3433 12.6569
-17.3433 12.6569
-17.3433 12.6569
-17.3433 12.6569
-17.3433 12.6569
-17.3433 12.6569
-17.3433 12.6569
-17.3433 12.6569
-17.3433 12.6569
-17.3433 12.6569
-17.3433 12.6569
-17.3433 12.6569
-17.3433 12.6569
-17.3433 12.6569
-17.3433 12.6569
-18 13