10 -21
9.95 -21.0276
9.70151 -21.055
9.45301 -21.0824
9.20452 -21.1098
8.95603 -21.1372
8.70753 -21.1646
8.45904 -21.192
8.21055 -21.2195
7.96205 -21.2469
7.71356 -21.2743
7.46507 -21.3017
7.21657 -21.3291
6.96808 -21.3565
6.71959 -21.3839
6.4711 -21.4113
6.2226 -21.4387
5.97411 -21.4661
5.72562 -21.4935
5.47712 -21.5209
5.22863 -21.5483
4.98014 -21.5757
4.73164 -21.6031
4.48315 -21.6306
4.23466 -21.658
3.98616 -21.6854
3.73767 -21.7128
3.48918 -21.7402
3.24068 -21.7676
2.99219 -21.795
2.7437 -21.8224
2.4952 -21.8498
2.24671 -21.8772
1.99822 -21.9046
1.74972 -21.932
1.50123 -21.9594
1.25274 -21.9868
1.00424 -22.0142
0.755752 -22.0417
0.507259 -22.0691
0.258765 -22.0965
0.0102722 -22.1239
-0.238221 -22.1513
-0.486714 -22.1787
-0.735207 -22.2061
-0.9837 -22.2335
-1.23219 -22.2609
-1.48069 -22.2883
-1.72918 -22.3157
-1.97767 -22.3431
-2.22617 -22.3705
-2.47466 -22.3979
-2.72315 -22.4253
-2.97165 -22.4528
-3.22014 -22.4802
-3.46863 -22.5076
-3.71713 -22.535
-3.96562 -22.5624
-4.21411 -22.5898
-4.4626 -22.6172
-4.7111 -22.6446
-4.95959 -22.672
-5.20808 -22.6994
-5.45658 -22.7268
-5.70507 -22.7542
-5.95356 -22.7816
-6.20206 -22.809
-6.45055 -22.8364
-6.69904 -22.8639
-6.94754 -22.8913
-7.19603 -22.9187
-7.44452 -22.9461
-7.69302 -22.9735
-7.94151 -23.0009
-8.19 -23.0283
-8.4385 -23.0557
-8.68699 -23.0831
-8.93548 -23.1105
-9.18398 -23.1379
-9.43247 -23.1653
-9.68096 -23.1927
-9.92945 -23.2202
-10.1779 -23.2476
-10.4264 -23.275
-10.6749 -23.3024
-10.9234 -23.3298
-11.1719 -23.3572
-11.4204 -23.3846
-11.6689 -23.412
-11.9174 -23.4394
-12.1659 -23.4668
-12.4144 -23.4942
-12.6629 -23.5216
-12.9114 -23.549
-13.1599 -23.5765
-13.4084 -23.6039
-13.6569 -23.6313
-13.9053 -23.6587
-14.1538 -23.6861
-14.4023 -23.7135
-14.6508 -23.7409
-14.8993 -23.7683
-15.1478 -23.7957
-15.3963 -23.8231
-15.6448 -23.8505
-15.8933 -23.8779
-16.1418 -23.9053
-16.1418 -23.9053
-16.1418 -23.9053
-16.1418 -23.9053
-16.1418 -23.9053
-16.1418 -23.9053
-16.1418 -23.9053
-16.1418 -23.9053
-16.1418 -23.9053
-16.1418 -23.9053
-16.1418 -23.9053
-16.1418 -23.9053
-16.1418 -23.9053
-16.1418 -23.9053
-16.1418 -23.9053
-16.1418 -23.9053
-16.1418 -23.9053
-16.1418 -23.9053
-16.1418 -23.9053
-16.1418 -23.9053
-16.1418 -23.9053
-16.1418 -23.9053
-16.1418 -23.9053
-16.1418 -23.9053
-16.1418 -23.9053
-16.1418 -23.9053
-16.1418 -23.9053
-16.1418 -23.9053
-16.1418 -23.9053
-16.1418 -23.9053
-16.1418 -23.9053
-16.1418 -23.9053
-16.1418 -23.9053
-16.1418 -23.9053
-16.1418 -23.9053
-16.1418 -23.9053
-16.1418 -23.9053
-16.1418 -23.9053
-16.1418 -23.9053
-16.1418 -23.9053
-16.1418 -23.9053
-16.1418 -23.9053
-16.1418 -23.9053
-16.1418 -23.9053
-16.1418 -23.9053
-16.1418 -23.9053
-16.1418 -23.9053
-16.1418 -23.9053
-16.1418 -23.9053
-16.1418 -23.9053
-16.1418 -23.9053
-16.1418 -23.9053
-16.1418 -23.9053
-16.1418 -23.9053
-16.1418 -23.9053
-16.1418 -23.9053
-16.1418 -23.9053
-16.1418 -23.9053
-16.1418 -23.9053
-16.1418 -23.9053
-16.1418 -23.9053
-16.1418 -23.9053
-16.1418 -23.9053
-16.1418 -23.9053
-16.1418 -23.9053
-16.1418 -23.9053
-16.1418 -23.9053
-16.1418 -23.9053
-16.1418 -23.9053
-16.1418 -23.9053
-16.1418 -23.9053
-16.1418 -23.9053
-16.1418 -23.9053
-16.1418 -23.9053
-16.1418 -23.9053
-16.1418 -23.9053
-16.1418 -23.9053
-16.1418 -23.9053
-16.1418 -23.9053
-16.1418 -23.9053
-16.1418 -23.9053
-16.1418 -23.9053
-17 -24