4 -21
3.89029 -20.7754
3.78058 -20.5507
3.67087 -20.3261
3.56116 -20.1014
3.45146 -19.8768
3.34175 -19.6521
3.23204 -19.4275
3.12233 -19.2029
3.01262 -18.9782
2.90291 -18.7536
2.7932 -18.5289
2.68349 -18.3043
2.57379 -18.0797
2.46408 -17.855
2.35437 -17.6304
2.24466 -17.4057
2.13495 -17.1811
2.02524 -16.9564
1.91553 -16.7318
1.80582 -16.5072
1.69612 -16.2825
1.58641 -16.0579
1.4767 -15.8332
1.36699 -15.6086
1.25728 -15.384
1.14757 -15.1593
1.03786 -14.9347
0.928154 -14.71
0.818445 -14.4854
0.708736 -14.2607
0.599027 -14.0361
0.489319 -13.8115
0.37961 -13.5868
0.269901 -13.3622
0.160192 -13.1375
0.0504834 -12.9129
-0.0592255 -12.6883
-0.168934 -12.4636
-0.278643 -12.239
-0.388352 -12.0143
-0.498061 -11.7897
-0.60777 -11.565
-0.717478 -11.3404
-0.827187 -11.1158
-0.936896 -10.8911
-1.0466 -10.6665
-1.15631 -10.4418
-1.26602 -10.2172
-1.37573 -9.99255
-1.48544 -9.76791
-1.59515 -9.54327
-1.70486 -9.31863
-1.81457 -9.09398
-1.92428 -8.86934
-2.03398 -8.6447
-2.14369 -8.42006
-2.2534 -8.19542
-2.36311 -7.97078
-2.47282 -7.74613
-2.58253 -7.52149
-2.69224 -7.29685
-2.80195 -7.07221
-2.91165 -6.84757
-3.02136 -6.62292
-3.13107 -6.39828
-3.24078 -6.17364
-3.35049 -5.949
-3.4602 -5.72436
-3.56991 -5.49972
-3.67962 -5.27507
-3.78932 -5.05043
-3.89903 -4.82579
-4.00874 -4.60115
-4.11845 -4.37651
-4.22816 -4.15187
-4.33787 -3.92722
-4.44758 -3.70258
-4.55729 -3.47794
-4.667 -3.2533
-4.7767 -3.02866
-4.88641 -2.80401
-4.99612 -2.57937
-5.10583 -2.35473
-5.21554 -2.13009
-5.32525 -1.90545
-5.43496 -1.6808
-5.54467 -1.45616
-5.65437 -1.23152
-5.76408 -1.00688
-5.87379 -0.782237
-5.9835 -0.557595
-6.09321 -0.332954
-6.20292 -0.108312
-6.31263 0.11633
-6.42234 0.340972
-6.53204 0.565614
-6.64175 0.790256
-6.75146 1.0149
-6.86117 1.23954
-6.97088 1.46418
-7.08059 1.68882
-7.1903 1.91347
-7.30001 2.13811
-7.40971 2.36275
-7.51942 2.58739
-7.62913 2.81203
-7.73884 3.03667
-7.84855 3.26132
-7.95826 3.48596
-8.06797 3.7106
-8.17768 3.93524
-8.28738 4.15988
-8.39709 4.38453
-8.5068 4.60917
-8.61651 4.83381
-8.72622 5.05845
-8.83593 5.28309
-8.94564 5.50773
-9.05535 5.73238
-9.16506 5.95702
-9.27476 6.18166
-9.38447 6.4063
-9.49418 6.63094
-9.60389 6.85559
-9.7136 7.08023
-9.82331 7.30487
-9.93302 7.52951
-10.0427 7.75415
-10.1524 7.97879
-10.2621 8.20344
-10.3719 8.42808
-10.4816 8.65272
-10.5913 8.87736
-10.701 9.102
-10.8104 9.3267
-10.9192 9.55156
-11.0276 9.77666
-11.1355 10.002
-11.2433 10.2276
-11.3511 10.4534
-11.4588 10.6793
-11.5666 10.9052
-11.6744 11.1312
-11.7822 11.3572
-11.89 11.5831
-11.9978 11.8091
-12.1056 12.0351
-12.2134 12.261
-12.3212 12.487
-12.429 12.713
-12.5368 12.939
-12.6446 13.165
-12.7524 13.3911
-12.8607 13.6168
-12.9714 13.8409
-13.0821 14.0651
-13.1928 14.2893
-13.3035 14.5134
-13.4141 14.7376
-13.5248 14.9618
-13.6355 15.1859
-13.7462 15.4101
-13.8569 15.6343
-13.9676 15.8584
-14.0782 16.0826
-14.1889 16.3067
-14.2996 16.5309
-14.4103 16.7551
-14.521 16.9792
-14.6316 17.2034
-14.7423 17.4276
-14.853 17.6517
-14.9637 17.8759
-15.0744 18.1001
-15.1851 18.3242
-15.2957 18.5484
-15.4064 18.7725
-15.5171 18.9967
-15.6278 19.2209
-15.7385 19.445
-15.8492 19.6692
-15.9598 19.8934
-16.0705 20.1175
-16.1812 20.3417
-16.2919 20.5658
-16.4026 20.79
-16.5132 21.0142
-17 22