-17 -18
-16.9834 -17.7506
-16.9667 -17.5011
-16.9501 -17.2517
-16.9335 -17.0022
-16.9168 -16.7528
-16.9002 -16.5033
-16.8836 -16.2539
-16.867 -16.0044
-16.8503 -15.755
-16.8337 -15.5055
-16.8171 -15.2561
-16.8004 -15.0066
-16.7838 -14.7572
-16.7672 -14.5077
-16.7505 -14.2583
-16.7339 -14.0089
-16.7173 -13.7594
-16.7007 -13.51
-16.684 -13.2605
-16.6674 -13.0111
-16.6508 -12.7616
-16.6341 -12.5122
-16.6175 -12.2627
-16.6009 -12.0133
-16.5842 -11.7638
-16.5676 -11.5144
-16.551 -11.265
-16.5344 -11.0155
-16.5177 -10.7661
-16.5011 -10.5166
-16.4845 -10.2672
-16.4678 -10.0177
-16.4512 -9.76828
-16.4346 -9.51883
-16.4179 -9.26939
-16.4013 -9.01994
-16.3847 -8.77049
-16.3681 -8.52105
-16.3514 -8.2716
-16.3348 -8.02216
-16.3182 -7.77271
-16.3015 -7.52326
-16.2849 -7.27382
-16.2683 -7.02437
-16.2516 -6.77492
-16.235 -6.52548
-16.2184 -6.27603
-16.2018 -6.02658
-16.1851 -5.77714
-16.1685 -5.52769
-16.1519 -5.27825
-16.1352 -5.0288
-16.1186 -4.77935
-16.102 -4.52991
-16.0853 -4.28046
-16.0687 -4.03101
-16.0521 -3.78157
-16.0354 -3.53212
-16.0188 -3.28267
-16.0022 -3.03323
-15.9856 -2.78378
-15.9689 -2.53434
-15.9523 -2.28489
-15.9357 -2.03544
-15.919 -1.786
-15.9024 -1.53655
-15.8858 -1.2871
-15.8692 -1.03766
-15.8525 -0.788211
-15.8359 -0.538764
-15.8193 -0.289318
-15.8026 -0.0398718
-15.786 0.209575
-15.7694 0.459021
-15.7528 0.708467
-15.7361 0.957914
-15.7195 1.20736
-15.7029 1.45681
-15.6862 1.70625
-15.6696 1.9557
-15.653 2.20515
-15.6363 2.45459
-15.6197 2.70404
-15.6031 2.95348
-15.5865 3.20293
-15.5698 3.45238
-15.5532 3.70182
-15.5366 3.95127
-15.5199 4.20072
-15.5033 4.45016
-15.4867 4.69961
-15.4701 4.94906
-15.4534 5.1985
-15.4368 5.44795
-15.4202 5.69739
-15.4035 5.94684
-15.3869 6.19629
-15.3703 6.44573
-15.3537 6.69518
-15.337 6.94463
-15.3204 7.19407
-15.3038 7.44352
-15.2871 7.69297
-15.2705 7.94241
-15.2539 8.19186
-15.2372 8.4413
-15.2206 8.69075
-15.204 8.9402
-15.1874 9.18964
-15.1707 9.43909
-15.1541 9.68853
-15.1375 9.93798
-15.1208 10.1874
-15.1042 10.4369
-15.0876 10.6863
-15.0709 10.9358
-15.0543 11.1852
-15.0844 11.3635
-15.1414 11.4998
-15.1921 11.6228
-15.2396 11.7389
-15.2855 11.8514
-15.3305 11.962
-15.3751 12.0717
-15.4195 12.1808
-15.4637 12.2897
-15.5079 12.3984
-15.552 12.5071
-15.5961 12.6158
-15.6402 12.7244
-15.6843 12.833
-15.72 12.945
-15.7521 13.0584
-15.7834 13.1722
-15.8149 13.2859
-15.8471 13.3994
-15.8797 13.5126
-15.9127 13.6257
-15.9459 13.7387
-15.9794 13.8517
-16.0128 13.9646
-16.0463 14.0775
-16.0797 14.1904
-16.1132 14.3033
-16.1466 14.4162
-16.1801 14.5292
-16.2135 14.6421
-16.24 14.7444
-16.2488 14.8197
-16.2343 14.8599
-16.1916 14.8569
-16.1114 14.797
-15.9711 14.6439
-15.868 14.4266
-15.7655 14.2099
-15.6642 13.9934
-15.5803 13.7593
-15.499 13.5238
-15.4212 13.2862
-15.3434 13.0486
-15.2656 12.811
-15.2042 12.7979
-15.1746 12.7955
-15.162 12.7956
-15.158 12.7958
-15.158 12.7958
-15.158 12.7958
-15.158 12.7958
-15.158 12.7958
-15.158 12.7958
-15.158 12.7958
-15.158 12.7958
-15.158 12.7958
-15.158 12.7958
-15.158 12.7958
-15.158 12.7958
-15.158 12.7958
-15.158 12.7958
-15.158 12.7958
-15.158 12.7958
-15.158 12.7958
-15.158 12.7958
-15.158 12.7958
-15.158 12.7958
-15.158 12.7958
-15.158 12.7958
-15.158 12.7958
-15 12