12 -24
12.173 -23.8605
12.292 -23.6406
12.411 -23.4208
12.5299 -23.2009
12.6489 -22.981
12.7678 -22.7611
12.8868 -22.5412
13.0058 -22.3213
13.1247 -22.1015
13.2437 -21.8816
13.3626 -21.6617
13.4816 -21.4418
13.6006 -21.2219
13.7195 -21.002
13.8385 -20.7822
13.9574 -20.5623
14.0764 -20.3424
14.1954 -20.1225
14.3143 -19.9026
14.4333 -19.6827
14.5522 -19.4629
14.6712 -19.243
14.7902 -19.0231
14.9091 -18.8032
15.0281 -18.5833
15.1471 -18.3634
15.266 -18.1436
15.385 -17.9237
15.5039 -17.7038
15.6229 -17.4839
15.7419 -17.264
15.8608 -17.0441
15.9798 -16.8243
16.0987 -16.6044
16.2177 -16.3845
16.3367 -16.1646
16.4556 -15.9447
16.5746 -15.7248
16.6935 -15.505
16.8125 -15.2851
16.9315 -15.0652
17.0504 -14.8453
17.1694 -14.6254
17.2883 -14.4056
17.4073 -14.1857
17.5263 -13.9658
17.6452 -13.7459
17.7642 -13.526
17.8832 -13.3061
18.0021 -13.0863
18.1211 -12.8664
18.24 -12.6465
18.359 -12.4266
18.478 -12.2067
18.5969 -11.9868
18.7159 -11.767
18.8348 -11.5471
18.9538 -11.3272
19.0728 -11.1073
19.1917 -10.8874
19.3107 -10.6675
19.4297 -10.4477
19.5486 -10.2278
19.6676 -10.0079
19.7865 -9.78801
19.9055 -9.56813
20.0245 -9.34824
20.1434 -9.12836
20.2624 -8.90848
20.3813 -8.68859
20.5003 -8.46871
20.6193 -8.24883
20.7382 -8.02895
20.8572 -7.80906
20.9762 -7.58918
21.0951 -7.3693
21.2141 -7.14942
21.333 -6.92953
21.452 -6.70965
21.571 -6.48977
21.6899 -6.26989
21.8089 -6.05
21.9278 -5.83012
22.0468 -5.61024
22.1658 -5.39035
22.2847 -5.17047
22.4037 -4.95059
22.5226 -4.7307
22.6416 -4.51082
22.7606 -4.29094
22.8795 -4.07106
22.9985 -3.85117
23.1174 -3.63129
23.2364 -3.41141
23.3554 -3.19152
23.4743 -2.97164
23.5933 -2.75176
23.5933 -2.75176
23.5933 -2.75176
23.5933 -2.75176
23.5933 -2.75176
23.5933 -2.75176
23.5933 -2.75176
23.5933 -2.75176
23.5933 -2.75176
23.5933 -2.75176
23.5933 -2.75176
23.5933 -2.75176
23.5933 -2.75176
23.5933 -2.75176
23.5933 -2.75176
23.5933 -2.75176
23.5933 -2.75176
23.5933 -2.75176
23.5933 -2.75176
23.5933 -2.75176
23.5933 -2.75176
23.5933 -2.75176
23.5933 -2.75176
23.5933 -2.75176
23.5933 -2.75176
23.5933 -2.75176
23.5933 -2.75176
23.5933 -2.75176
23.5933 -2.75176
23.5933 -2.75176
23.5933 -2.75176
23.5933 -2.75176
23.5933 -2.75176
23.5933 -2.75176
23.5933 -2.75176
23.5933 -2.75176
23.5933 -2.75176
23.5933 -2.75176
23.5933 -2.75176
23.5933 -2.75176
23.5933 -2.75176
23.5933 -2.75176
23.5933 -2.75176
23.5933 -2.75176
23.5933 -2.75176
23.5933 -2.75176
23.5933 -2.75176
23.5933 -2.75176
23.5933 -2.75176
23.5933 -2.75176
23.5933 -2.75176
23.5933 -2.75176
23.5933 -2.75176
23.5933 -2.75176
23.5933 -2.75176
23.5933 -2.75176
23.5933 -2.75176
23.5933 -2.75176
23.5933 -2.75176
23.5933 -2.75176
23.5933 -2.75176
23.5933 -2.75176
23.5933 -2.75176
23.5933 -2.75176
23.5933 -2.75176
23.5933 -2.75176
23.5933 -2.75176
23.5933 -2.75176
23.5933 -2.75176
23.5933 -2.75176
23.5933 -2.75176
23.5933 -2.75176
23.5933 -2.75176
23.5933 -2.75176
23.5933 -2.75176
23.5933 -2.75176
23.5933 -2.75176
23.5933 -2.75176
23.5933 -2.75176
23.5933 -2.75176
23.5933 -2.75176
23.5933 -2.75176
23.5933 -2.75176
23.5933 -2.75176
23.5933 -2.75176
23.5933 -2.75176
23.5933 -2.75176
23.5933 -2.75176
23.5933 -2.75176
23.5933 -2.75176
23.5933 -2.75176
24 -2