2 7
2.02663 6.75142
2.05327 6.50285
2.0799 6.25427
2.10653 6.00569
2.13317 5.75711
2.1598 5.50854
2.18643 5.25996
2.21307 5.01138
2.2397 4.76281
2.26633 4.51423
2.29297 4.26565
2.3196 4.01707
2.34623 3.7685
2.37287 3.51992
2.3995 3.27134
2.42613 3.02277
2.45277 2.77419
2.4794 2.52561
2.50603 2.27703
2.53267 2.02846
2.5593 1.77988
2.58593 1.5313
2.61257 1.28272
2.6504 1.04296
2.68818 0.803248
2.72592 0.563596
2.76361 0.324003
2.80126 0.084471
2.83886 -0.155
2.8764 -0.394407
2.9139 -0.633751
2.95135 -0.873029
2.98874 -1.11224
3.02608 -1.35138
3.06336 -1.59046
3.10059 -1.82946
3.13776 -2.06839
3.17487 -2.30724
3.21193 -2.54602
3.24892 -2.78472
3.28584 -3.02334
3.32271 -3.26187
3.3595 -3.50033
3.39623 -3.7387
3.43289 -3.97698
3.46948 -4.21517
3.506 -4.45326
3.54244 -4.69126
3.5788 -4.92917
3.61509 -5.16697
3.6513 -5.40467
3.68742 -5.64227
3.72345 -5.87976
3.7594 -6.11713
3.79526 -6.35439
3.83103 -6.59154
3.85124 -6.84072
3.87146 -7.0899
3.89167 -7.33908
3.91189 -7.58826
3.93211 -7.83744
3.95232 -8.08662
3.97254 -8.3358
3.99276 -8.58498
4.01297 -8.83417
4.03319 -9.08335
4.05341 -9.33253
4.07362 -9.58171
4.09384 -9.83089
4.11406 -10.0801
4.13427 -10.3293
4.15449 -10.5784
4.1747 -10.8276
4.19492 -11.0768
4.21514 -11.326
4.23535 -11.5752
4.25557 -11.8243
4.27579 -12.0735
4.296 -12.3227
4.31622 -12.5719
4.33644 -12.8211
4.35665 -13.0702
4.37687 -13.3194
4.39709 -13.5686
4.4173 -13.8178
4.43752 -14.067
4.45774 -14.3161
4.47795 -14.5653
4.49817 -14.8145
4.51838 -15.0637
4.5386 -15.3129
4.55882 -15.5621
4.57903 -15.8112
4.59925 -16.0604
4.61946 -16.3096
4.63968 -16.5588
4.6599 -16.808
4.68011 -17.0571
4.70033 -17.3063
4.72055 -17.5555
4.74076 -17.8047
4.76098 -18.0539
4.7812 -18.3031
4.80141 -18.5522
4.82163 -18.8014
4.84184 -19.0506
4.86206 -19.2998
4.88228 -19.549
4.90249 -19.7981
4.92271 -20.0473
4.94854 -20.0839
4.94854 -20.0839
4.94854 -20.0839
4.94854 -20.0839
4.94854 -20.0839
4.94854 -20.0839
4.94854 -20.0839
4.94854 -20.0839
4.94854 -20.0839
4.94854 -20.0839
4.94854 -20.0839
4.94854 -20.0839
4.94854 -20.0839
4.94854 -20.0839
4.94854 -20.0839
4.94854 -20.0839
4.94854 -20.0839
4.94854 -20.0839
4.94854 -20.0839
4.94854 -20.0839
4.94854 -20.0839
4.94854 -20.0839
4.94854 -20.0839
4.94854 -20.0839
5 -21