-11 -8
-10.8927 -7.93705
-10.8392 -7.84116
-10.7599 -7.63083
-10.6806 -7.42067
-10.6012 -7.21068
-10.5219 -7.00086
-10.4425 -6.79122
-10.3631 -6.58176
-10.2836 -6.37248
-10.2042 -6.16338
-10.1247 -5.95446
-10.0452 -5.74574
-9.96568 -5.5372
-9.88614 -5.32885
-9.80657 -5.1207
-9.72698 -4.91274
-9.64737 -4.70499
-9.56773 -4.49744
-9.48807 -4.29009
-9.39435 -4.07888
-9.26357 -3.86582
-9.13278 -3.65276
-9.002 -3.4397
-8.87121 -3.22664
-8.74043 -3.01357
-8.60964 -2.80051
-8.47886 -2.58745
-8.34807 -2.37439
-8.21729 -2.16133
-8.0865 -1.94827
-7.95572 -1.7352
-7.82493 -1.52214
-7.69415 -1.30908
-7.56336 -1.09602
-7.43258 -0.882958
-7.30179 -0.669897
-7.17101 -0.456835
-7.04022 -0.243773
-6.90944 -0.0307119
-6.77865 0.18235
-6.64787 0.395411
-6.51708 0.608473
-6.3863 0.821534
-6.25551 1.0346
-6.12473 1.24766
-5.99394 1.46072
-5.86316 1.67378
-5.73237 1.88684
-5.60159 2.0999
-5.4708 2.31297
-5.34002 2.52603
-5.20923 2.73909
-5.07845 2.95215
-4.94766 3.16521
-4.81688 3.37827
-4.68609 3.59133
-4.55531 3.8044
-4.42452 4.01746
-4.29374 4.23052
-4.16295 4.44358
-4.03217 4.65664
-3.90138 4.8697
-3.7706 5.08276
-3.63981 5.29583
-3.50903 5.50889
-3.37824 5.72195
-3.24746 5.93501
-3.11667 6.14807
-2.98589 6.36113
-2.8551 6.57419
-2.72432 6.78726
-2.59353 7.00032
-2.46275 7.21338
-2.33196 7.42644
-2.20118 7.6395
-2.07039 7.85256
-1.9396 8.06562
-1.80882 8.27869
-1.67803 8.49175
-1.54725 8.70481
-1.41646 8.91787
-1.28568 9.13093
-1.15489 9.34399
-1.02411 9.55705
-0.893323 9.77011
-0.762538 9.98318
-0.631753 10.1962
-0.500968 10.4093
-0.370182 10.6224
-0.239397 10.8354
-0.108612 11.0485
0.022173 11.2615
0.152958 11.4746
0.283743 11.6877
0.414528 11.9007
0.545314 12.1138
0.676099 12.3269
0.806884 12.5399
0.937669 12.753
1.06845 12.966
1.19924 13.1791
1.33002 13.3922
1.46081 13.6052
1.59159 13.8183
1.72238 14.0313
1.85316 14.2444
1.98395 14.4575
2.11473 14.6705
2.24552 14.8836
2.3763 15.0966
2.50709 15.3097
2.63787 15.5228
2.76866 15.7358
2.89944 15.9489
3.03023 16.162
3.16101 16.375
3.2918 16.5881
3.42259 16.8011
3.55337 17.0142
3.68416 17.2273
3.81494 17.4403
3.94573 17.6534
4.07651 17.8665
4.2073 18.0795
4.33808 18.2926
4.46887 18.5056
4.59965 18.7187
4.73044 18.9318
4.86122 19.1448
4.99201 19.3579
5.12279 19.571
5.25358 19.784
5.38437 19.9971
5.51515 20.2101
6 21