-10 0
-9.8915 -0.0899299
-9.73337 -0.210229
-9.60181 -0.438916
-9.47023 -0.667736
-9.33864 -0.896692
-9.20703 -1.12579
-9.0754 -1.35502
-8.94376 -1.5844
-8.8121 -1.81393
-8.68042 -2.0436
-8.54872 -2.27343
-8.41701 -2.5034
-8.28527 -2.73354
-8.15352 -2.96384
-8.02175 -3.19429
-7.88995 -3.42492
-7.75814 -3.65571
-7.62631 -3.88667
-7.49446 -4.11781
-7.37662 -4.35345
-7.30027 -4.59151
-7.22393 -4.82957
-7.14758 -5.06762
-7.07123 -5.30568
-6.99488 -5.54374
-6.91853 -5.78179
-6.84219 -6.01985
-6.76584 -6.25791
-6.68949 -6.49596
-6.61314 -6.73402
-6.53679 -6.97208
-6.46045 -7.21013
-6.3841 -7.44819
-6.30775 -7.68625
-6.2314 -7.9243
-6.15506 -8.16236
-6.07871 -8.40042
-6.00236 -8.63847
-5.92601 -8.87653
-5.84966 -9.11459
-5.77332 -9.35264
-5.69697 -9.5907
-5.62062 -9.82876
-5.54427 -10.0668
-5.46793 -10.3049
-5.39158 -10.5429
-5.31523 -10.781
-5.23888 -11.019
-5.16253 -11.2571
-5.08619 -11.4952
-5.00984 -11.7332
-4.93349 -11.9713
-4.85714 -12.2093
-4.78079 -12.4474
-4.70445 -12.6854
-4.6281 -12.9235
-4.55175 -13.1616
-4.4754 -13.3996
-4.39906 -13.6377
-4.32271 -13.8757
-4.24636 -14.1138
-4.17001 -14.3518
-4.09366 -14.5899
-4.01732 -14.828
-3.94097 -15.066
-3.86462 -15.3041
-3.78827 -15.5421
-3.71192 -15.7802
-3.63558 -16.0182
-3.55923 -16.2563
-3.48288 -16.4944
-3.40653 -16.7324
-3.33018 -16.9705
-3.25384 -17.2085
-3.28944 -17.2474
-3.28944 -17.2474
-3.28944 -17.2474
-3.28944 -17.2474
-3.28944 -17.2474
-3.28944 -17.2474
-3.28944 -17.2474
-3.28944 -17.2474
-3.28944 -17.2474
-3.28944 -17.2474
-3.28944 -17.2474
-3.28944 -17.2474
-3.28944 -17.2474
-3.28944 -17.2474
-3.28944 -17.2474
-3.28944 -17.2474
-3.28944 -17.2474
-3.28944 -17.2474
-3.28944 -17.2474
-3.28944 -17.2474
-3.28944 -17.2474
-3.28944 -17.2474
-3.28944 -17.2474
-3.28944 -17.2474
-3.28944 -17.2474
-3.28944 -17.2474
-3.28944 -17.2474
-3.28944 -17.2474
-3.28944 -17.2474
-3.28944 -17.2474
-3.28944 -17.2474
-3.28944 -17.2474
-3.28944 -17.2474
-3.28944 -17.2474
-3.28944 -17.2474
-3.28944 -17.2474
-3.28944 -17.2474
-3.28944 -17.2474
-3.28944 -17.2474
-3.28944 -17.2474
-3.28944 -17.2474
-3.28944 -17.2474
-3.28944 -17.2474
-3.28944 -17.2474
-3.28944 -17.2474
-3.28944 -17.2474
-3.28944 -17.2474
-3.28944 -17.2474
-3.28944 -17.2474
-3.28944 -17.2474
-3.28944 -17.2474
-3.28944 -17.2474
-3.28944 -17.2474
-3.28944 -17.2474
-3.28944 -17.2474
-3.28944 -17.2474
-3.28944 -17.2474
-3.28944 -17.2474
-3.28944 -17.2474
-3.28944 -17.2474
-3 -18