15 -14
14.8821 -13.8332
14.6596 -13.7192
14.4371 -13.6051
14.2147 -13.4911
13.9922 -13.377
13.7697 -13.2629
13.5473 -13.1489
13.3248 -13.0348
13.1023 -12.9208
12.8799 -12.8067
12.6574 -12.6927
12.4349 -12.5786
12.2125 -12.4645
11.99 -12.3505
11.7675 -12.2364
11.5451 -12.1224
11.3226 -12.0083
11.1002 -11.8943
10.8777 -11.7802
10.6552 -11.6661
10.4328 -11.5521
10.2103 -11.438
9.98782 -11.324
9.75416 -11.2187
9.52047 -11.1134
9.28675 -11.0081
9.053 -10.9028
8.81922 -10.7974
8.58541 -10.6919
8.35157 -10.5864
8.1177 -10.4809
7.88379 -10.3754
7.64985 -10.2698
7.41588 -10.1641
7.18188 -10.0584
6.94784 -9.95272
6.71376 -9.84695
6.47965 -9.74113
6.2455 -9.63527
6.01132 -9.52936
5.7771 -9.4234
5.54284 -9.3174
5.30855 -9.21134
5.07421 -9.10524
4.83983 -8.99908
4.60541 -8.89287
4.37095 -8.78661
4.13645 -8.6803
3.90191 -8.57393
3.66732 -8.4675
3.43268 -8.36102
3.198 -8.25448
2.96327 -8.14787
2.7285 -8.04121
2.49367 -7.93449
2.2588 -7.8277
2.03866 -7.70921
1.81852 -7.59073
1.59839 -7.47224
1.37825 -7.35375
1.15811 -7.23526
0.937973 -7.11677
0.717836 -6.99829
0.497698 -6.8798
0.27756 -6.76131
0.0574226 -6.64282
-0.162715 -6.52433
-0.382853 -6.40585
-0.602991 -6.28736
-0.823128 -6.16887
-1.04327 -6.05038
-1.2634 -5.9319
-1.48354 -5.81341
-1.70368 -5.69492
-1.92382 -5.57643
-2.14395 -5.45794
-2.36409 -5.33946
-2.58423 -5.22097
-2.80437 -5.10248
-3.0245 -4.98399
-3.24464 -4.86551
-3.46478 -4.74702
-3.68492 -4.62853
-3.90506 -4.51004
-4.12519 -4.39155
-4.34533 -4.27307
-4.56547 -4.15458
-4.78561 -4.03609
-5.00574 -3.9176
-5.22588 -3.79911
-5.44602 -3.68063
-5.66616 -3.56214
-5.88629 -3.44365
-6.10643 -3.32516
-6.32657 -3.20667
-6.54671 -3.08819
-6.76684 -2.9697
-6.98698 -2.85121
-7.20712 -2.73272
-7.42726 -2.61423
-7.64739 -2.49575
-7.86753 -2.37726
-8.08767 -2.25877
-8.30781 -2.14028
-8.52795 -2.02179
-8.74808 -1.90331
-8.96822 -1.78482
-9.18836 -1.66633
-9.4085 -1.54784
-9.62863 -1.42935
-9.84877 -1.31087
-10.0689 -1.19238
-10.289 -1.07389
-10.5092 -0.955402
-10.7293 -0.836914
-10.9495 -0.718426
-11.1696 -0.599938
-11.3897 -0.48145
-11.6099 -0.362963
-11.83 -0.244475
-12.0501 -0.125987
-12.2703 -0.00749878
-12.4904 0.110989
-12.7106 0.229477
-12.9307 0.347965
-13.1508 0.466453
-13.371 0.584941
-13.5911 0.703429
-13.8112 0.821917
-14.0314 0.940404
-14.2515 1.05889
-14.4717 1.17738
-14.6918 1.29587
-14.9119 1.41436
-16 2