11 -16
11.1226 -16.1762
11.3363 -16.306
11.5499 -16.4358
11.7636 -16.5656
11.9773 -16.6954
12.1909 -16.8252
12.4046 -16.955
12.6182 -17.0848
12.8319 -17.2146
13.0455 -17.3445
13.2592 -17.4743
13.4729 -17.6041
13.6865 -17.7339
13.9002 -17.8637
14.1138 -17.9935
14.3275 -18.1233
14.5411 -18.2531
14.7548 -18.3829
14.9685 -18.5128
15.1821 -18.6426
15.3958 -18.7724
15.6094 -18.9022
15.8231 -19.032
16.0367 -19.1618
16.2504 -19.2916
16.4641 -19.4214
16.6777 -19.5512
16.8914 -19.681
17.105 -19.8109
17.3187 -19.9407
17.5323 -20.0705
17.746 -20.2003
17.9597 -20.3301
18.1733 -20.4599
18.387 -20.5897
18.6006 -20.7195
18.8143 -20.8493
19.0279 -20.9791
19.2416 -21.109
19.4553 -21.2388
19.6689 -21.3686
19.8826 -21.4984
20.0962 -21.6282
20.3099 -21.758
20.5235 -21.8878
20.7372 -22.0176
20.9509 -22.1474
21.1645 -22.2773
21.3782 -22.4071
21.5918 -22.5369
21.8055 -22.6667
22.0191 -22.7965
22.2328 -22.9263
22.4465 -23.0561
22.6601 -23.1859
22.8738 -23.3157
23.0874 -23.4455
23.3011 -23.5754
23.3011 -23.5754
23.3011 -23.5754
23.3011 -23.5754
23.3011 -23.5754
23.3011 -23.5754
23.3011 -23.5754
23.3011 -23.5754
23.3011 -23.5754
23.3011 -23.5754
23.3011 -23.5754
23.3011 -23.5754
23.3011 -23.5754
23.3011 -23.5754
23.3011 -23.5754
23.3011 -23.5754
23.3011 -23.5754
23.3011 -23.5754
23.3011 -23.5754
23.3011 -23.5754
23.3011 -23.5754
23.3011 -23.5754
23.3011 -23.5754
23.3011 -23.5754
23.3011 -23.5754
23.3011 -23.5754
23.3011 -23.5754
23.3011 -23.5754
23.3011 -23.5754
23.3011 -23.5754
23.3011 -23.5754
23.3011 -23.5754
23.3011 -23.5754
23.3011 -23.5754
23.3011 -23.5754
23.3011 -23.5754
23.3011 -23.5754
23.3011 -23.5754
23.3011 -23.5754
23.3011 -23.5754
23.3011 -23.5754
23.3011 -23.5754
23.3011 -23.5754
23.3011 -23.5754
23.3011 -23.5754
23.3011 -23.5754
23.3011 -23.5754
23.3011 -23.5754
23.3011 -23.5754
23.3011 -23.5754
23.3011 -23.5754
23.3011 -23.5754
23.3011 -23.5754
23.3011 -23.5754
23.3011 -23.5754
23.3011 -23.5754
23.3011 -23.5754
23.3011 -23.5754
23.3011 -23.5754
23.3011 -23.5754
23.3011 -23.5754
23.3011 -23.5754
23.3011 -23.5754
23.3011 -23.5754
23.3011 -23.5754
23.3011 -23.5754
23.3011 -23.5754
23.3011 -23.5754
23.3011 -23.5754
23.3011 -23.5754
23.3011 -23.5754
23.3011 -23.5754
23.3011 -23.5754
23.3011 -23.5754
23.3011 -23.5754
23.3011 -23.5754
23.3011 -23.5754
24 -24