-11 -9
-11.1562 -9.19522
-11.3123 -9.39043
-11.4685 -9.58565
-11.6247 -9.78087
-11.7809 -9.97609
-11.937 -10.1713
-12.0932 -10.3665
-12.2494 -10.5617
-12.4056 -10.757
-12.5617 -10.9522
-12.7179 -11.1474
-12.8741 -11.3426
-13.0303 -11.5378
-13.1864 -11.733
-13.3426 -11.9283
-13.4988 -12.1235
-13.655 -12.3187
-13.8111 -12.5139
-13.9673 -12.7091
-14.1235 -12.9043
-14.2796 -13.0996
-14.4358 -13.2948
-14.592 -13.49
-14.7482 -13.6852
-14.9043 -13.8804
-15.0605 -14.0756
-15.2167 -14.2709
-15.3729 -14.4661
-15.529 -14.6613
-15.6852 -14.8565
-15.8414 -15.0517
-15.9976 -15.2469
-16.1537 -15.4422
-16.3099 -15.6374
-16.4661 -15.8326
-16.6223 -16.0278
-16.7784 -16.223
-16.9346 -16.4183
-17.0908 -16.6135
-17.2469 -16.8087
-17.4031 -17.0039
-17.5593 -17.1991
-17.7155 -17.3943
-17.8716 -17.5896
-18.0278 -17.7848
-18.184 -17.98
-18.3402 -18.1752
-18.4963 -18.3704
-18.6525 -18.5656
-18.8087 -18.7609
-18.9649 -18.9561
-19.121 -19.1513
-19.2772 -19.3465
-19.4334 -19.5417
-19.5896 -19.7369
-19.7457 -19.9322
-19.9019 -20.1274
-20.0581 -20.3226
-20.2142 -20.5178
-20.3704 -20.713
-20.5266 -20.9082
-20.6828 -21.1035
-20.8389 -21.2987
-20.9951 -21.4939
-21.1513 -21.6891
-21.3075 -21.8843
-21.4636 -22.0795
-21.6198 -22.2748
-21.776 -22.47
-21.9322 -22.6652
-22.0883 -22.8604
-22.2445 -23.0556
-22.4007 -23.2509
-22.4007 -23.2509
-22.4007 -23.2509
-22.4007 -23.2509
-22.4007 -23.2509
-22.4007 -23.2509
-22.4007 -23.2509
-22.4007 -23.2509
-22.4007 -23.2509
-22.4007 -23.2509
-22.4007 -23.2509
-22.4007 -23.2509
-22.4007 -23.2509
-22.4007 -23.2509
-22.4007 -23.2509
-22.4007 -23.2509
-22.4007 -23.2509
-22.4007 -23.2509
-22.4007 -23.2509
-22.4007 -23.2509
-22.4007 -23.2509
-22.4007 -23.2509
-22.4007 -23.2509
-22.4007 -23.2509
-22.4007 -23.2509
-22.4007 -23.2509
-22.4007 -23.2509
-22.4007 -23.2509
-22.4007 -23.2509
-22.4007 -23.2509
-22.4007 -23.2509
-22.4007 -23.2509
-22.4007 -23.2509
-22.4007 -23.2509
-22.4007 -23.2509
-22.4007 -23.2509
-23 -24