6 -10
6.03402 -9.97259
6.25271 -9.97512
6.48271 -9.95962
6.71231 -9.94405
6.94152 -9.92841
7.17031 -9.91268
7.39867 -9.89688
7.62658 -9.88099
7.85403 -9.86501
8.081 -9.84895
8.30746 -9.83278
8.5401 -9.79937
8.7774 -9.7207
9.0147 -9.64202
9.252 -9.56335
9.4893 -9.48468
9.72659 -9.406
9.96389 -9.32733
10.2012 -9.24866
10.4385 -9.16998
10.6758 -9.09131
10.9131 -9.01264
11.1504 -8.93396
11.3877 -8.85529
11.625 -8.77662
11.8623 -8.69794
12.0996 -8.61927
12.3369 -8.5406
12.5742 -8.46192
12.8115 -8.38325
13.0488 -8.30458
13.2861 -8.22591
13.5234 -8.14723
13.7607 -8.06856
13.998 -7.98989
14.2353 -7.91121
14.4726 -7.83254
14.7099 -7.75387
14.9472 -7.6752
15.1845 -7.59652
15.4218 -7.51785
15.6591 -7.43918
15.8964 -7.3605
16.1337 -7.28183
16.371 -7.20316
16.6083 -7.12449
16.8456 -7.04581
17.0829 -6.96714
17.3202 -6.88847
17.5575 -6.80979
17.7948 -6.73112
18.0321 -6.65245
18.2694 -6.57377
18.5066 -6.4951
18.7439 -6.41643
18.9812 -6.33775
19.2185 -6.25908
19.2185 -6.25908
19.2185 -6.25908
19.2185 -6.25908
19.2185 -6.25908
19.2185 -6.25908
19.2185 -6.25908
19.2185 -6.25908
19.2185 -6.25908
19.2185 -6.25908
19.2185 -6.25908
19.2185 -6.25908
19.2185 -6.25908
19.2185 -6.25908
19.2185 -6.25908
19.2185 -6.25908
19.2185 -6.25908
19.2185 -6.25908
19.2185 -6.25908
19.2185 -6.25908
19.2185 -6.25908
19.2185 -6.25908
19.2185 -6.25908
19.2185 -6.25908
19.2185 -6.25908
19.2185 -6.25908
19.2185 -6.25908
19.2185 -6.25908
19.2185 -6.25908
19.2185 -6.25908
19.2185 -6.25908
19.2185 -6.25908
19.2185 -6.25908
19.2185 -6.25908
19.2185 -6.25908
19.2185 -6.25908
19.2185 -6.25908
19.2185 -6.25908
19.2185 -6.25908
19.2185 -6.25908
19.2185 -6.25908
19.2185 -6.25908
19.2185 -6.25908
19.2185 -6.25908
19.2185 -6.25908
19.2185 -6.25908
19.2185 -6.25908
19.2185 -6.25908
19.2185 -6.25908
19.2185 -6.25908
19.2185 -6.25908
19.2185 -6.25908
20 -6