-13 -3
-12.841 -3.00399
-12.6363 -3.1474
-12.4315 -3.29081
-12.2267 -3.43422
-12.0219 -3.57763
-11.8171 -3.72104
-11.6124 -3.86445
-11.4076 -4.00786
-11.2028 -4.15127
-10.998 -4.29468
-10.7933 -4.43809
-10.5885 -4.58149
-10.3837 -4.7249
-10.1789 -4.86831
-9.97414 -5.01172
-9.76937 -5.15513
-9.56459 -5.29854
-9.35981 -5.44195
-9.15503 -5.58536
-8.95026 -5.72877
-8.74548 -5.87218
-8.5407 -6.01559
-8.33592 -6.159
-8.13115 -6.30241
-7.92637 -6.44582
-7.72159 -6.58922
-7.51681 -6.73263
-7.31204 -6.87604
-7.10726 -7.01945
-6.90248 -7.16286
-6.6977 -7.30627
-6.49293 -7.44968
-6.28815 -7.59309
-6.08337 -7.7365
-5.8786 -7.87991
-5.67382 -8.02332
-5.46904 -8.16673
-5.26426 -8.31014
-5.05949 -8.45355
-4.85471 -8.59696
-4.64993 -8.74037
-4.44516 -8.88378
-4.24038 -9.02719
-4.0356 -9.1706
-3.83082 -9.31401
-3.62605 -9.45742
-3.42127 -9.60083
-3.21649 -9.74424
-3.01171 -9.88765
-2.80694 -10.0311
-2.60216 -10.1745
-2.39738 -10.3179
-2.19261 -10.4613
-1.98783 -10.6047
-1.78305 -10.7481
-1.57827 -10.8915
-1.3735 -11.0349
-1.16872 -11.1783
-0.963942 -11.3217
-0.759165 -11.4652
-0.554387 -11.6086
-0.34961 -11.752
-0.144833 -11.8954
0.0599445 -12.0388
0.264722 -12.1822
0.469499 -12.3256
0.674276 -12.469
0.879054 -12.6124
1.08383 -12.7558
1.28861 -12.8993
1.49339 -13.0427
1.69816 -13.1861
1.90294 -13.3295
2.10772 -13.4729
2.3125 -13.6163
2.51727 -13.7597
2.72205 -13.9031
2.92683 -14.0465
3.1316 -14.1899
3.33638 -14.3333
3.54116 -14.4768
3.74594 -14.6202
3.95071 -14.7636
4.15549 -14.907
4.36027 -15.0504
4.56505 -15.1938
4.76982 -15.3372
4.9746 -15.4806
5.17938 -15.624
5.38416 -15.7674
5.58893 -15.9109
5.79371 -16.0543
5.99849 -16.1977
6.20326 -16.3411
6.40804 -16.4845
6.61282 -16.6279
6.8176 -16.7713
7.02237 -16.9147
7.22715 -17.0581
7.43193 -17.2015
7.63671 -17.3449
7.84149 -17.4884
8.04626 -17.6318
8.25104 -17.7752
8.45582 -17.9186
8.6606 -18.062
8.86537 -18.2054
9.07015 -18.3488
10 -19