11 -9
10.941 -8.90265
10.7172 -8.78146
10.4825 -8.67836
10.2477 -8.57524
10.0128 -8.47212
9.77788 -8.36899
9.54294 -8.26585
9.30798 -8.16271
9.07302 -8.05957
8.83809 -7.95644
8.6032 -7.85331
8.3614 -7.76735
8.11392 -7.73193
7.86644 -7.69651
7.61896 -7.66109
7.37148 -7.62567
7.12401 -7.59025
6.87653 -7.55483
6.62905 -7.51941
6.38157 -7.48399
6.13409 -7.44857
5.88662 -7.41315
5.63914 -7.37773
5.39166 -7.34231
5.14418 -7.30689
4.8967 -7.27147
4.64923 -7.23605
4.40175 -7.20063
4.15427 -7.16521
3.90679 -7.12978
3.90679 -7.12978
3.90679 -7.12978
3.90679 -7.12978
3.90679 -7.12978
3.90679 -7.12978
3.90679 -7.12978
3.90679 -7.12978
3.90679 -7.12978
3.90679 -7.12978
3.90679 -7.12978
3.90679 -7.12978
3.90679 -7.12978
3.90679 -7.12978
3.90679 -7.12978
3.90679 -7.12978
3.90679 -7.12978
3.90679 -7.12978
3.90679 -7.12978
3.90679 -7.12978
3.90679 -7.12978
3.90679 -7.12978
3.90679 -7.12978
3.90679 -7.12978
3.90679 -7.12978
3.90679 -7.12978
3.90679 -7.12978
3.90679 -7.12978
3.90679 -7.12978
3.90679 -7.12978
3.90679 -7.12978
3.90679 -7.12978
3.90679 -7.12978
3.90679 -7.12978
3.90679 -7.12978
3.90679 -7.12978
3.90679 -7.12978
3.90679 -7.12978
3.90679 -7.12978
3.90679 -7.12978
3.90679 -7.12978
3.90679 -7.12978
3.90679 -7.12978
3.90679 -7.12978
3.90679 -7.12978
3.90679 -7.12978
3.90679 -7.12978
3.90679 -7.12978
3.90679 -7.12978
3.90679 -7.12978
3.90679 -7.12978
3.90679 -7.12978
3.90679 -7.12978
3.90679 -7.12978
3.90679 -7.12978
3.90679 -7.12978
3.90679 -7.12978
3.90679 -7.12978
3.90679 -7.12978
3.90679 -7.12978
3.90679 -7.12978
3.90679 -7.12978
3.90679 -7.12978
3.90679 -7.12978
3.90679 -7.12978
3.90679 -7.12978
3.90679 -7.12978
3.90679 -7.12978
3.90679 -7.12978
3.90679 -7.12978
3.90679 -7.12978
3.90679 -7.12978
3.90679 -7.12978
3.90679 -7.12978
3.90679 -7.12978
3.90679 -7.12978
3.90679 -7.12978
3.90679 -7.12978
3.90679 -7.12978
3 -7