-12 10
-11.7692 10.0962
-11.5385 10.1923
-11.3077 10.2885
-11.0769 10.3846
-10.8462 10.4808
-10.6154 10.5769
-10.3846 10.6731
-10.1538 10.7692
-9.92308 10.8654
-9.69231 10.9615
-9.46154 11.0577
-9.23077 11.1539
-9 11.25
-8.76923 11.3462
-8.53846 11.4423
-8.30769 11.5385
-8.07692 11.6346
-7.84616 11.7308
-7.61539 11.8269
-7.38462 11.9231
-7.15385 12.0192
-6.92308 12.1154
-6.69231 12.2115
-6.46154 12.3077
-6.23077 12.4039
-6 12.5
-5.76923 12.5962
-5.53846 12.6923
-5.30769 12.7885
-5.07693 12.8846
-4.84616 12.9808
-4.61539 13.0769
-4.38462 13.1731
-4.15385 13.2692
-3.92308 13.3654
-3.69231 13.4615
-3.46154 13.5577
-3.23077 13.6539
-3 13.75
-2.76923 13.8462
-2.53846 13.9423
-2.3077 14.0385
-2.07693 14.1346
-1.84616 14.2308
-1.61539 14.3269
-1.38462 14.4231
-1.15385 14.5192
-0.92308 14.6154
-0.692311 14.7115
-0.461541 14.8077
-0.230772 14.9039
-2.72691e-06 15
0.230767 15.0962
0.461536 15.1923
0.692305 15.2885
0.923074 15.3846
1.15384 15.4808
1.38461 15.5769
1.61538 15.6731
1.84615 15.7692
2.07692 15.8654
2.30769 15.9615
2.53846 16.0577
2.76923 16.1538
3 16.25
3.23077 16.3462
3.46154 16.4423
3.69231 16.5385
3.92307 16.6346
4.15384 16.7308
4.38461 16.8269
4.61538 16.9231
4.84615 17.0192
5.07692 17.1154
5.30769 17.2115
5.53846 17.3077
5.76923 17.4038
6 17.5
6.23077 17.5961
6.46153 17.6923
6.6923 17.7885
6.92307 17.8846
7.15384 17.9808
7.38461 18.0769
7.61538 18.1731
7.84615 18.2692
8.07692 18.3654
8.30769 18.4615
8.53846 18.5577
8.76923 18.6538
9 18.75
9.23076 18.8461
9.46153 18.9423
9.6923 19.0385
9.92307 19.1346
10.1538 19.2308
10.3846 19.3269
10.6154 19.4231
10.8461 19.5192
11.0769 19.6154
11.3077 19.7115
11.3077 19.7115
11.3077 19.7115
11.3077 19.7115
11.3077 19.7115
11.3077 19.7115
11.3077 19.7115
11.3077 19.7115
12 20