25 2
24.8102 1.8373
24.6204 1.6746
24.4306 1.51191
24.2407 1.34921
24.0509 1.18651
23.8611 1.02381
23.6713 0.861115
23.4815 0.698418
23.2917 0.53572
23.1019 0.373022
22.9121 0.210324
22.7222 0.0476263
22.5324 -0.115071
22.3426 -0.277769
22.1528 -0.440467
21.963 -0.603165
21.7732 -0.765863
21.5834 -0.92856
21.3935 -1.09126
21.2037 -1.25396
21.0139 -1.41665
20.8241 -1.57935
20.6343 -1.74205
20.4445 -1.90475
20.2547 -2.06745
20.0648 -2.23014
19.875 -2.39284
19.6852 -2.55554
19.4954 -2.71824
19.3056 -2.88093
19.1158 -3.04363
18.926 -3.20633
18.7362 -3.36903
18.5463 -3.53173
18.3565 -3.69442
18.1667 -3.85712
17.9769 -4.01982
17.7871 -4.18252
17.5973 -4.34521
17.4075 -4.50791
17.2176 -4.67061
17.0278 -4.83331
16.838 -4.99601
16.6482 -5.1587
16.4584 -5.3214
16.2686 -5.4841
16.0788 -5.6468
15.8889 -5.80949
15.6991 -5.97219
15.5093 -6.13489
15.3195 -6.29759
15.1297 -6.46029
14.9399 -6.62298
14.7501 -6.78568
14.5602 -6.94838
14.3704 -7.11108
14.1806 -7.27377
13.9908 -7.43647
13.801 -7.59917
13.6112 -7.76187
13.4214 -7.92457
13.2315 -8.08726
13.0417 -8.24996
12.8519 -8.41266
12.6621 -8.57536
12.4723 -8.73805
12.2825 -8.90075
12.0927 -9.06345
11.9028 -9.22615
11.713 -9.38885
11.5232 -9.55154
11.3334 -9.71424
11.1436 -9.87694
10.9538 -10.0396
10.764 -10.2023
10.5741 -10.365
10.3843 -10.5277
10.1945 -10.6904
10.0047 -10.8531
9.81488 -11.0158
9.62506 -11.1785
9.43525 -11.3412
9.24544 -11.5039
9.05562 -11.6666
8.86581 -11.8293
8.67599 -11.992
8.48618 -12.1547
8.29636 -12.3174
8.10655 -12.4801
7.91673 -12.6428
7.72692 -12.8055
7.53711 -12.9682
7.34729 -13.1309
7.15748 -13.2936
6.96766 -13.4563
6.77785 -13.619
6.58804 -13.7817
6.39822 -13.9444
6.20841 -14.1071
6.01859 -14.2698
5.82878 -14.4325
5.63897 -14.5952
5.44915 -14.7579
5.25934 -14.9206
5.06952 -15.0833
4.87971 -15.246
4.68989 -15.4087
4.50008 -15.5714
4.31027 -15.7341
4.12045 -15.8968
3.93064 -16.0595
3.74082 -16.2222
3.55101 -16.3848
3.3612 -16.5475
3.17138 -16.7102
2.98157 -16.8729
2.79175 -17.0356
2.60194 -17.1983
2.41213 -17.361
2.22231 -17.5237
2.0325 -17.6864
1.84268 -17.8491
1.65287 -18.0118
1.46305 -18.1745
1.27324 -18.3372
1.08343 -18.4999
0.893612 -18.6626
0.703797 -18.8253
0.513983 -18.988
0.324169 -19.1507
0.134355 -19.3134
-0.0554593 -19.4761
-0.245274 -19.6388
-0.435088 -19.8015
-0.624902 -19.9642
-0.814716 -20.1269
-1.00453 -20.2896
-1.19434 -20.4523
-1.38416 -20.615
-1.57397 -20.7777
-1.76379 -20.9404
-1.9536 -21.1031
-2.14342 -21.2658
-3 -22