15 -19
14.7741 -18.893
14.5481 -18.786
14.3222 -18.6789
14.0963 -18.5719
13.8703 -18.4649
13.6444 -18.3579
13.4185 -18.2509
13.1925 -18.1438
12.9666 -18.0368
12.7407 -17.9298
12.5147 -17.8228
12.2888 -17.7157
12.0629 -17.6087
11.8369 -17.5017
11.611 -17.3947
11.3851 -17.2877
11.1591 -17.1806
10.9332 -17.0736
10.7073 -16.9666
10.4813 -16.8596
10.2554 -16.7526
10.0295 -16.6455
9.80352 -16.5385
9.57758 -16.4315
9.35165 -16.3245
9.12572 -16.2174
8.89978 -16.1104
8.67385 -16.0034
8.44791 -15.8964
8.22198 -15.7894
7.99604 -15.6823
7.77011 -15.5753
7.54418 -15.4683
7.31824 -15.3613
7.09231 -15.2543
6.86637 -15.1472
6.64044 -15.0402
6.4145 -14.9332
6.18857 -14.8262
5.96263 -14.7191
5.7367 -14.6121
5.51077 -14.5051
5.28483 -14.3981
5.0589 -14.2911
4.83296 -14.184
4.60703 -14.077
4.38109 -13.97
4.15516 -13.863
3.92922 -13.756
3.70329 -13.6489
3.47735 -13.5419
3.25142 -13.4349
3.02549 -13.3279
2.79955 -13.2208
2.57362 -13.1138
2.34768 -13.0068
2.12175 -12.8998
1.89581 -12.7928
1.66988 -12.6857
1.44395 -12.5787
1.21801 -12.4717
0.992077 -12.3647
0.766143 -12.2577
0.540208 -12.1506
0.314274 -12.0436
0.0883395 -11.9366
-0.137595 -11.8296
-0.363529 -11.7225
-0.589464 -11.6155
-0.815398 -11.5085
-1.0542 -11.411
-1.29331 -11.3132
-1.53276 -11.2148
-1.77262 -11.116
-2.01294 -11.0165
-2.25382 -10.9162
-2.49537 -10.815
-2.73777 -10.7127
-2.98126 -10.609
-3.2262 -10.5032
-3.33908 -10.5753
-3.35113 -10.6529
-3.35113 -10.6529
-3.35113 -10.6529
-3.35113 -10.6529
-3.35113 -10.6529
-3.35113 -10.6529
-3.35113 -10.6529
-3.35113 -10.6529
-3.35113 -10.6529
-3.35113 -10.6529
-3.35113 -10.6529
-3.35113 -10.6529
-3.35113 -10.6529
-3.35113 -10.6529
-3.35113 -10.6529
-3.35113 -10.6529
-3.35113 -10.6529
-3.35113 -10.6529
-3.35113 -10.6529
-3.35113 -10.6529
-3.35113 -10.6529
-3.35113 -10.6529
-3.35113 -10.6529
-3.35113 -10.6529
-3.35113 -10.6529
-3.35113 -10.6529
-3.35113 -10.6529
-3.35113 -10.6529
-3.35113 -10.6529
-3.35113 -10.6529
-3.35113 -10.6529
-3.35113 -10.6529
-3.35113 -10.6529
-3.35113 -10.6529
-3.35113 -10.6529
-3.35113 -10.6529
-3.35113 -10.6529
-3.35113 -10.6529
-3.35113 -10.6529
-3.35113 -10.6529
-3.35113 -10.6529
-3.35113 -10.6529
-3.35113 -10.6529
-3.35113 -10.6529
-3.35113 -10.6529
-3.35113 -10.6529
-3.35113 -10.6529
-3.35113 -10.6529
-3.35113 -10.6529
-3.35113 -10.6529
-3.35113 -10.6529
-3.35113 -10.6529
-3.35113 -10.6529
-3.35113 -10.6529
-3.35113 -10.6529
-3.35113 -10.6529
-3.35113 -10.6529
-3.35113 -10.6529
-3.35113 -10.6529
-3.35113 -10.6529
-3.35113 -10.6529
-3.35113 -10.6529
-4 -10