-22 -10
-21.8232 -9.82322
-21.6464 -9.64645
-21.4697 -9.46967
-21.2929 -9.29289
-21.1161 -9.11612
-20.9393 -8.93934
-20.7626 -8.76256
-20.5858 -8.58578
-20.409 -8.40901
-20.2322 -8.23223
-20.0555 -8.05545
-19.8787 -7.87868
-19.7019 -7.7019
-19.5251 -7.52512
-19.3483 -7.34835
-19.1716 -7.17157
-18.9948 -6.99479
-18.818 -6.81802
-18.6412 -6.64124
-18.4645 -6.46446
-18.2877 -6.28769
-18.1109 -6.11091
-17.9341 -5.93413
-17.7574 -5.75735
-17.5806 -5.58058
-17.4038 -5.4038
-17.227 -5.22702
-17.0502 -5.05025
-16.8735 -4.87347
-16.6967 -4.69669
-16.5199 -4.51992
-16.3431 -4.34314
-16.1664 -4.16636
-15.9896 -3.98959
-15.8128 -3.81281
-15.636 -3.63603
-15.4593 -3.45926
-15.2825 -3.28248
-15.1081 -3.10474
-14.9338 -2.92705
-14.7594 -2.74941
-14.5851 -2.57184
-14.4108 -2.39433
-14.2366 -2.21691
-14.0624 -2.03957
-13.8882 -1.86234
-13.7141 -1.68523
-13.54 -1.50827
-13.366 -1.33149
-13.1921 -1.15494
-13.0184 -0.97867
-12.8447 -0.802784
-12.6713 -0.627433
-12.6713 -0.627433
-12.6713 -0.627433
-12.6713 -0.627433
-12.6713 -0.627433
-12.6713 -0.627433
-12.6713 -0.627433
-12.6713 -0.627433
-12.6713 -0.627433
-12.6713 -0.627433
-12.6713 -0.627433
-12.6713 -0.627433
-12.6713 -0.627433
-12.6713 -0.627433
-12.6713 -0.627433
-12.6713 -0.627433
-12.6713 -0.627433
-12.6713 -0.627433
-12.6713 -0.627433
-12.6713 -0.627433
-12.6713 -0.627433
-12.6713 -0.627433
-12.6713 -0.627433
-12.6713 -0.627433
-12.6713 -0.627433
-12.6713 -0.627433
-12.6713 -0.627433
-12.6713 -0.627433
-12.6713 -0.627433
-12.6713 -0.627433
-12.6713 -0.627433
-12.6713 -0.627433
-12.6713 -0.627433
-12.6713 -0.627433
-12.6713 -0.627433
-12.6713 -0.627433
-12.6713 -0.627433
-12.6713 -0.627433
-12.6713 -0.627433
-12.6713 -0.627433
-12.6713 -0.627433
-12.6713 -0.627433
-12.6713 -0.627433
-12.6713 -0.627433
-12.6713 -0.627433
-12.6713 -0.627433
-12.6713 -0.627433
-12.6713 -0.627433
-12.6713 -0.627433
-12.6713 -0.627433
-12.6713 -0.627433
-12.6713 -0.627433
-12.6713 -0.627433
-12.6713 -0.627433
-12.6713 -0.627433
-12.6713 -0.627433
-12.6713 -0.627433
-12.6713 -0.627433
-12.6713 -0.627433
-12.6713 -0.627433
-12.6713 -0.627433
-12.6713 -0.627433
-12.6713 -0.627433
-12.6713 -0.627433
-12.6713 -0.627433
-12.6713 -0.627433
-12.6713 -0.627433
-12.6713 -0.627433
-12.6713 -0.627433
-12.6713 -0.627433
-12.6713 -0.627433
-12.6713 -0.627433
-12.6713 -0.627433
-12.6713 -0.627433
-12.6713 -0.627433
-12.6713 -0.627433
-12.6713 -0.627433
-12.6713 -0.627433
-12.6713 -0.627433
-12.6713 -0.627433
-12.6713 -0.627433
-12.6713 -0.627433
-12.6713 -0.627433
-12.6713 -0.627433
-12.6713 -0.627433
-12.6713 -0.627433
-12.6713 -0.627433
-12.6713 -0.627433
-12.6713 -0.627433
-12.6713 -0.627433
-12.6713 -0.627433
-12 0