-8 19
-8 18.75
-8 18.5
-8 18.25
-8 18
-8 17.75
-8 17.5
-8 17.25
-8 17
-8 16.75
-8 16.5
-8 16.25
-8 16
-8 15.75
-8 15.5
-8 15.25
-8 15
-8 14.75
-8 14.5
-8 14.25
-8 14
-8 13.75
-8 13.5
-8 13.25
-8 13
-8 12.75
-8 12.5
-8 12.25
-8 12
-8 11.75
-8 11.5
-8 11.25
-8 11
-8 10.75
-8 10.5
-8 10.25
-8 10
-8 9.75
-8 9.5
-7.9976 9.24904
-7.9952 8.99806
-7.99281 8.74707
-7.99042 8.49607
-7.98803 8.24506
-7.98566 7.99403
-7.98329 7.74299
-7.98092 7.49193
-7.97856 7.24086
-7.9762 6.98978
-7.97386 6.73868
-7.97151 6.48756
-7.96918 6.23643
-7.96685 5.98528
-7.96453 5.73411
-7.96222 5.48292
-7.96292 5.23292
-7.96362 4.98292
-7.96432 4.73292
-7.96502 4.48292
-7.96572 4.23293
-7.96642 3.98293
-7.96712 3.73293
-7.96782 3.48293
-7.96852 3.23293
-7.96922 2.98293
-7.96992 2.73293
-7.97062 2.48293
-7.97132 2.23293
-7.97202 1.98293
-7.97272 1.73293
-7.97342 1.48294
-7.96125 1.2425
-7.94921 1.00222
-7.93729 0.762127
-7.92551 0.522212
-7.91387 0.282489
-7.90238 0.0429666
-7.89105 -0.196345
-7.87988 -0.435434
-7.86889 -0.674289
-7.85808 -0.912897
-7.84747 -1.15124
-7.85244 -1.39737
-7.85803 -1.64731
-7.86361 -1.89725
-7.8692 -2.14719
-7.87478 -2.39713
-7.88037 -2.64706
-7.88595 -2.897
-7.89154 -3.14694
-7.89713 -3.39688
-7.90271 -3.64681
-7.9083 -3.89675
-7.91388 -4.14669
-7.91947 -4.39663
-7.92505 -4.64656
-7.93064 -4.8965
-7.93622 -5.14644
-7.94181 -5.39638
-7.9474 -5.64631
-7.95298 -5.89625
-7.95857 -6.14619
-7.96415 -6.39613
-7.96974 -6.64606
-7.97533 -6.896
-7.98091 -7.14594
-8.0228 -7.21004
-8.0228 -7.21004
-8.0228 -7.21004
-8.0228 -7.21004
-8.0228 -7.21004
-8.0228 -7.21004
-8.0228 -7.21004
-8.0228 -7.21004
-8.0228 -7.21004
-8.0228 -7.21004
-8.0228 -7.21004
-8.0228 -7.21004
-8.0228 -7.21004
-8.0228 -7.21004
-8.0228 -7.21004
-8.0228 -7.21004
-8.0228 -7.21004
-8.0228 -7.21004
-8.0228 -7.21004
-8.0228 -7.21004
-8.0228 -7.21004
-8.0228 -7.21004
-8.0228 -7.21004
-8.0228 -7.21004
-8.0228 -7.21004
-8.0228 -7.21004
-8.0228 -7.21004
-8.0228 -7.21004
-8.0228 -7.21004
-8.0228 -7.21004
-8.0228 -7.21004
-8.0228 -7.21004
-8.0228 -7.21004
-8.0228 -7.21004
-8.0228 -7.21004
-8.0228 -7.21004
-8.0228 -7.21004
-8.0228 -7.21004
-8 -8