-14 -14
-13.7525 -14.0354
-13.505 -14.0707
-13.2575 -14.1061
-13.0101 -14.1414
-12.7626 -14.1768
-12.5151 -14.2121
-12.2676 -14.2475
-12.0201 -14.2828
-11.7726 -14.3182
-11.5251 -14.3536
-11.2776 -14.3889
-11.0302 -14.4243
-10.7827 -14.4596
-10.5352 -14.495
-10.2877 -14.5303
-10.0402 -14.5657
-9.79272 -14.601
-9.54523 -14.6364
-9.29775 -14.6718
-9.05026 -14.7071
-8.80277 -14.7425
-8.55528 -14.7778
-8.3078 -14.8132
-8.06031 -14.8485
-7.81282 -14.8839
-7.56534 -14.9192
-7.31785 -14.9546
-7.07036 -14.99
-6.82287 -15.0253
-6.57539 -15.0607
-6.3279 -15.096
-6.08041 -15.1314
-5.83292 -15.1667
-5.58543 -15.2021
-5.33795 -15.2374
-5.09046 -15.2728
-4.84297 -15.3082
-4.59548 -15.3435
-4.348 -15.3789
-4.10051 -15.4142
-3.85302 -15.4496
-3.60554 -15.4849
-3.35805 -15.5203
-3.11056 -15.5556
-2.86307 -15.591
-2.61559 -15.6264
-2.3681 -15.6617
-2.12061 -15.6971
-1.87312 -15.7324
-1.62564 -15.7678
-1.37815 -15.8031
-1.13066 -15.8385
-0.883174 -15.8738
-0.635687 -15.9092
-0.388199 -15.9446
-0.140712 -15.9799
0.106776 -16.0153
0.354263 -16.0506
0.60175 -16.086
0.849238 -16.1213
1.09673 -16.1567
1.34421 -16.192
1.5917 -16.2274
1.83919 -16.2627
2.08667 -16.2981
2.33416 -16.3335
2.58165 -16.3688
2.82914 -16.4042
3.07662 -16.4395
3.32411 -16.4749
3.5716 -16.5102
3.81909 -16.5456
4.06657 -16.5809
4.31406 -16.6163
4.56155 -16.6516
4.80904 -16.687
5.05652 -16.7224
5.30401 -16.7577
5.5515 -16.7931
5.79899 -16.8284
6.04647 -16.8638
6.10753 -16.9353
6.13751 -16.9693
6.15085 -16.9842
6.15539 -16.9893
6.15539 -16.9893
6.15539 -16.9893
6.15539 -16.9893
6.15539 -16.9893
6.15539 -16.9893
6.15539 -16.9893
6.15539 -16.9893
6.15539 -16.9893
6.15539 -16.9893
6.15539 -16.9893
6.15539 -16.9893
6.15539 -16.9893
6.15539 -16.9893
6.15539 -16.9893
6.15539 -16.9893
6.15539 -16.9893
6.15539 -16.9893
6.15539 -16.9893
6.15539 -16.9893
6.15539 -16.9893
6.15539 -16.9893
6.15539 -16.9893
6.15539 -16.9893
6.15539 -16.9893
6.15539 -16.9893
6.15539 -16.9893
6.15539 -16.9893
6.15539 -16.9893
6.15539 -16.9893
6.15539 -16.9893
6.15539 -16.9893
6.15539 -16.9893
6.15539 -16.9893
6.15539 -16.9893
6.15539 -16.9893
6.15539 -16.9893
6.15539 -16.9893
6.15539 -16.9893
6.15539 -16.9893
6.15539 -16.9893
6.15539 -16.9893
6.15539 -16.9893
6.15539 -16.9893
6.15539 -16.9893
6.15539 -16.9893
6.15539 -16.9893
6.15539 -16.9893
6.15539 -16.9893
6.15539 -16.9893
6.15539 -16.9893
6.15539 -16.9893
6.15539 -16.9893
6.15539 -16.9893
6.15539 -16.9893
6.15539 -16.9893
6.15539 -16.9893
6.15539 -16.9893
6.15539 -16.9893
7 -17