11 -2
10.7543 -2.04607
10.5086 -2.09214
10.2628 -2.13822
10.0171 -2.18429
9.77141 -2.23036
9.52569 -2.27643
9.27997 -2.32251
9.03426 -2.36858
8.78854 -2.41465
8.54282 -2.46072
8.2971 -2.50679
8.05138 -2.55287
7.80567 -2.59894
7.55995 -2.64501
7.31423 -2.69108
7.06851 -2.73715
6.82279 -2.78323
6.57708 -2.8293
6.33136 -2.87537
6.08564 -2.92144
5.83992 -2.96751
5.5942 -3.01359
5.34849 -3.05966
5.10277 -3.10573
4.85705 -3.1518
4.61133 -3.19788
4.36561 -3.24395
4.1199 -3.29002
3.87418 -3.33609
3.62846 -3.38216
3.38274 -3.42824
3.13702 -3.47431
2.89131 -3.52038
2.64559 -3.56645
2.39987 -3.61252
2.15415 -3.6586
1.90843 -3.70467
1.66272 -3.75074
1.417 -3.79681
1.17128 -3.84289
0.925562 -3.88896
0.679844 -3.93503
0.434126 -3.9811
0.188408 -4.02717
-0.0573104 -4.07325
-0.303028 -4.11932
-0.548746 -4.16539
-0.794465 -4.21146
-1.04018 -4.25753
-1.2859 -4.30361
-1.53162 -4.34968
-1.77734 -4.39575
-2.02305 -4.44182
-2.26877 -4.48789
-2.51449 -4.53397
-2.76021 -4.58004
-3.00593 -4.62611
-3.25164 -4.67218
-3.49736 -4.71825
-3.74308 -4.76433
-3.9888 -4.8104
-4.23452 -4.85647
-4.23452 -4.85647
-4.23452 -4.85647
-4.23452 -4.85647
-4.23452 -4.85647
-4.23452 -4.85647
-4.23452 -4.85647
-4.23452 -4.85647
-4.23452 -4.85647
-4.23452 -4.85647
-4.23452 -4.85647
-4.23452 -4.85647
-4.23452 -4.85647
-4.23452 -4.85647
-4.23452 -4.85647
-4.23452 -4.85647
-4.23452 -4.85647
-4.23452 -4.85647
-4.23452 -4.85647
-4.23452 -4.85647
-4.23452 -4.85647
-4.23452 -4.85647
-4.23452 -4.85647
-4.23452 -4.85647
-4.23452 -4.85647
-4.23452 -4.85647
-4.23452 -4.85647
-4.23452 -4.85647
-4.23452 -4.85647
-4.23452 -4.85647
-4.23452 -4.85647
-4.23452 -4.85647
-4.23452 -4.85647
-4.23452 -4.85647
-4.23452 -4.85647
-4.23452 -4.85647
-4.23452 -4.85647
-4.23452 -4.85647
-4.23452 -4.85647
-5 -5