16 1
15.9079 1.06048
15.8017 1.08115
15.6525 1.19248
15.4503 1.30493
15.2482 1.41722
15.0464 1.52934
14.8447 1.64129
14.6431 1.75307
14.4418 1.86468
14.2407 1.9761
14.0397 2.08734
13.839 2.19838
13.6384 2.30923
13.438 2.41989
13.2379 2.53034
13.038 2.64058
12.8383 2.7506
12.6388 2.86041
12.4395 2.96999
12.2405 3.07934
12.0418 3.18846
11.8433 3.29733
11.645 3.40596
11.447 3.51432
11.2049 3.57658
10.9628 3.63883
10.7206 3.70108
10.4785 3.76333
10.2364 3.82558
9.99426 3.88783
9.75213 3.95008
9.51001 4.01233
9.26788 4.07458
9.02575 4.13684
8.78363 4.19909
8.5415 4.26134
8.29938 4.32359
8.05725 4.38584
7.81513 4.44809
7.573 4.51034
7.33088 4.57259
7.08875 4.63484
6.84663 4.69709
6.6045 4.75935
6.36237 4.8216
6.12025 4.88385
5.87812 4.9461
5.636 5.00835
5.39387 5.0706
5.15175 5.13285
4.90962 5.1951
4.6675 5.25735
4.42537 5.31961
4.18324 5.38186
3.94112 5.44411
3.69899 5.50636
3.45687 5.56861
3.21474 5.63086
2.97262 5.69311
2.73049 5.75536
2.48837 5.81761
2.24624 5.87987
2.00412 5.94212
1.76199 6.00437
1.51986 6.06662
1.27774 6.12887
1.03561 6.19112
0.793488 6.25337
0.551362 6.31562
0.309236 6.37787
0.0671109 6.44013
-0.175015 6.50238
-0.41714 6.56463
-0.659266 6.62688
-0.901391 6.68913
-1.14352 6.75138
-1.38564 6.81363
-1.62777 6.87588
-1.86989 6.93814
-2.11202 7.00039
-2.35414 7.06264
-2.59627 7.12489
-2.8384 7.18714
-3.08052 7.24939
-3.32265 7.31164
-3.56477 7.37389
-3.8069 7.43615
-4.04902 7.4984
-4.29115 7.56065
-4.53327 7.6229
-4.7754 7.68515
-5.01753 7.7474
-5.25965 7.80965
-5.25965 7.80965
-5.25965 7.80965
-5.25965 7.80965
-5.25965 7.80965
-5.25965 7.80965
-5.25965 7.80965
-5.25965 7.80965
-6 8