7 7
7.08651 6.93108
7.13885 6.78584
7.22782 6.5662
7.36499 6.35003
7.50219 6.13383
7.63941 5.91761
7.77665 5.70136
7.91392 5.48509
8.05121 5.2688
8.18853 5.05249
8.32586 4.83615
8.46323 4.61979
8.60062 4.4034
8.73803 4.187
8.87546 3.97056
9.01292 3.75411
9.15041 3.53763
9.28792 3.32113
9.42545 3.10461
9.61176 2.84085
9.79807 2.57709
9.98438 2.31334
10.1707 2.04958
10.357 1.78583
10.5265 1.60209
10.6961 1.41836
10.8656 1.23462
11.0351 1.05089
11.2047 0.867155
11.3742 0.683421
11.5437 0.499686
11.7133 0.315951
11.8828 0.132217
12.0523 -0.0515179
12.2219 -0.235253
12.3914 -0.418987
12.5609 -0.602722
12.7305 -0.786456
12.9 -0.970191
13.0695 -1.15393
13.2391 -1.33766
13.4086 -1.5214
13.5781 -1.70513
13.7477 -1.88886
13.9172 -2.0726
14.0867 -2.25633
14.2563 -2.44007
14.4258 -2.6238
14.5953 -2.80754
14.7649 -2.99127
14.9344 -3.17501
15.1039 -3.35874
15.2735 -3.54248
15.443 -3.72621
15.6125 -3.90995
15.7821 -4.09368
15.9516 -4.27742
16.1211 -4.46115
16.2907 -4.64489
16.4602 -4.82862
16.6297 -5.01235
16.7993 -5.19609
16.9688 -5.37982
17.1383 -5.56356
17.3079 -5.74729
17.4774 -5.93103
17.6469 -6.11476
17.8165 -6.2985
17.986 -6.48223
18.1555 -6.66597
18.3251 -6.8497
18.4946 -7.03343
18.6641 -7.21717
18.8337 -7.4009
19.0032 -7.58464
19.1727 -7.76837
19.3423 -7.95211
19.5118 -8.13584
19.6813 -8.31958
19.8509 -8.50331
20.0204 -8.68705
20.1899 -8.87078
20.3595 -9.05452
20.529 -9.23825
20.6985 -9.42198
20.8681 -9.60572
21.0376 -9.78945
21.2071 -9.97319
21.3767 -10.1569
21.5462 -10.3407
21.7157 -10.5244
21.8853 -10.7081
22.0548 -10.8919
22.2243 -11.0756
22.3939 -11.2593
22.5634 -11.4431
22.7329 -11.6268
22.9025 -11.8105
23.072 -11.9943
23.2415 -12.178
24 -13