7 -21
7.0877 -20.9981
7.2919 -20.9027
7.5047 -20.7715
7.71751 -20.6403
7.93031 -20.5091
8.14312 -20.3779
8.35592 -20.2467
8.56873 -20.1155
8.78153 -19.9843
8.99434 -19.8531
9.20714 -19.7219
9.41995 -19.5907
9.63275 -19.4595
9.84556 -19.3283
10.0584 -19.1971
10.2712 -19.0659
10.484 -18.9347
10.6968 -18.8035
10.9096 -18.6723
11.1224 -18.5411
11.3352 -18.4099
11.3352 -18.4099
11.3352 -18.4099
11.3352 -18.4099
11.3352 -18.4099
11.3352 -18.4099
11.3352 -18.4099
11.3352 -18.4099
11.3352 -18.4099
11.3352 -18.4099
11.3352 -18.4099
11.3352 -18.4099
11.3352 -18.4099
11.3352 -18.4099
11.3352 -18.4099
11.3352 -18.4099
11.3352 -18.4099
11.3352 -18.4099
11.3352 -18.4099
11.3352 -18.4099
11.3352 -18.4099
11.3352 -18.4099
11.3352 -18.4099
11.3352 -18.4099
11.3352 -18.4099
11.3352 -18.4099
11.3352 -18.4099
11.3352 -18.4099
11.3352 -18.4099
11.3352 -18.4099
11.3352 -18.4099
11.3352 -18.4099
11.3352 -18.4099
11.3352 -18.4099
11.3352 -18.4099
11.3352 -18.4099
11.3352 -18.4099
11.3352 -18.4099
11.3352 -18.4099
11.3352 -18.4099
11.3352 -18.4099
11.3352 -18.4099
11.3352 -18.4099
11.3352 -18.4099
11.3352 -18.4099
11.3352 -18.4099
11.3352 -18.4099
11.3352 -18.4099
11.3352 -18.4099
11.3352 -18.4099
11.3352 -18.4099
11.3352 -18.4099
11.3352 -18.4099
11.3352 -18.4099
11.3352 -18.4099
11.3352 -18.4099
11.3352 -18.4099
11.3352 -18.4099
11.3352 -18.4099
11.3352 -18.4099
11.3352 -18.4099
11.3352 -18.4099
11.3352 -18.4099
11.3352 -18.4099
11.3352 -18.4099
11.3352 -18.4099
11.3352 -18.4099
11.3352 -18.4099
11.3352 -18.4099
11.3352 -18.4099
11.3352 -18.4099
11.3352 -18.4099
11.3352 -18.4099
11.3352 -18.4099
11.3352 -18.4099
11.3352 -18.4099
11.3352 -18.4099
11.3352 -18.4099
11.3352 -18.4099
11.3352 -18.4099
12 -18