12 -16
12.0378 -15.8465
12.0685 -15.5984
12.0992 -15.3503
12.1299 -15.1022
12.1607 -14.8541
12.1914 -14.6059
12.2221 -14.3578
12.2528 -14.1097
12.2835 -13.8616
12.3143 -13.6135
12.345 -13.3654
12.3757 -13.1173
12.4064 -12.8692
12.4372 -12.6211
12.4679 -12.373
12.4986 -12.1249
12.5293 -11.8768
12.56 -11.6287
12.5908 -11.3806
12.5937 -11.1426
12.5967 -10.9049
12.5998 -10.6675
12.603 -10.4304
12.6063 -10.1935
12.6098 -9.95692
12.619 -9.71855
12.6313 -9.47935
12.6453 -9.23983
12.6601 -9.00025
12.6755 -8.76077
12.6912 -8.52145
12.7071 -8.28236
12.7231 -8.04352
12.7393 -7.80497
12.7556 -7.56671
12.7721 -7.32878
12.7887 -7.09119
12.8054 -6.85398
12.8223 -6.61715
12.8393 -6.38075
12.8564 -6.14479
12.8738 -5.90932
12.8913 -5.67436
12.9091 -5.43996
12.927 -5.20617
12.9452 -4.97302
12.9637 -4.74059
12.9824 -4.50894
13.0015 -4.27814
13.0209 -4.04827
13.0406 -3.81943
13.0687 -3.5874
13.1315 -3.34543
13.1943 -3.10345
13.2572 -2.86147
13.32 -2.61949
13.3828 -2.37751
13.4456 -2.13553
13.5084 -1.89355
13.5712 -1.65157
13.6341 -1.40959
13.6969 -1.16761
13.7597 -0.925635
13.7597 -0.925635
13.7597 -0.925635
13.7597 -0.925635
13.7597 -0.925635
13.7597 -0.925635
13.7597 -0.925635
13.7597 -0.925635
13.7597 -0.925635
13.7597 -0.925635
13.7597 -0.925635
13.7597 -0.925635
13.7597 -0.925635
13.7597 -0.925635
13.7597 -0.925635
13.7597 -0.925635
13.7597 -0.925635
13.7597 -0.925635
13.7597 -0.925635
13.7597 -0.925635
13.7597 -0.925635
13.7597 -0.925635
13.7597 -0.925635
13.7597 -0.925635
13.7597 -0.925635
13.7597 -0.925635
13.7597 -0.925635
13.7597 -0.925635
13.7597 -0.925635
13.7597 -0.925635
13.7597 -0.925635
13.7597 -0.925635
13.7597 -0.925635
13.7597 -0.925635
13.7597 -0.925635
13.7597 -0.925635
13.7597 -0.925635
13.7597 -0.925635
14 0