15 -24
14.945 -23.8793
14.7899 -23.745
14.6287 -23.5621
14.4677 -23.3793
14.3067 -23.1966
14.146 -23.014
13.9853 -22.8314
13.8248 -22.6489
13.6645 -22.4665
13.5043 -22.2842
13.3443 -22.102
13.1845 -21.9199
13.0249 -21.7378
12.8655 -21.5559
12.7063 -21.3741
12.5474 -21.1925
12.3887 -21.011
12.2302 -20.8296
12.072 -20.6483
11.9142 -20.4672
11.7566 -20.2863
11.5994 -20.1056
11.4426 -19.9251
11.2861 -19.7447
11.1301 -19.5647
10.9836 -19.3663
10.8425 -19.1598
10.7015 -18.9534
10.5604 -18.747
10.4194 -18.5406
10.2783 -18.3342
10.1373 -18.1278
9.99625 -17.9214
9.85521 -17.715
9.71416 -17.5086
9.57311 -17.3021
9.43207 -17.0957
9.29102 -16.8893
9.14997 -16.6829
9.00893 -16.4765
8.86788 -16.2701
8.72683 -16.0637
8.58579 -15.8573
8.44474 -15.6509
8.44474 -15.6509
8.44474 -15.6509
8.44474 -15.6509
8.44474 -15.6509
8.44474 -15.6509
8.44474 -15.6509
8.44474 -15.6509
8.44474 -15.6509
8.44474 -15.6509
8.44474 -15.6509
8.44474 -15.6509
8.44474 -15.6509
8.44474 -15.6509
8.44474 -15.6509
8.44474 -15.6509
8.44474 -15.6509
8.44474 -15.6509
8.44474 -15.6509
8.44474 -15.6509
8.44474 -15.6509
8.44474 -15.6509
8.44474 -15.6509
8.44474 -15.6509
8.44474 -15.6509
8.44474 -15.6509
8.44474 -15.6509
8.44474 -15.6509
8.44474 -15.6509
8.44474 -15.6509
8.44474 -15.6509
8.44474 -15.6509
8.44474 -15.6509
8.44474 -15.6509
8.44474 -15.6509
8.44474 -15.6509
8.44474 -15.6509
8.44474 -15.6509
8.44474 -15.6509
8.44474 -15.6509
8.44474 -15.6509
8.44474 -15.6509
8.44474 -15.6509
8.44474 -15.6509
8.44474 -15.6509
8.44474 -15.6509
8.44474 -15.6509
8.44474 -15.6509
8.44474 -15.6509
8.44474 -15.6509
8.44474 -15.6509
8.44474 -15.6509
8.44474 -15.6509
8.44474 -15.6509
8.44474 -15.6509
8.44474 -15.6509
8.44474 -15.6509
8.44474 -15.6509
8.44474 -15.6509
8.44474 -15.6509
8.44474 -15.6509
8.44474 -15.6509
8.44474 -15.6509
8.44474 -15.6509
8.44474 -15.6509
8.44474 -15.6509
8.44474 -15.6509
8.44474 -15.6509
8.44474 -15.6509
8.44474 -15.6509
8.44474 -15.6509
8.44474 -15.6509
8.44474 -15.6509
8.44474 -15.6509
8.44474 -15.6509
8.44474 -15.6509
8.44474 -15.6509
8.44474 -15.6509
8.44474 -15.6509
8.44474 -15.6509
8.44474 -15.6509
8.44474 -15.6509
8.44474 -15.6509
8.44474 -15.6509
8.44474 -15.6509
8.44474 -15.6509
8.44474 -15.6509
8.44474 -15.6509
8.44474 -15.6509
8.44474 -15.6509
8.44474 -15.6509
8.44474 -15.6509
8.44474 -15.6509
8 -15