6 6
6.17678 6.17678
6.35355 6.35355
6.53033 6.53033
6.70711 6.70711
6.88388 6.88388
7.06066 7.06066
7.24965 7.22784
7.43866 7.39504
7.6277 7.56228
7.81675 7.72955
8.00584 7.89685
8.19495 8.06418
8.38408 8.23154
8.57325 8.39894
8.76244 8.56638
8.95166 8.73385
9.14091 8.90136
9.33019 9.06891
9.5195 9.2365
9.70885 9.40413
9.89823 9.57181
10.0876 9.73953
10.2771 9.90729
10.4666 10.0751
10.6561 10.243
10.8457 10.4109
11.0353 10.5788
11.2249 10.7469
11.4146 10.9149
11.6044 11.083
11.7941 11.2512
11.9839 11.4195
12.1564 11.6024
12.3209 11.7906
12.4854 11.9789
12.6499 12.1671
12.8145 12.3553
12.979 12.5436
13.1435 12.7318
13.308 12.92
13.4726 13.1083
13.6371 13.2965
13.8016 13.4847
13.9661 13.673
14.1306 13.8612
14.2952 14.0495
14.4597 14.2377
14.6242 14.4259
14.7887 14.6142
14.9533 14.8024
15.1178 14.9906
15.2823 15.1789
15.4468 15.3671
15.4438 15.4005
15.4438 15.4005
15.4438 15.4005
15.4438 15.4005
15.4438 15.4005
15.4438 15.4005
15.4438 15.4005
15.4438 15.4005
15.4438 15.4005
15.4438 15.4005
15.4438 15.4005
15.4438 15.4005
15.4438 15.4005
15.4438 15.4005
15.4438 15.4005
15.4438 15.4005
15.4438 15.4005
15.4438 15.4005
15.4438 15.4005
15.4438 15.4005
15.4438 15.4005
15.4438 15.4005
15.4438 15.4005
15.4438 15.4005
15.4438 15.4005
15.4438 15.4005
15.4438 15.4005
15.4438 15.4005
15.4438 15.4005
15.4438 15.4005
15.4438 15.4005
15.4438 15.4005
15.4438 15.4005
15.4438 15.4005
15.4438 15.4005
15.4438 15.4005
15.4438 15.4005
15.4438 15.4005
15.4438 15.4005
15.4438 15.4005
15.4438 15.4005
15.4438 15.4005
15.4438 15.4005
15.4438 15.4005
15.4438 15.4005
15.4438 15.4005
15.4438 15.4005
15.4438 15.4005
15.4438 15.4005
15.4438 15.4005
15.4438 15.4005
15.4438 15.4005
15.4438 15.4005
15.4438 15.4005
15.4438 15.4005
15.4438 15.4005
15.4438 15.4005
15.4438 15.4005
15.4438 15.4005
15.4438 15.4005
15.4438 15.4005
15.4438 15.4005
15.4438 15.4005
15.4438 15.4005
15.4438 15.4005
15.4438 15.4005
15.4438 15.4005
15.4438 15.4005
15.4438 15.4005
15.4438 15.4005
15.4438 15.4005
15.4438 15.4005
15.4438 15.4005
15.4438 15.4005
15.4438 15.4005
15.4438 15.4005
15.4438 15.4005
15.4438 15.4005
15.4438 15.4005
15.4438 15.4005
15.4438 15.4005
15.4438 15.4005
15.4438 15.4005
16 16