6 -17
6.1658 -16.9783
6.41312 -16.9697
6.66226 -17.0075
6.91143 -17.0453
7.16064 -17.0831
7.40988 -17.121
7.65916 -17.1588
7.90849 -17.1967
8.15786 -17.2346
8.40727 -17.2725
8.65673 -17.3105
8.90624 -17.3485
9.1558 -17.3865
9.40541 -17.4245
9.65508 -17.4626
9.90482 -17.5007
10.1546 -17.5388
10.4045 -17.577
10.6544 -17.6152
10.9044 -17.6534
11.1545 -17.6917
11.4047 -17.7301
11.655 -17.7685
11.9053 -17.8069
12.1558 -17.8454
12.401 -17.8938
12.6463 -17.9423
12.8916 -17.9907
13.1368 -18.0392
13.3821 -18.0877
13.6273 -18.1361
13.8726 -18.1846
14.1179 -18.233
14.3631 -18.2815
14.6084 -18.3299
14.8536 -18.3784
15.0989 -18.4268
15.3442 -18.4753
15.5894 -18.5237
15.8347 -18.5722
16.0799 -18.6207
16.3252 -18.6691
16.5704 -18.7176
16.8157 -18.766
17.061 -18.8145
17.095 -18.8239
17.095 -18.8239
17.095 -18.8239
17.095 -18.8239
17.095 -18.8239
17.095 -18.8239
17.095 -18.8239
17.095 -18.8239
17.095 -18.8239
17.095 -18.8239
17.095 -18.8239
17.095 -18.8239
17.095 -18.8239
17.095 -18.8239
17.095 -18.8239
17.095 -18.8239
17.095 -18.8239
17.095 -18.8239
17.095 -18.8239
17.095 -18.8239
17.095 -18.8239
17.095 -18.8239
17.095 -18.8239
17.095 -18.8239
17.095 -18.8239
17.095 -18.8239
17.095 -18.8239
17.095 -18.8239
17.095 -18.8239
17.095 -18.8239
17.095 -18.8239
17.095 -18.8239
17.095 -18.8239
17.095 -18.8239
17.095 -18.8239
17.095 -18.8239
17.095 -18.8239
17.095 -18.8239
17.095 -18.8239
17.095 -18.8239
17.095 -18.8239
17.095 -18.8239
17.095 -18.8239
17.095 -18.8239
17.095 -18.8239
17.095 -18.8239
17.095 -18.8239
17.095 -18.8239
17.095 -18.8239
17.095 -18.8239
17.095 -18.8239
17.095 -18.8239
17.095 -18.8239
17.095 -18.8239
17.095 -18.8239
17.095 -18.8239
17.095 -18.8239
17.095 -18.8239
17.095 -18.8239
17.095 -18.8239
17.095 -18.8239
17.095 -18.8239
17.095 -18.8239
17.095 -18.8239
17.095 -18.8239
17.095 -18.8239
17.095 -18.8239
17.095 -18.8239
17.095 -18.8239
17.095 -18.8239
17.095 -18.8239
17.095 -18.8239
17.095 -18.8239
17.095 -18.8239
17.095 -18.8239
17.095 -18.8239
17.095 -18.8239
17.095 -18.8239
17.095 -18.8239
17.095 -18.8239
17.095 -18.8239
17.095 -18.8239
17.095 -18.8239
17.095 -18.8239
17.095 -18.8239
17.095 -18.8239
17.095 -18.8239
17.095 -18.8239
17.095 -18.8239
17.095 -18.8239
17.095 -18.8239
18 -19