2 14
2.18395 13.9949
2.36727 13.9708
2.57062 13.9642
2.78528 13.9629
2.99962 13.9613
3.21363 13.9595
3.42729 13.9575
3.64061 13.9551
3.85358 13.9526
4.06618 13.9497
4.27842 13.9467
4.49027 13.9433
4.70175 13.9396
4.91283 13.9357
5.1235 13.9315
5.33377 13.9269
5.54362 13.9221
5.75304 13.9169
5.96202 13.9115
6.17055 13.9057
6.37862 13.8995
6.58622 13.8931
6.79334 13.8862
6.99996 13.879
7.20608 13.8715
7.41169 13.8636
7.61676 13.8553
7.82129 13.8465
8.02527 13.8374
8.22867 13.8279
8.43149 13.8179
8.63371 13.8076
8.83532 13.7967
9.03629 13.7854
9.25029 13.7625
9.49082 13.6944
9.73135 13.6262
9.97188 13.558
10.2124 13.4899
10.4529 13.4217
10.6935 13.3536
10.934 13.2854
11.1745 13.2173
11.4151 13.1491
11.6556 13.081
11.8961 13.0128
12.1367 12.9447
12.3772 12.8765
12.6177 12.8084
12.8583 12.7402
13.0988 12.6721
13.3393 12.6039
13.5798 12.5358
13.8204 12.4676
14.0609 12.3995
14.3014 12.3313
14.542 12.2632
14.7825 12.195
15.023 12.1268
15.2636 12.0587
15.5041 11.9905
15.7446 11.9224
15.9852 11.8542
16.2257 11.7861
16.4662 11.7179
16.7068 11.6498
16.9473 11.5816
17.1878 11.5135
17.4283 11.4453
17.6689 11.3772
17.9094 11.309
18.1499 11.2409
18.23 11.1961
18.2352 11.1909
18.2352 11.1909
18.2352 11.1909
18.2352 11.1909
18.2352 11.1909
18.2352 11.1909
18.2352 11.1909
18.2352 11.1909
18.2352 11.1909
18.2352 11.1909
18.2352 11.1909
18.2352 11.1909
18.2352 11.1909
18.2352 11.1909
18.2352 11.1909
18.2352 11.1909
18.2352 11.1909
18.2352 11.1909
18.2352 11.1909
18.2352 11.1909
18.2352 11.1909
18.2352 11.1909
18.2352 11.1909
18.2352 11.1909
18.2352 11.1909
18.2352 11.1909
18.2352 11.1909
18.2352 11.1909
18.2352 11.1909
18.2352 11.1909
18.2352 11.1909
18.2352 11.1909
18.2352 11.1909
18.2352 11.1909
18.2352 11.1909
18.2352 11.1909
18.2352 11.1909
18.2352 11.1909
18.2352 11.1909
18.2352 11.1909
18.2352 11.1909
18.2352 11.1909
18.2352 11.1909
18.2352 11.1909
18.2352 11.1909
18.2352 11.1909
18.2352 11.1909
18.2352 11.1909
18.2352 11.1909
18.2352 11.1909
18.2352 11.1909
18.2352 11.1909
18.2352 11.1909
18.2352 11.1909
18.2352 11.1909
18.2352 11.1909
18.2352 11.1909
18.2352 11.1909
18.2352 11.1909
18.2352 11.1909
18.2352 11.1909
18.2352 11.1909
18.2352 11.1909
19 11