15 21
14.9229 20.8066
14.8299 20.5795
14.725 20.3424
14.6161 20.1054
14.5071 19.8684
14.3981 19.6313
14.2428 19.3605
14.0875 19.0898
13.9323 18.819
13.777 18.5482
13.6218 18.2775
13.4665 18.0067
13.3113 17.736
13.156 17.4652
13.0008 17.1945
12.8455 16.9237
12.6903 16.653
12.535 16.3822
12.3798 16.1115
12.2245 15.8407
12.0692 15.57
11.914 15.2992
11.7587 15.0284
11.6035 14.7577
11.4482 14.4869
11.293 14.2162
11.1377 13.9454
10.9825 13.6747
10.8272 13.4039
10.672 13.1332
10.5167 12.8624
10.3614 12.5917
10.2525 12.3546
10.1434 12.1175
10.0239 11.8935
9.90024 11.6762
9.77662 11.4589
9.653 11.2416
9.52938 11.0243
9.40576 10.807
9.28214 10.5897
9.15853 10.3724
9.03491 10.1551
8.91129 9.93785
8.78767 9.72055
8.66405 9.50325
8.54044 9.28595
8.41682 9.06865
8.2932 8.85135
8.16958 8.63406
8.04596 8.41676
7.92235 8.19946
7.79873 7.98216
7.67511 7.76486
7.55149 7.54756
7.42787 7.33027
7.30425 7.11297
7.18064 6.89567
7.05702 6.67837
6.9334 6.46107
6.80978 6.24378
6.68616 6.02648
6.56254 5.80918
6.43893 5.59188
6.31531 5.37458
6.19169 5.15729
6.06807 4.93999
5.94445 4.72269
5.82083 4.50539
5.69722 4.28809
5.5736 4.0708
5.44998 3.8535
5.32636 3.6362
5.20274 3.4189
5.07912 3.2016
4.95551 2.98431
4.83189 2.76701
4.70827 2.54971
4.58465 2.33241
4.46103 2.11511
4.33741 1.89781
4.2138 1.68052
4.09018 1.46322
3.96656 1.24592
3.84294 1.02862
3.71932 0.811323
3.5957 0.594025
3.47209 0.376727
3.34847 0.159429
3.22485 -0.0578696
3.10123 -0.275168
2.97761 -0.492466
2.85399 -0.709764
2.73038 -0.927062
2.60676 -1.14436
2.48314 -1.36166
2.35952 -1.57896
2.2359 -1.79625
2.11228 -2.01355
1.98866 -2.23085
1.86505 -2.44815
1.74143 -2.66545
1.61781 -2.88275
1.49419 -3.10004
1.37057 -3.31734
1.24695 -3.53464
1.12334 -3.75194
0.999718 -3.96924
0.8761 -4.18654
0.752481 -4.40383
0.628863 -4.62113
0.505244 -4.83843
0.381626 -5.05573
0.258008 -5.27303
0.134389 -5.49032
0.010771 -5.70762
-0.112847 -5.92492
-0.236466 -6.14222
-0.360084 -6.35952
-0.483702 -6.57681
-0.607321 -6.79411
-0.730939 -7.01141
-0.854557 -7.22871
-0.978176 -7.44601
-1.10179 -7.6633
-1.22541 -7.8806
-1.34903 -8.0979
-1.47265 -8.3152
-1.59627 -8.5325
-1.71989 -8.7498
-1.8435 -8.96709
-1.96712 -9.18439
-2.09074 -9.40169
-2.21436 -9.61899
-2.33798 -9.83629
-2.4616 -10.0536
-3 -11