-9 24
-8.80342 23.8455
-8.60684 23.6911
-8.41026 23.5366
-8.21368 23.3822
-8.0171 23.2277
-7.82052 23.0733
-7.62394 22.9188
-7.42736 22.7644
-7.23078 22.6099
-7.0342 22.4554
-6.83762 22.301
-6.64104 22.1465
-6.44446 21.9921
-6.24789 21.8376
-6.05131 21.6832
-5.85473 21.5287
-5.65815 21.3743
-5.46157 21.2198
-5.26499 21.0654
-5.06841 20.9109
-4.87183 20.7564
-4.67525 20.602
-4.47867 20.4475
-4.28209 20.2931
-4.08551 20.1386
-3.88893 19.9842
-3.69235 19.8297
-3.49577 19.6753
-3.29919 19.5208
-3.10261 19.3663
-2.90603 19.2119
-2.70946 19.0574
-2.51288 18.903
-2.3163 18.7485
-2.11972 18.5941
-1.92314 18.4396
-1.72656 18.2852
-1.52998 18.1307
-1.3334 17.9762
-1.13682 17.8218
-0.94024 17.6673
-0.74366 17.5129
-0.547081 17.3584
-0.350501 17.204
-0.153922 17.0495
0.0426576 16.8951
0.239237 16.7406
0.435816 16.5862
0.632396 16.4317
0.828975 16.2772
1.02555 16.1228
1.22213 15.9683
1.41871 15.8139
1.61529 15.6594
1.81187 15.505
2.00845 15.3505
2.20503 15.1961
2.40161 15.0416
2.59819 14.8871
2.79477 14.7327
2.99135 14.5782
3.18793 14.4238
3.38451 14.2693
3.58109 14.1149
3.77767 13.9604
3.97425 13.806
4.17083 13.6515
4.3674 13.497
4.3674 13.497
4.3674 13.497
4.3674 13.497
4.3674 13.497
4.3674 13.497
4.3674 13.497
4.3674 13.497
4.3674 13.497
4.3674 13.497
4.3674 13.497
4.3674 13.497
4.3674 13.497
4.3674 13.497
4.3674 13.497
4.3674 13.497
4.3674 13.497
4.3674 13.497
4.3674 13.497
4.3674 13.497
4.3674 13.497
4.3674 13.497
4.3674 13.497
4.3674 13.497
4.3674 13.497
4.3674 13.497
4.3674 13.497
4.3674 13.497
4.3674 13.497
4.3674 13.497
4.3674 13.497
4.3674 13.497
4.3674 13.497
4.3674 13.497
4.3674 13.497
4.3674 13.497
4.3674 13.497
4.3674 13.497
4.3674 13.497
4.3674 13.497
4.3674 13.497
4.3674 13.497
4.3674 13.497
4.3674 13.497
4.3674 13.497
4.3674 13.497
4.3674 13.497
4.3674 13.497
4.3674 13.497
4.3674 13.497
4.3674 13.497
4.3674 13.497
4.3674 13.497
4.3674 13.497
4.3674 13.497
4.3674 13.497
4.3674 13.497
4.3674 13.497
4.3674 13.497
4.3674 13.497
4.3674 13.497
4.3674 13.497
4.3674 13.497
4.3674 13.497
4.3674 13.497
4.3674 13.497
4.3674 13.497
4.3674 13.497
4.3674 13.497
4.3674 13.497
4.3674 13.497
4.3674 13.497
4.3674 13.497
4.3674 13.497
4.3674 13.497
4.3674 13.497
4.3674 13.497
4.3674 13.497
4.3674 13.497
4.3674 13.497
4.3674 13.497
4.3674 13.497
4.3674 13.497
4.3674 13.497
4.3674 13.497
4.3674 13.497
4.3674 13.497
4.3674 13.497
4.3674 13.497
4.3674 13.497
4.3674 13.497
4.3674 13.497
4.3674 13.497
5 13