1 -18
0.865781 -17.7891
0.731562 -17.5782
0.597343 -17.3673
0.463125 -17.1563
0.328906 -16.9454
0.194687 -16.7345
0.0604679 -16.5236
-0.0737509 -16.3127
-0.20797 -16.1018
-0.342189 -15.8909
-0.476408 -15.6799
-0.610626 -15.469
-0.744845 -15.2581
-0.879064 -15.0472
-1.01328 -14.8363
-1.1475 -14.6254
-1.28172 -14.4144
-1.41594 -14.2035
-1.55016 -13.9926
-1.68438 -13.7817
-1.8186 -13.5708
-1.95281 -13.3599
-2.08703 -13.149
-2.22125 -12.938
-2.35547 -12.7271
-2.48969 -12.5162
-2.62391 -12.3053
-2.75813 -12.0944
-2.89235 -11.8835
-3.02657 -11.6725
-3.16078 -11.4616
-3.295 -11.2507
-3.42922 -11.0398
-3.56344 -10.8289
-3.69766 -10.618
-3.83188 -10.407
-3.9661 -10.1961
-4.10032 -9.98522
-4.23454 -9.7743
-4.36875 -9.56339
-4.50297 -9.35247
-4.63719 -9.14155
-4.77141 -8.93064
-4.90563 -8.71972
-5.03985 -8.50881
-5.17407 -8.29789
-5.30829 -8.08698
-5.4425 -7.87606
-5.57672 -7.66515
-5.71094 -7.45423
-5.84516 -7.24331
-5.97938 -7.0324
-6.1136 -6.82148
-6.24782 -6.61057
-6.38204 -6.39965
-6.51625 -6.18874
-6.65047 -5.97782
-6.78469 -5.76691
-6.91891 -5.55599
-7.05313 -5.34507
-7.18735 -5.13416
-7.32157 -4.92324
-7.45578 -4.71233
-7.59 -4.50141
-7.72422 -4.2905
-7.85844 -4.07958
-7.99266 -3.86867
-8.12688 -3.65775
-8.2611 -3.44684
-8.39532 -3.23592
-8.52954 -3.025
-8.66376 -2.81409
-8.79798 -2.60317
-8.93219 -2.39226
-9.06641 -2.18134
-9.20063 -1.97043
-9.33485 -1.75951
-9.46907 -1.5486
-9.60329 -1.33768
-9.73751 -1.12677
-9.87173 -0.915851
-10.0059 -0.704936
-10.1402 -0.494021
-10.2744 -0.283105
-10.4086 -0.0721899
-10.5428 0.138725
-10.677 0.349641
-10.8113 0.560556
-10.9455 0.771472
-11.0797 0.982387
-11.2139 1.1933
-11.3481 1.40422
-11.4824 1.61513
-11.6166 1.82605
-11.7508 2.03696
-11.885 2.24788
-12.0192 2.45879
-12.1535 2.66971
-12.2877 2.88063
-12.4219 3.09154
-12.5561 3.30246
-12.6903 3.51337
-12.8246 3.72429
-12.9588 3.9352
-13.093 4.14612
-13.2272 4.35703
-13.3614 4.56795
-13.4956 4.77886
-13.6299 4.98978
-13.7641 5.2007
-13.8983 5.41161
-14.0325 5.62253
-14.1667 5.83344
-14.301 6.04436
-14.4352 6.25527
-14.5694 6.46619
-14.7036 6.6771
-14.8378 6.88802
-14.9721 7.09894
-15.1063 7.30985
-15.2405 7.52077
-15.3747 7.73168
-15.5089 7.9426
-15.6432 8.15351
-15.7774 8.36443
-15.9116 8.57534
-16.0458 8.78626
-16.18 8.99718
-16.3142 9.20809
-16.4485 9.41901
-16.5827 9.62992
-16.7169 9.84084
-16.8511 10.0518
-16.9853 10.2627
-17.1196 10.4736
-17.2538 10.6845
-17.388 10.8954
-17.5222 11.1063
-17.6564 11.3172
-17.7906 11.5282
-17.9249 11.7391
-18.0591 11.95
-18.1933 12.1609
-18.3275 12.3718
-18.4617 12.5827
-18.596 12.7937
-18.7302 13.0046
-18.8644 13.2155
-18.9986 13.4264
-19.1328 13.6373
-19.2671 13.8482
-19.4013 14.0591
-19.5355 14.2701
-19.5355 14.2701
-19.5355 14.2701
-19.5355 14.2701
-19.5355 14.2701
-19.5355 14.2701
-19.5355 14.2701
-19.5355 14.2701
-20 15