24 5
23.9456 4.8658
23.883 4.62376
23.8204 4.38172
23.7578 4.13967
23.6953 3.89763
23.6327 3.65559
23.5701 3.41355
23.5075 3.17151
23.445 2.92946
23.3824 2.68742
23.3198 2.44538
23.2572 2.20334
23.1947 1.96129
23.1321 1.71925
23.0695 1.47721
23.0069 1.23517
22.9444 0.993126
22.8818 0.751084
22.8192 0.509042
22.7566 0.266999
22.6941 0.0249573
22.6315 -0.217085
22.5689 -0.459127
22.5063 -0.701169
22.4438 -0.943211
22.3812 -1.18525
22.3186 -1.4273
22.256 -1.66934
22.1935 -1.91138
22.1309 -2.15342
22.0683 -2.39546
22.0057 -2.63751
21.9432 -2.87955
21.8806 -3.12159
21.818 -3.36363
21.7554 -3.60567
21.6929 -3.84772
21.6303 -4.08976
21.5677 -4.3318
21.5051 -4.57384
21.4426 -4.81589
21.38 -5.05793
21.3174 -5.29997
21.2549 -5.54201
21.1923 -5.78405
21.1297 -6.0261
21.0671 -6.26814
21.0046 -6.51018
20.942 -6.75222
20.8794 -6.99426
20.8168 -7.23631
20.7543 -7.47835
20.6917 -7.72039
20.6291 -7.96243
20.5665 -8.20447
20.504 -8.44652
20.4414 -8.68856
20.3788 -8.9306
20.3162 -9.17264
20.2537 -9.41469
20.1911 -9.65673
20.1285 -9.89877
20.0659 -10.1408
20.0034 -10.3829
19.9408 -10.6249
19.8782 -10.8669
19.8156 -11.109
19.7531 -11.351
19.6905 -11.5931
19.6279 -11.8351
19.5653 -12.0772
19.5028 -12.3192
19.4402 -12.5612
19.3776 -12.8033
19.315 -13.0453
19.2525 -13.2874
19.1899 -13.5294
19.1273 -13.7715
19.0647 -14.0135
19.0022 -14.2555
18.9396 -14.4976
18.877 -14.7396
18.8145 -14.9817
18.7519 -15.2237
18.6893 -15.4657
18.6267 -15.7078
18.5642 -15.9498
18.5016 -16.1919
18.439 -16.4339
18.3764 -16.676
18.3139 -16.918
18.2513 -17.16
18.1887 -17.4021
18.1261 -17.6441
18.0636 -17.8862
18.001 -18.1282
17.9384 -18.3703
17.8758 -18.6123
17.8132 -18.8543
17.7507 -19.0964
17.6881 -19.3384
17.6255 -19.5805
17.5629 -19.8225
17.5004 -20.0646
17.4378 -20.3066
17.3752 -20.5486
17.3126 -20.7907
17.2501 -21.0327
17.2501 -21.0327
17.2501 -21.0327
17.2501 -21.0327
17.2501 -21.0327
17.2501 -21.0327
17.2501 -21.0327
17.2501 -21.0327
17.2501 -21.0327
17.2501 -21.0327
17.2501 -21.0327
17.2501 -21.0327
17.2501 -21.0327
17.2501 -21.0327
17.2501 -21.0327
17.2501 -21.0327
17.2501 -21.0327
17.2501 -21.0327
17.2501 -21.0327
17.2501 -21.0327
17.2501 -21.0327
17.2501 -21.0327
17.2501 -21.0327
17.2501 -21.0327
17.2501 -21.0327
17.2501 -21.0327
17.2501 -21.0327
17.2501 -21.0327
17.2501 -21.0327
17.2501 -21.0327
17.2501 -21.0327
17.2501 -21.0327
17.2501 -21.0327
17.2501 -21.0327
17.2501 -21.0327
17.2501 -21.0327
17.2501 -21.0327
17.2501 -21.0327
17.2501 -21.0327
17.2501 -21.0327
17.2501 -21.0327
17.2501 -21.0327
17.2501 -21.0327
17.2501 -21.0327
17.2501 -21.0327
17.2501 -21.0327
17.2501 -21.0327
17.2501 -21.0327
17.2501 -21.0327
17.2501 -21.0327
17.2501 -21.0327
17.2501 -21.0327
17.2501 -21.0327
17 -22