16 19
15.7785 18.884
15.5571 18.768
15.3356 18.652
15.1142 18.536
14.8927 18.42
14.6713 18.304
14.4498 18.188
14.2283 18.072
14.0069 17.956
13.7854 17.84
13.564 17.724
13.3425 17.608
13.1211 17.492
12.8996 17.376
12.6781 17.26
12.4567 17.144
12.2352 17.028
12.0138 16.912
11.7923 16.796
11.5709 16.68
11.3494 16.564
11.1279 16.448
10.9065 16.332
10.685 16.216
10.4636 16.1
10.2421 15.984
10.0206 15.868
9.79919 15.752
9.57773 15.636
9.35628 15.52
9.13482 15.404
8.91336 15.288
8.6919 15.172
8.47045 15.056
8.24899 14.94
8.02753 14.8239
7.80607 14.7079
7.58461 14.5919
7.36316 14.4759
7.1417 14.3599
6.92024 14.2439
6.69878 14.1279
6.47732 14.0119
6.25587 13.8959
6.03441 13.7799
5.81295 13.6639
5.59149 13.5479
5.37004 13.4319
5.14858 13.3159
4.92712 13.1999
4.70566 13.0839
4.4842 12.9679
4.26275 12.8519
4.04129 12.7359
3.81983 12.6199
3.59837 12.5039
3.37691 12.3879
3.15546 12.2719
2.934 12.1559
2.71254 12.0399
2.49108 11.9239
2.26962 11.8079
2.04817 11.6919
1.82671 11.5759
1.60525 11.4599
1.38379 11.3439
1.16233 11.2279
0.940876 11.1119
0.719418 10.9959
0.49796 10.8799
0.276502 10.7639
0.0550442 10.6479
-0.166414 10.5319
-0.387872 10.4159
-0.60933 10.2999
-0.830788 10.1839
-1.05225 10.0679
-1.2737 9.95187
-1.49516 9.83587
-1.71662 9.71986
-1.93808 9.60386
-2.15954 9.48786
-2.38099 9.37186
-2.60245 9.25586
-2.82391 9.13986
-3.04537 9.02385
-3.26683 8.90785
-3.48828 8.79185
-3.70974 8.67585
-3.9312 8.55985
-4.15266 8.44385
-4.17552 8.43109
-4.17552 8.43109
-4.17552 8.43109
-4.17552 8.43109
-4.17552 8.43109
-4.17552 8.43109
-4.17552 8.43109
-4.17552 8.43109
-4.17552 8.43109
-4.17552 8.43109
-4.17552 8.43109
-4.17552 8.43109
-4.17552 8.43109
-4.17552 8.43109
-4.17552 8.43109
-4.17552 8.43109
-4.17552 8.43109
-4.17552 8.43109
-4.17552 8.43109
-4.17552 8.43109
-4.17552 8.43109
-4.17552 8.43109
-4.17552 8.43109
-4.17552 8.43109
-4.17552 8.43109
-4.17552 8.43109
-4.17552 8.43109
-4.17552 8.43109
-4.17552 8.43109
-4.17552 8.43109
-4.17552 8.43109
-4.17552 8.43109
-4.17552 8.43109
-4.17552 8.43109
-4.17552 8.43109
-4.17552 8.43109
-4.17552 8.43109
-4.17552 8.43109
-4.17552 8.43109
-4.17552 8.43109
-4.17552 8.43109
-4.17552 8.43109
-4.17552 8.43109
-4.17552 8.43109
-4.17552 8.43109
-4.17552 8.43109
-4.17552 8.43109
-4.17552 8.43109
-4.17552 8.43109
-4.17552 8.43109
-4.17552 8.43109
-4.17552 8.43109
-4.17552 8.43109
-4.17552 8.43109
-4.17552 8.43109
-4.17552 8.43109
-4.17552 8.43109
-4.17552 8.43109
-4.17552 8.43109
-4.17552 8.43109
-4.17552 8.43109
-4.17552 8.43109
-4.17552 8.43109
-4.17552 8.43109
-4.17552 8.43109
-4.17552 8.43109
-4.17552 8.43109
-4.17552 8.43109
-4.17552 8.43109
-5 8