23 -8
22.7507 -7.98176
22.5013 -7.96351
22.252 -7.94527
22.0027 -7.92702
21.7533 -7.90878
21.504 -7.89054
21.2547 -7.87229
21.0053 -7.85405
20.756 -7.83581
20.5067 -7.81756
20.2573 -7.79932
20.008 -7.78107
19.7587 -7.76283
19.5093 -7.74459
19.26 -7.72634
19.0107 -7.7081
18.7613 -7.68986
18.512 -7.67161
18.2626 -7.65337
18.0133 -7.63512
17.764 -7.61688
17.5146 -7.59864
17.2653 -7.58039
17.016 -7.56215
16.7666 -7.54391
16.5173 -7.52566
16.268 -7.50742
16.0186 -7.48917
15.7693 -7.47093
15.52 -7.45269
15.2706 -7.43444
15.0213 -7.4162
14.772 -7.39795
14.5226 -7.37971
14.2733 -7.36147
14.024 -7.34322
13.7746 -7.32498
13.5253 -7.30674
13.276 -7.28849
13.0266 -7.27025
12.7773 -7.252
12.528 -7.23376
12.2786 -7.21552
12.0293 -7.19727
11.78 -7.17903
11.5306 -7.16079
11.2813 -7.14254
11.032 -7.1243
10.7826 -7.10605
10.5333 -7.08781
10.284 -7.06957
10.0346 -7.05132
9.7853 -7.03308
9.53597 -7.01484
9.28664 -6.99659
9.0373 -6.97835
8.78797 -6.9601
8.53864 -6.94186
8.2893 -6.92362
8.03997 -6.90537
7.79064 -6.88713
7.5413 -6.86889
7.29197 -6.85064
7.04264 -6.8324
6.7933 -6.81415
6.54397 -6.79591
6.29464 -6.77767
6.0453 -6.75942
5.79597 -6.74118
5.54664 -6.72293
5.2973 -6.70469
5.04797 -6.68645
4.79864 -6.6682
4.5493 -6.64996
4.29997 -6.63172
4.05064 -6.61347
3.8013 -6.59523
3.55197 -6.57698
3.30264 -6.55874
3.0533 -6.5405
2.80397 -6.52225
2.55464 -6.50401
2.3053 -6.48576
2.05597 -6.46752
1.80664 -6.44928
1.5573 -6.43103
1.30797 -6.41279
1.05864 -6.39454
0.809302 -6.3763
0.559969 -6.35806
0.310635 -6.33981
0.061302 -6.32157
-0.188031 -6.30332
-0.437365 -6.28508
-0.686698 -6.26684
-0.936032 -6.24859
-1.18537 -6.23035
-1.4347 -6.2121
-1.68403 -6.19386
-1.93337 -6.17561
-2.1827 -6.15737
-2.43203 -6.13913
-2.68137 -6.12088
-2.9307 -6.10264
-3.18003 -6.08439
-3.42937 -6.06615
-3.6787 -6.04791
-3.92803 -6.02966
-4.17737 -6.01142
-4.4267 -5.99317
-4.67603 -5.97493
-4.92537 -5.95669
-5.1747 -5.93844
-5.42403 -5.9202
-5.67337 -5.90195
-5.9227 -5.88371
-6.17203 -5.86547
-6.42137 -5.84722
-6.6707 -5.82898
-6.92003 -5.81073
-7.16937 -5.79249
-7.4187 -5.77425
-7.66803 -5.756
-7.91737 -5.73776
-8.1667 -5.71951
-8.41603 -5.70127
-8.66537 -5.68303
-8.9147 -5.66478
-9.16403 -5.64654
-9.41337 -5.62829
-9.6627 -5.61005
-9.91203 -5.59181
-10.1614 -5.57356
-10.4107 -5.55532
-10.66 -5.53707
-10.9094 -5.51883
-11.1587 -5.50059
-11.408 -5.48234
-11.6574 -5.4641
-11.9067 -5.44585
-12.156 -5.42761
-12.4054 -5.40937
-12.6547 -5.39112
-12.904 -5.37288
-13.1534 -5.35463
-13.4027 -5.33639
-13.652 -5.31815
-13.9014 -5.2999
-14.1507 -5.28166
-14.4 -5.26341
-14.6494 -5.24517
-14.8987 -5.22693
-15.148 -5.20868
-15.3974 -5.19044
-15.6467 -5.17219
-15.896 -5.15395
-16.1454 -5.13571
-16.3947 -5.11746
-16.644 -5.09922
-16.8934 -5.08097
-18 -5