10 -10
10.0687 -9.75962
10.1374 -9.51924
10.206 -9.27886
10.2747 -9.03848
10.3434 -8.79809
10.4121 -8.55771
10.4808 -8.31733
10.5494 -8.07695
10.6181 -7.83657
10.6868 -7.59619
10.7555 -7.35581
10.8242 -7.11543
10.8928 -6.87505
10.9615 -6.63467
11.0302 -6.39428
11.0989 -6.1539
11.1676 -5.91352
11.2362 -5.67314
11.3049 -5.43276
11.3736 -5.19238
11.4423 -4.952
11.511 -4.71162
11.5796 -4.47124
11.6483 -4.23086
11.717 -3.99048
11.7857 -3.75009
11.8544 -3.50971
11.923 -3.26933
11.9917 -3.02895
12.0604 -2.78857
12.1291 -2.54819
12.1978 -2.30781
12.2664 -2.06743
12.3351 -1.82705
12.4038 -1.58667
12.4725 -1.34628
12.5412 -1.1059
12.6098 -0.865523
12.6785 -0.625142
12.7472 -0.384761
12.8159 -0.14438
12.8846 0.0960012
12.9533 0.336382
13.0219 0.576763
13.0906 0.817144
13.1593 1.05753
13.228 1.29791
13.2967 1.53829
13.3653 1.77867
13.434 2.01905
13.5027 2.25943
13.5714 2.49981
13.6401 2.74019
13.7087 2.98057
13.7774 3.22095
13.8461 3.46134
13.9148 3.70172
13.9835 3.9421
14.0521 4.18248
14.1208 4.42286
14.1895 4.66324
14.2582 4.90362
14.3269 5.144
14.3955 5.38438
14.4642 5.62476
14.5329 5.86514
14.6016 6.10552
14.6703 6.34591
14.7389 6.58629
14.8076 6.82667
14.8763 7.06705
14.945 7.30743
15.0137 7.54781
15.0823 7.78819
15.151 8.02857
15.2197 8.26895
15.2884 8.50933
15.3571 8.74971
15.4257 8.9901
15.4944 9.23048
15.5631 9.47086
15.6318 9.71124
15.7005 9.95162
15.7691 10.192
15.7691 10.192
15.7691 10.192
15.7691 10.192
15.7691 10.192
15.7691 10.192
15.7691 10.192
15.7691 10.192
15.7691 10.192
15.7691 10.192
15.7691 10.192
15.7691 10.192
15.7691 10.192
15.7691 10.192
15.7691 10.192
15.7691 10.192
15.7691 10.192
15.7691 10.192
15.7691 10.192
15.7691 10.192
15.7691 10.192
15.7691 10.192
15.7691 10.192
15.7691 10.192
15.7691 10.192
15.7691 10.192
15.7691 10.192
15.7691 10.192
15.7691 10.192
15.7691 10.192
15.7691 10.192
15.7691 10.192
15.7691 10.192
15.7691 10.192
15.7691 10.192
15.7691 10.192
15.7691 10.192
15.7691 10.192
15.7691 10.192
15.7691 10.192
15.7691 10.192
15.7691 10.192
15.7691 10.192
15.7691 10.192
15.7691 10.192
15.7691 10.192
15.7691 10.192
15.7691 10.192
15.7691 10.192
15.7691 10.192
15.7691 10.192
15.7691 10.192
15.7691 10.192
15.7691 10.192
15.7691 10.192
15.7691 10.192
15.7691 10.192
15.7691 10.192
15.7691 10.192
15.7691 10.192
15.7691 10.192
15.7691 10.192
15.7691 10.192
15.7691 10.192
15.7691 10.192
15.7691 10.192
15.7691 10.192
15.7691 10.192
15.7691 10.192
15.7691 10.192
15.7691 10.192
15.7691 10.192
15.7691 10.192
15.7691 10.192
15.7691 10.192
15.7691 10.192
15.7691 10.192
15.7691 10.192
15.7691 10.192
15.7691 10.192
15.7691 10.192
15.7691 10.192
15.7691 10.192
15.7691 10.192
15.7691 10.192
15.7691 10.192
15.7691 10.192
15.7691 10.192
15.7691 10.192
15.7691 10.192
15.7691 10.192
15.7691 10.192
15.7691 10.192
15.7691 10.192
15.7691 10.192
15.7691 10.192
15.7691 10.192
15.7691 10.192
15.7691 10.192
15.7691 10.192
15.7691 10.192
15.7691 10.192
15.7691 10.192
15.7691 10.192
15.7691 10.192
15.7691 10.192
15.7691 10.192
15.7691 10.192
15.7691 10.192
15.7691 10.192
15.7691 10.192
15.7691 10.192
15.7691 10.192
15.7691 10.192
15.7691 10.192
15.7691 10.192
15.7691 10.192
16 11