-6 -19
-6.12325 -18.7825
-6.24651 -18.565
-6.36976 -18.3475
-6.49301 -18.13
-6.61627 -17.9125
-6.73952 -17.695
-6.86277 -17.4775
-6.98603 -17.2599
-7.10928 -17.0424
-7.23253 -16.8249
-7.35579 -16.6074
-7.47904 -16.3899
-7.60229 -16.1724
-7.72555 -15.9549
-7.8488 -15.7374
-7.97205 -15.5199
-8.0732 -15.2874
-8.17435 -15.0548
-8.27551 -14.8223
-8.37668 -14.5897
-8.47786 -14.3571
-8.57905 -14.1245
-8.68026 -13.8919
-8.78147 -13.6593
-8.88269 -13.4266
-8.98393 -13.194
-9.08517 -12.9613
-9.18642 -12.7286
-9.28769 -12.4959
-9.38896 -12.2632
-9.49025 -12.0304
-9.59155 -11.7977
-9.69285 -11.5649
-9.79417 -11.3321
-9.8955 -11.0993
-9.99684 -10.8665
-10.0982 -10.6337
-10.1995 -10.4008
-10.3009 -10.168
-10.4023 -9.93509
-10.5037 -9.7022
-10.6051 -9.46929
-10.7065 -9.23636
-10.8079 -9.00342
-10.9094 -8.77047
-11.0108 -8.5375
-11.1123 -8.30451
-11.2433 -8.09164
-11.3744 -7.87876
-11.5055 -7.66589
-11.6366 -7.45301
-11.7677 -7.24014
-11.8988 -7.02726
-12.0299 -6.81439
-12.161 -6.60151
-12.2921 -6.38864
-12.4231 -6.17576
-12.5542 -5.96289
-12.6853 -5.75001
-12.8164 -5.53714
-12.9475 -5.32426
-13.0786 -5.11139
-13.2097 -4.89851
-13.3408 -4.68564
-13.4718 -4.47276
-13.6029 -4.25989
-13.734 -4.04701
-13.8651 -3.83414
-13.9962 -3.62126
-14.1273 -3.40839
-14.2584 -3.19551
-14.3895 -2.98264
-14.5206 -2.76976
-14.6516 -2.55689
-14.7827 -2.34401
-14.9138 -2.13114
-15.0449 -1.91826
-15.176 -1.70539
-15.3071 -1.49252
-15.4382 -1.27964
-15.5693 -1.06677
-15.7004 -0.85389
-15.8314 -0.641015
-15.9625 -0.42814
-16.0936 -0.215266
-16.2247 -0.00239058
-16.3558 0.210484
-16.4869 0.423359
-16.618 0.636234
-16.7491 0.849109
-16.8801 1.06198
-17.0112 1.27486
-17.1423 1.48773
-17.2734 1.70061
-17.4045 1.91348
-17.5356 2.12636
-17.6667 2.33923
-17.7978 2.55211
-17.9289 2.76498
-18.0599 2.97786
-18.191 3.19073
-18.3221 3.40361
-18.4532 3.61648
-18.5843 3.82936
-18.7154 4.04223
-18.8465 4.25511
-18.9776 4.46798
-19.1087 4.68086
-19.2397 4.89373
-19.3708 5.10661
-19.5019 5.31948
-19.633 5.53236
-19.7641 5.74523
-19.8952 5.95811
-20.0263 6.17098
-20.1574 6.38386
-20.2884 6.59673
-20.4195 6.80961
-20.5506 7.02248
-20.6817 7.23535
-20.8128 7.44823
-20.9439 7.6611
-21.075 7.87398
-21.2061 8.08685
-21.3372 8.29973
-21.4683 8.5126
-21.5993 8.72548
-21.7304 8.93835
-21.8615 9.15123
-21.9926 9.3641
-22.1237 9.57697
-22.2548 9.78985
-22.3859 10.0027
-22.517 10.2156
-22.517 10.2156
-22.517 10.2156
-22.517 10.2156
-22.517 10.2156
-22.517 10.2156
-22.517 10.2156
-22.517 10.2156
-22.517 10.2156
-22.517 10.2156
-22.517 10.2156
-22.517 10.2156
-22.517 10.2156
-22.517 10.2156
-22.517 10.2156
-22.517 10.2156
-22.517 10.2156
-22.517 10.2156
-22.517 10.2156
-22.517 10.2156
-22.517 10.2156
-22.517 10.2156
-22.517 10.2156
-22.517 10.2156
-22.517 10.2156
-22.517 10.2156
-22.517 10.2156
-22.517 10.2156
-22.517 10.2156
-22.517 10.2156
-22.517 10.2156
-22.517 10.2156
-22.517 10.2156
-22.517 10.2156
-22.517 10.2156
-22.517 10.2156
-22.517 10.2156
-22.517 10.2156
-22.517 10.2156
-22.517 10.2156
-22.517 10.2156
-22.517 10.2156
-22.517 10.2156
-22.517 10.2156
-22.517 10.2156
-22.517 10.2156
-22.517 10.2156
-22.517 10.2156
-22.517 10.2156
-22.517 10.2156
-22.517 10.2156
-22.517 10.2156
-22.517 10.2156
-22.517 10.2156
-22.517 10.2156
-22.517 10.2156
-22.517 10.2156
-22.517 10.2156
-22.517 10.2156
-22.517 10.2156
-22.517 10.2156
-22.517 10.2156
-22.517 10.2156
-22.517 10.2156
-22.517 10.2156
-22.517 10.2156
-22.517 10.2156
-23 11