0 19
-0.0984798 18.7702
-0.19696 18.5404
-0.295439 18.3106
-0.393919 18.0809
-0.492399 17.8511
-0.590879 17.6213
-0.689359 17.3915
-0.787839 17.1617
-0.886318 16.9319
-0.984798 16.7021
-1.08328 16.4724
-1.18176 16.2426
-1.28024 16.0128
-1.37872 15.783
-1.4772 15.5532
-1.57568 15.3234
-1.67416 15.0936
-1.77264 14.8639
-1.87112 14.6341
-1.9696 14.4043
-2.06808 14.1745
-2.16656 13.9447
-2.26504 13.7149
-2.36352 13.4851
-2.462 13.2554
-2.56047 13.0256
-2.65895 12.7958
-2.75743 12.566
-2.85591 12.3362
-2.95439 12.1064
-3.05287 11.8766
-3.15135 11.6469
-3.24983 11.4171
-3.34831 11.1873
-3.44679 10.9575
-3.54527 10.7277
-3.64375 10.4979
-3.74223 10.2681
-3.84071 10.0383
-3.93919 9.80856
-4.03767 9.57878
-4.13615 9.34899
-4.23463 9.11921
-4.33311 8.88942
-4.43159 8.65963
-4.53007 8.42985
-4.62855 8.20006
-4.72703 7.97028
-4.82551 7.74049
-4.92399 7.5107
-5.02247 7.28092
-5.12095 7.05113
-5.21943 6.82134
-5.31791 6.59156
-5.41639 6.36177
-5.51487 6.13198
-5.61335 5.9022
-5.71183 5.67241
-5.81031 5.44263
-5.90879 5.21284
-6.00727 4.98305
-6.10575 4.75327
-6.20423 4.52348
-6.30271 4.29369
-6.40119 4.06391
-6.49966 3.83412
-6.59814 3.60433
-6.69662 3.37455
-6.7951 3.14476
-6.89358 2.91497
-6.99206 2.68519
-7.09054 2.4554
-7.18902 2.22562
-7.2875 1.99583
-7.38598 1.76604
-7.48446 1.53626
-7.58294 1.30647
-7.68142 1.07668
-7.7799 0.846899
-7.87838 0.617112
-7.97686 0.387326
-8.07534 0.15754
-8.17382 -0.0722465
-8.2723 -0.302033
-8.37078 -0.531819
-8.46926 -0.761605
-8.56774 -0.991392
-8.66622 -1.22118
-8.7647 -1.45096
-8.86318 -1.68075
-8.96166 -1.91054
-9.06014 -2.14032
-9.15862 -2.37011
-9.2571 -2.5999
-9.35558 -2.82968
-9.45406 -3.05947
-9.55254 -3.28925
-9.65102 -3.51904
-9.7495 -3.74883
-9.84798 -3.97861
-9.94646 -4.2084
-10.0449 -4.43819
-10.1434 -4.66797
-10.2419 -4.89776
-10.3404 -5.12755
-10.4389 -5.35733
-10.5373 -5.58712
-10.6358 -5.81691
-10.7343 -6.04669
-10.8328 -6.27648
-10.9313 -6.50626
-11.0297 -6.73605
-11.1282 -6.96584
-11.2267 -7.19562
-11.3252 -7.42541
-11.4237 -7.6552
-11.5221 -7.88498
-11.6206 -8.11477
-11.7191 -8.34455
-11.8176 -8.57434
-11.9161 -8.80413
-12.0145 -9.03391
-12.113 -9.2637
-12.2115 -9.49348
-12.31 -9.72327
-12.4085 -9.95306
-12.5069 -10.1828
-12.6054 -10.4126
-12.7039 -10.6424
-12.8024 -10.8722
-12.9009 -11.102
-12.9993 -11.3318
-13.0978 -11.5616
-13.1963 -11.7913
-13.2948 -12.0211
-13.3933 -12.2509
-13.4917 -12.4807
-13.5902 -12.7105
-13.6887 -12.9403
-13.7872 -13.1701
-13.8856 -13.3998
-13.9841 -13.6296
-14.0826 -13.8594
-14.1811 -14.0892
-14.2796 -14.319
-14.378 -14.5488
-14.4765 -14.7786
-14.575 -15.0083
-14.6735 -15.2381
-14.7111 -15.2725
-14.7111 -15.2725
-14.7111 -15.2725
-14.7111 -15.2725
-14.7111 -15.2725
-14.7111 -15.2725
-14.7111 -15.2725
-14.7111 -15.2725
-14.7111 -15.2725
-14.7111 -15.2725
-14.7111 -15.2725
-14.7111 -15.2725
-14.7111 -15.2725
-14.7111 -15.2725
-14.7111 -15.2725
-14.7111 -15.2725
-14.7111 -15.2725
-14.7111 -15.2725
-14.7111 -15.2725
-14.7111 -15.2725
-14.7111 -15.2725
-14.7111 -15.2725
-14.7111 -15.2725
-14.7111 -15.2725
-14.7111 -15.2725
-14.7111 -15.2725
-14.7111 -15.2725
-14.7111 -15.2725
-14.7111 -15.2725
-14.7111 -15.2725
-14.7111 -15.2725
-14.7111 -15.2725
-14.7111 -15.2725
-14.7111 -15.2725
-14.7111 -15.2725
-14.7111 -15.2725
-14.7111 -15.2725
-14.7111 -15.2725
-14.7111 -15.2725
-14.7111 -15.2725
-14.7111 -15.2725
-14.7111 -15.2725
-14.7111 -15.2725
-14.7111 -15.2725
-14.7111 -15.2725
-14.7111 -15.2725
-14.7111 -15.2725
-14.7111 -15.2725
-14.7111 -15.2725
-14.7111 -15.2725
-14.7111 -15.2725
-15 -16