-21 -2
-20.8048 -2.15617
-20.6096 -2.31235
-20.4143 -2.46852
-20.2191 -2.62469
-20.0239 -2.78087
-19.8287 -2.93704
-19.6335 -3.09322
-19.4383 -3.24939
-19.243 -3.40556
-19.0478 -3.56174
-18.8526 -3.71791
-18.6574 -3.87408
-18.4622 -4.03026
-18.267 -4.18643
-18.0717 -4.34261
-17.8765 -4.49878
-17.7034 -4.66997
-17.5304 -4.84106
-17.3574 -5.01204
-17.1845 -5.18291
-17.0117 -5.35367
-16.839 -5.5243
-16.6664 -5.6948
-16.4938 -5.86518
-16.3214 -6.03541
-16.149 -6.20551
-15.9767 -6.37546
-15.8046 -6.54525
-15.6326 -6.71488
-15.4606 -6.88434
-15.2888 -7.05362
-15.1171 -7.22272
-14.9456 -7.39163
-14.7742 -7.56033
-14.6029 -7.72882
-14.4318 -7.89708
-14.2608 -8.0651
-14.0901 -8.23288
-13.9194 -8.40039
-13.749 -8.56762
-13.5788 -8.73456
-13.4088 -8.90119
-13.239 -9.06749
-13.0695 -9.23343
-12.9002 -9.399
-12.7312 -9.56418
-12.5625 -9.72893
-12.3529 -9.8653
-12.1434 -10.0017
-11.9339 -10.138
-11.7243 -10.2744
-11.5148 -10.4108
-11.3053 -10.5471
-11.0957 -10.6835
-10.8862 -10.8199
-10.6767 -10.9563
-10.4672 -11.0926
-10.2576 -11.229
-10.0481 -11.3654
-9.83856 -11.5017
-9.62903 -11.6381
-9.4195 -11.7745
-9.20997 -11.9108
-9.00044 -12.0472
-8.7909 -12.1836
-8.58137 -12.32
-8.37184 -12.4563
-8.16231 -12.5927
-7.95278 -12.7291
-7.74325 -12.8654
-7.53372 -13.0018
-7.32419 -13.1382
-7.11466 -13.2745
-6.90513 -13.4109
-6.6956 -13.5473
-6.6956 -13.5473
-6.6956 -13.5473
-6.6956 -13.5473
-6.6956 -13.5473
-6.6956 -13.5473
-6.6956 -13.5473
-6.6956 -13.5473
-6.6956 -13.5473
-6.6956 -13.5473
-6.6956 -13.5473
-6.6956 -13.5473
-6.6956 -13.5473
-6.6956 -13.5473
-6.6956 -13.5473
-6.6956 -13.5473
-6.6956 -13.5473
-6.6956 -13.5473
-6.6956 -13.5473
-6.6956 -13.5473
-6.6956 -13.5473
-6.6956 -13.5473
-6.6956 -13.5473
-6.6956 -13.5473
-6.6956 -13.5473
-6.6956 -13.5473
-6.6956 -13.5473
-6.6956 -13.5473
-6.6956 -13.5473
-6.6956 -13.5473
-6.6956 -13.5473
-6.6956 -13.5473
-6.6956 -13.5473
-6.6956 -13.5473
-6.6956 -13.5473
-6.6956 -13.5473
-6.6956 -13.5473
-6.6956 -13.5473
-6.6956 -13.5473
-6.6956 -13.5473
-6.6956 -13.5473
-6.6956 -13.5473
-6.6956 -13.5473
-6.6956 -13.5473
-6.6956 -13.5473
-6.6956 -13.5473
-6.6956 -13.5473
-6.6956 -13.5473
-6.6956 -13.5473
-6.6956 -13.5473
-6.6956 -13.5473
-6.6956 -13.5473
-6.6956 -13.5473
-6.6956 -13.5473
-6.6956 -13.5473
-6.6956 -13.5473
-6.6956 -13.5473
-6.6956 -13.5473
-6.6956 -13.5473
-6.6956 -13.5473
-6.6956 -13.5473
-6.6956 -13.5473
-6.6956 -13.5473
-6.6956 -13.5473
-6.6956 -13.5473
-6.6956 -13.5473
-6.6956 -13.5473
-6.6956 -13.5473
-6.6956 -13.5473
-6.6956 -13.5473
-6.6956 -13.5473
-6.6956 -13.5473
-6.6956 -13.5473
-6.6956 -13.5473
-6.6956 -13.5473
-6.6956 -13.5473
-6.6956 -13.5473
-6.6956 -13.5473
-6.6956 -13.5473
-6.6956 -13.5473
-6.6956 -13.5473
-6.6956 -13.5473
-6.6956 -13.5473
-6.6956 -13.5473
-6.6956 -13.5473
-6.6956 -13.5473
-6.6956 -13.5473
-6.6956 -13.5473
-6.6956 -13.5473
-6.6956 -13.5473
-6.6956 -13.5473
-6.6956 -13.5473
-6.6956 -13.5473
-6.6956 -13.5473
-6.6956 -13.5473
-6.6956 -13.5473
-6.6956 -13.5473
-6.6956 -13.5473
-6.6956 -13.5473
-6.6956 -13.5473
-6.6956 -13.5473
-6.6956 -13.5473
-6.6956 -13.5473
-6.6956 -13.5473
-6.6956 -13.5473
-6.6956 -13.5473
-6.6956 -13.5473
-6.6956 -13.5473
-6.6956 -13.5473
-6.6956 -13.5473
-6.6956 -13.5473
-6.6956 -13.5473
-6.6956 -13.5473
-6.6956 -13.5473
-6.6956 -13.5473
-6.6956 -13.5473
-6.6956 -13.5473
-6.6956 -13.5473
-6.6956 -13.5473
-6.6956 -13.5473
-6.6956 -13.5473
-6.6956 -13.5473
-6.6956 -13.5473
-6.6956 -13.5473
-6.6956 -13.5473
-6.6956 -13.5473
-6 -14