16 -21
15.8692 -20.9214
15.6877 -20.7495
15.5062 -20.5776
15.3247 -20.4057
15.1432 -20.2337
14.9617 -20.0618
14.7802 -19.8899
14.5987 -19.718
14.4172 -19.5461
14.2357 -19.3741
14.0542 -19.2022
13.8727 -19.0303
13.6911 -18.8584
13.5096 -18.6865
13.3281 -18.5146
13.1466 -18.3426
12.9651 -18.1707
12.7836 -17.9988
12.6021 -17.8269
12.4206 -17.655
12.2391 -17.4831
12.0576 -17.3111
11.8761 -17.1392
11.6946 -16.9673
11.5131 -16.7954
11.3316 -16.6235
11.1501 -16.4516
10.9686 -16.2796
10.787 -16.1077
10.6055 -15.9358
10.424 -15.7639
10.2425 -15.592
10.061 -15.4201
9.87952 -15.2481
9.69801 -15.0762
9.51651 -14.9043
9.335 -14.7324
9.15349 -14.5605
8.97199 -14.3886
8.79048 -14.2166
8.60897 -14.0447
8.42747 -13.8728
8.24596 -13.7009
8.06446 -13.529
7.88295 -13.3571
7.70144 -13.1851
7.51994 -13.0132
7.33843 -12.8413
7.15693 -12.6694
6.97542 -12.4975
6.79391 -12.3256
6.61241 -12.1536
6.4309 -11.9817
6.24939 -11.8098
6.06789 -11.6379
5.88638 -11.466
5.70488 -11.2941
5.52337 -11.1221
5.34186 -10.9502
5.16036 -10.7783
4.97885 -10.6064
4.79735 -10.4345
4.61584 -10.2626
4.43433 -10.0906
4.25283 -9.91872
4.07132 -9.7468
3.88981 -9.57488
3.70831 -9.40297
3.5268 -9.23105
3.3453 -9.05913
3.16379 -8.88721
2.98228 -8.7153
2.80078 -8.54338
2.61927 -8.37146
2.43777 -8.19955
2.25626 -8.02763
2.07475 -7.85571
1.89325 -7.6838
1.71174 -7.51188
1.53023 -7.33996
1.34873 -7.16805
1.16722 -6.99613
0.985716 -6.82421
0.80421 -6.65229
0.622704 -6.48038
0.441197 -6.30846
0.259691 -6.13654
0.0781851 -5.96463
-0.103321 -5.79271
-0.284827 -5.62079
-0.466333 -5.44888
-0.647839 -5.27696
-0.829346 -5.10504
-1.01085 -4.93312
-1.19236 -4.76121
-1.37386 -4.58929
-1.55537 -4.41737
-1.73688 -4.24546
-1.91838 -4.07354
-2.09989 -3.90162
-2.28139 -3.72971
-2.4629 -3.55779
-2.64441 -3.38587
-2.82591 -3.21395
-3.00742 -3.04204
-3.18893 -2.87012
-3.37043 -2.6982
-3.55194 -2.52628
-3.73344 -2.35437
-3.91495 -2.18245
-4.09646 -2.01053
-4.27796 -1.83862
-4.45947 -1.6667
-4.64097 -1.49478
-4.82248 -1.32286
-5.00399 -1.15095
-5.18549 -0.97903
-5.367 -0.807113
-5.54851 -0.635196
-5.73001 -0.463279
-5.91152 -0.291361
-6.09302 -0.119444
-6.27453 0.0524731
-6.45604 0.22439
-6.63754 0.396307
-6.81905 0.568225
-7.00055 0.740142
-7.18206 0.912059
-7.36357 1.08398
-7.54507 1.25589
-7.72658 1.42781
-7.90809 1.59973
-8.08959 1.77165
-8.2711 1.94356
-8.4526 2.11548
-8.63411 2.2874
-8.81562 2.45931
-8.99712 2.63123
-9.17863 2.80315
-9.36013 2.97507
-9.54164 3.14698
-9.72315 3.3189
-9.90465 3.49082
-10.0862 3.66273
-10.2677 3.83465
-10.4492 4.00657
-10.6307 4.17849
-10.8122 4.3504
-10.9937 4.52232
-11.1752 4.69424
-11.3567 4.86615
-11.5382 5.03807
-11.7197 5.20999
-11.9012 5.38191
-12.0827 5.55382
-12.2642 5.72574
-12.4457 5.89766
-12.6272 6.06958
-12.8088 6.24149
-12.9903 6.41341
-13.1718 6.58533
-13.3533 6.75725
-13.5348 6.92916
-13.7163 7.10108
-13.8978 7.273
-14.0793 7.44491
-14.2608 7.61683
-14.4423 7.78875
-14.6238 7.96067
-14.8053 8.13258
-14.9868 8.3045
-15.1683 8.47642
-15.3498 8.64833
-15.5313 8.82025
-15.7128 8.99217
-15.8944 9.16408
-16.0759 9.336
-16.2574 9.50792
-16.4389 9.67984
-16.6204 9.85175
-16.8019 10.0237
-16.9834 10.1956
-17.1649 10.3675
-17.3464 10.5394
-17.5279 10.7113
-17.7094 10.8833
-17.8909 11.0552
-18.0724 11.2271
-18.2539 11.399
-18.4354 11.5709
-18.6169 11.7428
-18.7984 11.9148
-18.98 12.0867
-19.1615 12.2586
-19.343 12.4305
-19.5245 12.6024
-19.706 12.7743
-19.8875 12.9463
-20.069 13.1182
-20.2505 13.2901
-21 14