-2 13
-2.17058 12.8172
-2.34116 12.6345
-2.51174 12.4517
-2.68232 12.2689
-2.8529 12.0862
-3.02348 11.9034
-3.19406 11.7207
-3.36464 11.5379
-3.53522 11.3551
-3.7058 11.1724
-3.87638 10.9896
-4.04696 10.8068
-4.21754 10.6241
-4.38811 10.4413
-4.55869 10.2585
-4.72927 10.0758
-4.89985 9.89301
-5.07043 9.71025
-5.24101 9.52748
-5.41159 9.34472
-5.58217 9.16195
-5.75275 8.97919
-5.92333 8.79643
-6.09391 8.61366
-6.26449 8.4309
-6.43507 8.24813
-6.60565 8.06537
-6.77623 7.88261
-6.94681 7.69984
-7.11739 7.51708
-7.28797 7.33432
-7.45854 7.15155
-7.62912 6.96879
-7.7997 6.78603
-7.97028 6.60326
-8.14086 6.4205
-8.29197 6.22235
-8.44305 6.02423
-8.59409 5.82615
-8.74511 5.62812
-8.89609 5.43013
-9.04703 5.23218
-9.19793 5.03429
-9.34878 4.83646
-9.49959 4.63868
-9.65035 4.44097
-9.80105 4.24333
-9.95169 4.04577
-10.1023 3.8483
-10.2528 3.65092
-10.4032 3.45364
-10.5535 3.25647
-10.7037 3.05942
-10.8539 2.86252
-11.0039 2.66576
-11.1537 2.46918
-11.3034 2.27278
-11.453 2.0766
-11.6024 1.88065
-11.7515 1.68497
-11.9004 1.4896
-12.0491 1.29457
-12.1974 1.09995
-12.3453 0.905784
-12.4929 0.712152
-12.6399 0.51914
-12.8399 0.369176
-13.04 0.219211
-13.24 0.0692463
-13.44 -0.0807184
-13.64 -0.230683
-13.8401 -0.380648
-14.0401 -0.530612
-14.2401 -0.680577
-14.4401 -0.830542
-14.6402 -0.980507
-14.8402 -1.13047
-15.0402 -1.28044
-15.2403 -1.4304
-15.3093 -1.48557
-15.3149 -1.49068
-15.3149 -1.49068
-15.3149 -1.49068
-15.3149 -1.49068
-15.3149 -1.49068
-15.3149 -1.49068
-15.3149 -1.49068
-15.3149 -1.49068
-15.3149 -1.49068
-15.3149 -1.49068
-15.3149 -1.49068
-15.3149 -1.49068
-15.3149 -1.49068
-15.3149 -1.49068
-15.3149 -1.49068
-15.3149 -1.49068
-15.3149 -1.49068
-15.3149 -1.49068
-15.3149 -1.49068
-15.3149 -1.49068
-15.3149 -1.49068
-15.3149 -1.49068
-15.3149 -1.49068
-15.3149 -1.49068
-15.3149 -1.49068
-15.3149 -1.49068
-15.3149 -1.49068
-15.3149 -1.49068
-15.3149 -1.49068
-15.3149 -1.49068
-15.3149 -1.49068
-15.3149 -1.49068
-15.3149 -1.49068
-15.3149 -1.49068
-15.3149 -1.49068
-15.3149 -1.49068
-15.3149 -1.49068
-15.3149 -1.49068
-15.3149 -1.49068
-15.3149 -1.49068
-15.3149 -1.49068
-15.3149 -1.49068
-15.3149 -1.49068
-15.3149 -1.49068
-15.3149 -1.49068
-15.3149 -1.49068
-15.3149 -1.49068
-15.3149 -1.49068
-15.3149 -1.49068
-15.3149 -1.49068
-15.3149 -1.49068
-15.3149 -1.49068
-15.3149 -1.49068
-15.3149 -1.49068
-15.3149 -1.49068
-15.3149 -1.49068
-15.3149 -1.49068
-15.3149 -1.49068
-15.3149 -1.49068
-15.3149 -1.49068
-15.3149 -1.49068
-15.3149 -1.49068
-15.3149 -1.49068
-15.3149 -1.49068
-15.3149 -1.49068
-15.3149 -1.49068
-15.3149 -1.49068
-15.3149 -1.49068
-15.3149 -1.49068
-15.3149 -1.49068
-15.3149 -1.49068
-15.3149 -1.49068
-15.3149 -1.49068
-15.3149 -1.49068
-15.3149 -1.49068
-15.3149 -1.49068
-15.3149 -1.49068
-15.3149 -1.49068
-15.3149 -1.49068
-15.3149 -1.49068
-15.3149 -1.49068
-15.3149 -1.49068
-15.3149 -1.49068
-15.3149 -1.49068
-15.3149 -1.49068
-15.3149 -1.49068
-15.3149 -1.49068
-15.3149 -1.49068
-16 -2