16 -10
15.7699 -9.90222
15.5398 -9.80443
15.3098 -9.70665
15.0797 -9.60886
14.8496 -9.51108
14.6195 -9.41329
14.3894 -9.31551
14.1593 -9.21772
13.9293 -9.11994
13.6992 -9.02215
13.4691 -8.92437
13.239 -8.82658
13.0089 -8.7288
12.7788 -8.63101
12.5461 -8.52211
12.3133 -8.41323
12.0804 -8.30435
11.8475 -8.19547
11.6146 -8.08661
11.3817 -7.97776
11.1487 -7.86891
10.9156 -7.76007
10.6826 -7.65124
10.4495 -7.54242
10.2164 -7.43361
9.98319 -7.32481
9.74999 -7.21602
9.51674 -7.10723
9.28346 -6.99846
9.05014 -6.8897
8.81677 -6.78094
8.58337 -6.67219
8.34993 -6.56346
8.11645 -6.45473
7.88292 -6.34602
7.64935 -6.23731
7.41575 -6.12862
7.1821 -6.01993
6.9484 -5.91126
6.71466 -5.80259
6.48088 -5.69394
6.24705 -5.5853
6.01318 -5.47667
5.77926 -5.36805
5.54529 -5.25944
5.31128 -5.15084
5.07721 -5.04226
4.8431 -4.93369
4.60894 -4.82512
4.37473 -4.71657
4.14047 -4.60804
3.90616 -4.49951
3.6718 -4.391
3.44062 -4.29584
3.20944 -4.20067
2.97826 -4.10551
2.74708 -4.01034
2.5159 -3.91518
2.28472 -3.82002
2.05354 -3.72485
1.82236 -3.62969
1.59118 -3.53452
1.36 -3.43936
1.12883 -3.3442
0.897647 -3.24903
0.666467 -3.15387
0.435288 -3.0587
0.204109 -2.96354
-0.0270699 -2.86838
-0.258249 -2.77321
-0.489428 -2.67805
-0.720607 -2.58288
-0.951787 -2.48772
-1.18297 -2.39256
-1.41414 -2.29739
-1.64532 -2.20223
-1.8765 -2.10706
-2.10768 -2.0119
-2.33886 -1.91674
-2.57004 -1.82157
-2.80122 -1.72641
-3.0324 -1.63124
-3.26358 -1.53608
-3.49476 -1.44091
-3.72594 -1.34575
-3.95712 -1.25059
-4.1883 -1.15542
-4.41947 -1.06026
-4.65065 -0.965094
-4.88183 -0.86993
-5.11301 -0.774766
-5.34419 -0.679602
-5.57537 -0.584438
-5.80655 -0.489273
-6.03773 -0.394109
-6.26891 -0.298945
-6.50009 -0.203781
-6.73127 -0.108617
-6.96245 -0.0134528
-7.19363 0.0817113
-7.4248 0.176875
-7.65598 0.27204
-7.88716 0.367204
-8.11834 0.462368
-8.34952 0.557532
-8.5807 0.652696
-8.81188 0.74786
-9.04306 0.843024
-9.27424 0.938188
-9.50542 1.03335
-9.7366 1.12852
-9.96778 1.22368
-10.199 1.31885
-10.4301 1.41401
-10.6613 1.50917
-10.8925 1.60434
-11.1237 1.6995
-11.3549 1.79467
-11.586 1.88983
-11.8172 1.98499
-12.0484 2.08016
-12.2796 2.17532
-12.5107 2.27049
-12.7419 2.36565
-12.9731 2.46081
-13.2043 2.55598
-13.4355 2.65114
-13.6666 2.74631
-13.8978 2.84147
-14.129 2.93664
-14.3602 3.0318
-14.5914 3.12696
-14.8225 3.22213
-15.0537 3.31729
-15.2849 3.41246
-15.5161 3.50762
-15.7473 3.60278
-15.9784 3.69795
-16.2096 3.79311
-16.4408 3.88828
-16.672 3.98344
-16.9032 4.0786
-17.1343 4.17377
-17.3655 4.26893
-17.5967 4.3641
-17.8279 4.45926
-18.059 4.55443
-18.2902 4.64959
-18.5214 4.74475
-18.7526 4.83992
-18.9838 4.93508
-19.2149 5.03025
-19.4461 5.12541
-19.6773 5.22057
-19.9085 5.31574
-20.1396 5.4109
-20.3708 5.50606
-20.602 5.60123
-20.8332 5.69639
-21.0644 5.79156
-21.2955 5.88672
-21.5267 5.98188
-21.7579 6.07705
-21.9891 6.17221
-22.2203 6.26737
-22.4514 6.36254
-22.6826 6.4577
-22.9138 6.55287
-24 7