-25 -10
-24.8232 -9.82322
-24.6464 -9.64645
-24.4697 -9.46967
-24.2929 -9.29289
-24.1161 -9.11612
-23.9393 -8.93934
-23.7626 -8.76256
-23.5858 -8.58578
-23.409 -8.40901
-23.2322 -8.23223
-23.0555 -8.05545
-22.8787 -7.87868
-22.7019 -7.7019
-22.5251 -7.52512
-22.3483 -7.34835
-22.1716 -7.17157
-21.9948 -6.99479
-21.818 -6.81802
-21.6412 -6.64124
-21.4645 -6.46446
-21.2877 -6.28769
-21.1109 -6.11091
-20.9341 -5.93413
-20.7574 -5.75735
-20.5806 -5.58058
-20.4038 -5.4038
-20.227 -5.22702
-20.0502 -5.05025
-19.8735 -4.87347
-19.6967 -4.69669
-19.5199 -4.51992
-19.3431 -4.34314
-19.1664 -4.16636
-18.9896 -3.98959
-18.8128 -3.81281
-18.636 -3.63603
-18.4787 -3.44387
-18.3214 -3.25173
-18.1642 -3.05961
-18.0069 -2.86752
-17.8497 -2.67545
-17.6925 -2.4834
-17.5353 -2.29139
-17.3781 -2.0994
-17.221 -1.90744
-17.0639 -1.71551
-16.9068 -1.5236
-16.7497 -1.33173
-16.5927 -1.13989
-16.4357 -0.948086
-16.2787 -0.756314
-16.1217 -0.564576
-15.9648 -0.372875
-15.8078 -0.181211
-15.651 0.0104143
-15.4941 0.201999
-15.3373 0.393543
-15.1805 0.585043
-15.0238 0.776499
-14.8671 0.967909
-14.7104 1.15927
-14.5538 1.35058
-14.3972 1.54184
-14.2407 1.73305
-14.0842 1.9242
-13.9277 2.11529
-13.7437 2.28449
-13.5596 2.45369
-13.3756 2.62288
-13.1915 2.79208
-13.0075 2.96128
-12.8234 3.13047
-12.6394 3.29967
-12.4553 3.46887
-12.2713 3.63806
-12.0872 3.80726
-11.9032 3.97645
-11.7192 4.14565
-11.5351 4.31485
-11.3511 4.48404
-11.167 4.65324
-10.983 4.82244
-10.7989 4.99163
-10.6149 5.16083
-10.4308 5.33003
-10.2468 5.49922
-10.0628 5.66842
-9.87871 5.83762
-9.69466 6.00681
-9.51062 6.17601
-9.32657 6.34521
-9.14253 6.5144
-8.95848 6.6836
-8.77444 6.8528
-8.59039 7.02199
-8.40635 7.19119
-8.22231 7.36039
-8.03826 7.52958
-7.85422 7.69878
-7.67017 7.86798
-7.48613 8.03717
-7.30208 8.20637
-7.11804 8.37556
-6.93399 8.54476
-6.74995 8.71396
-6.5659 8.88315
-6.38186 9.05235
-6.19781 9.22155
-6.01377 9.39074
-5.82972 9.55994
-5.64568 9.72913
-5.46163 9.89833
-5.27759 10.0675
-5.09354 10.2367
-4.9095 10.4059
-4.72545 10.5751
-4.54141 10.7443
-4.35736 10.9135
-4.17332 11.0827
-3.98927 11.2519
-3.80523 11.4211
-3.62118 11.5903
-3.43714 11.7595
-3.25309 11.9287
-3.06905 12.0979
-2.885 12.2671
-2.70096 12.4363
-2.51691 12.6055
-2.33287 12.7747
-2.14882 12.9439
-1.96478 13.1131
-1.78073 13.2823
-1.59669 13.4514
-1.59669 13.4514
-1.59669 13.4514
-1.59669 13.4514
-1.59669 13.4514
-1.59669 13.4514
-1.59669 13.4514
-1.59669 13.4514
-1.59669 13.4514
-1.59669 13.4514
-1.59669 13.4514
-1.59669 13.4514
-1.59669 13.4514
-1.59669 13.4514
-1.59669 13.4514
-1.59669 13.4514
-1.59669 13.4514
-1.59669 13.4514
-1.59669 13.4514
-1.59669 13.4514
-1.59669 13.4514
-1.59669 13.4514
-1.59669 13.4514
-1.59669 13.4514
-1.59669 13.4514
-1.59669 13.4514
-1.59669 13.4514
-1.59669 13.4514
-1.59669 13.4514
-1.59669 13.4514
-1.59669 13.4514
-1.59669 13.4514
-1.59669 13.4514
-1.59669 13.4514
-1.59669 13.4514
-1.59669 13.4514
-1 14