19 11
18.7803 10.8807
18.5606 10.7615
18.3409 10.6422
18.1211 10.5229
17.9014 10.4036
17.6817 10.2844
17.462 10.1651
17.2423 10.0458
17.0226 9.92654
16.8029 9.80727
16.5832 9.68799
16.3634 9.56872
16.1437 9.44945
15.924 9.33018
15.7043 9.2109
15.4846 9.09163
15.2649 8.97236
15.0452 8.85308
14.8254 8.73381
14.6057 8.61454
14.386 8.49526
14.1663 8.37599
13.9466 8.25672
13.7269 8.13744
13.5072 8.01817
13.2875 7.8989
13.0677 7.77962
12.848 7.66035
12.6283 7.54108
12.4086 7.42181
12.1889 7.30253
11.9692 7.18326
11.7495 7.06399
11.5298 6.94472
11.31 6.82544
11.0903 6.70617
10.8706 6.5869
10.6509 6.46763
10.4312 6.34835
10.2115 6.22908
9.99176 6.10981
9.77205 5.99053
9.55233 5.87126
9.33262 5.75199
9.11291 5.63272
8.89319 5.51344
8.67348 5.39417
8.45377 5.2749
8.23405 5.15562
8.01434 5.03635
7.79463 4.91708
7.57491 4.79781
7.3552 4.67853
7.13549 4.55926
6.91577 4.43999
6.69606 4.32072
6.47635 4.20144
6.25663 4.08217
6.03692 3.9629
5.81721 3.84362
5.59749 3.72435
5.37778 3.60508
5.15807 3.48581
4.93835 3.36653
4.71864 3.24726
4.49893 3.12799
4.27921 3.00871
4.0595 2.88944
3.83979 2.77017
3.62007 2.65089
3.40036 2.53162
3.18065 2.41235
2.96093 2.29308
2.74122 2.1738
2.52151 2.05453
2.30179 1.93526
2.08208 1.81598
1.86237 1.69671
1.64265 1.57744
1.42294 1.45817
1.20323 1.33889
0.983514 1.21962
0.763801 1.10035
0.544087 0.981073
0.324374 0.8618
0.10466 0.742527
-0.115053 0.623255
-0.334766 0.503982
-0.55448 0.384709
-0.774193 0.265436
-0.993906 0.146163
-1.21362 0.0268898
-1.43333 -0.0923831
-1.65305 -0.211656
-1.87276 -0.330929
-2.09247 -0.450202
-2.31219 -0.569475
-2.5319 -0.688748
-2.75161 -0.808021
-2.97133 -0.927294
-3.19104 -1.04657
-3.41075 -1.16584
-3.63047 -1.28511
-3.85018 -1.40439
-4.06989 -1.52366
-4.28961 -1.64293
-4.50932 -1.7622
-4.72903 -1.88148
-4.94875 -2.00075
-5.16846 -2.12002
-5.38817 -2.2393
-5.60789 -2.35857
-5.8276 -2.47784
-6.04731 -2.59711
-6.26703 -2.71639
-6.48674 -2.83566
-6.70645 -2.95493
-6.92617 -3.07421
-7.14588 -3.19348
-7.36559 -3.31275
-7.58531 -3.43203
-7.80502 -3.5513
-8.02473 -3.67057
-8.24445 -3.78984
-8.46416 -3.90912
-8.68387 -4.02839
-8.90359 -4.14766
-9.1233 -4.26694
-9.34301 -4.38621
-9.56273 -4.50548
-9.78244 -4.62475
-10.0022 -4.74403
-10.2219 -4.8633
-10.4416 -4.98257
-10.6613 -5.10184
-10.881 -5.22112
-11.1007 -5.34039
-11.3204 -5.45966
-11.5401 -5.57894
-11.7599 -5.69821
-11.9796 -5.81748
-12.1993 -5.93675
-12.419 -6.05603
-12.6387 -6.1753
-12.8584 -6.29457
-13.0781 -6.41385
-13.2978 -6.53312
-13.5176 -6.65239
-13.7373 -6.77166
-13.957 -6.89094
-14.1767 -7.01021
-14.3964 -7.12948
-14.6161 -7.24876
-14.8358 -7.36803
-15.0556 -7.4873
-15.2753 -7.60657
-15.326 -7.66973
-15.326 -7.66973
-15.326 -7.66973
-15.326 -7.66973
-15.326 -7.66973
-15.326 -7.66973
-15.326 -7.66973
-15.326 -7.66973
-15.326 -7.66973
-15.326 -7.66973
-15.326 -7.66973
-15.326 -7.66973
-16 -8