-3 -17
-2.86447 -16.7899
-2.72894 -16.5799
-2.59341 -16.3698
-2.45787 -16.1597
-2.32234 -15.9496
-2.18681 -15.7396
-2.05128 -15.5295
-1.91575 -15.3194
-1.78022 -15.1093
-1.64468 -14.8993
-1.50915 -14.6892
-1.37362 -14.4791
-1.23809 -14.269
-1.10256 -14.059
-0.964328 -13.86
-0.82614 -13.661
-0.687995 -13.4621
-0.549893 -13.2632
-0.411835 -13.0643
-0.27382 -12.8653
-0.135849 -12.6664
0.00207689 -12.4676
0.139957 -12.2687
0.277792 -12.0698
0.41558 -11.8709
0.553321 -11.6721
0.691014 -11.4733
0.82866 -11.2745
0.966256 -11.0756
1.1038 -10.8768
1.2413 -10.6781
1.37875 -10.4793
1.51614 -10.2805
1.65348 -10.0818
1.79077 -9.88304
1.92801 -9.68432
2.06519 -9.48561
2.20232 -9.28692
2.3394 -9.08823
2.47641 -8.88957
2.61337 -8.69091
2.75027 -8.49227
2.88712 -8.29364
3.0239 -8.09503
3.16062 -7.89643
3.29728 -7.69785
3.43388 -7.49928
3.57042 -7.30073
3.70689 -7.1022
3.8433 -6.90368
3.97964 -6.70517
4.11592 -6.50668
4.25213 -6.30821
4.38504 -6.09647
4.51795 -5.88473
4.65087 -5.67299
4.78378 -5.46125
4.91669 -5.24951
5.04961 -5.03777
5.18252 -4.82603
5.31543 -4.61429
5.44835 -4.40254
5.58126 -4.1908
5.71418 -3.97906
5.84709 -3.76732
5.98 -3.55558
6.11292 -3.34384
6.24583 -3.1321
6.37874 -2.92036
6.51166 -2.70862
6.64457 -2.49688
6.77748 -2.28514
6.9104 -2.0734
7.04331 -1.86166
7.17623 -1.64992
7.30914 -1.43818
7.44205 -1.22644
7.57497 -1.0147
7.70788 -0.80296
7.84079 -0.59122
7.97371 -0.37948
8.10662 -0.167739
8.23953 0.0440008
8.37245 0.255741
8.50536 0.467481
8.63828 0.679222
8.77119 0.890962
8.9041 1.1027
9.03702 1.31444
9.16993 1.52618
9.30284 1.73792
9.43576 1.94966
9.56867 2.1614
9.70158 2.37314
9.8345 2.58488
9.96741 2.79662
10.1003 3.00836
10.2332 3.2201
10.3662 3.43185
10.4991 3.64359
10.632 3.85533
10.7649 4.06707
10.8978 4.27881
11.0307 4.49055
11.1636 4.70229
11.2965 4.91403
11.4295 5.12577
11.5624 5.33751
11.6953 5.54925
11.8282 5.76099
11.9611 5.97273
12.094 6.18447
12.2269 6.39621
12.3599 6.60795
12.4928 6.81969
12.6257 7.03143
12.7586 7.24317
12.8915 7.45491
13.0244 7.66665
13.1573 7.87839
13.2903 8.09013
13.4232 8.30187
13.5561 8.51361
13.689 8.72535
13.8219 8.93709
13.9548 9.14883
14.0877 9.36057
14.2206 9.57231
14.3536 9.78405
14.4865 9.9958
14.6194 10.2075
14.7523 10.4193
14.8852 10.631
15.0181 10.8428
15.151 11.0545
15.284 11.2662
15.4169 11.478
15.5498 11.6897
15.6827 11.9015
15.8156 12.1132
15.9485 12.3249
16.0814 12.5367
16.2144 12.7484
16.3473 12.9602
16.4802 13.1719
16.4802 13.1719
16.4802 13.1719
16.4802 13.1719
16.4802 13.1719
16.4802 13.1719
16.4802 13.1719
16.4802 13.1719
16.4802 13.1719
16.4802 13.1719
16.4802 13.1719
16.4802 13.1719
16.4802 13.1719
16.4802 13.1719
16.4802 13.1719
16.4802 13.1719
16.4802 13.1719
16.4802 13.1719
16.4802 13.1719
16.4802 13.1719
16.4802 13.1719
16.4802 13.1719
16.4802 13.1719
16.4802 13.1719
17 14