18 -16
17.7846 -15.9315
17.5575 -15.8271
17.3303 -15.7227
17.1031 -15.6183
16.876 -15.5139
16.6488 -15.4095
16.4217 -15.3051
16.1945 -15.2007
15.9674 -15.0963
15.7402 -14.9919
15.513 -14.8875
15.2859 -14.7831
15.0587 -14.6787
14.8316 -14.5743
14.6044 -14.4699
14.3773 -14.3655
14.1501 -14.2611
13.9229 -14.1567
13.6958 -14.0523
13.4686 -13.9479
13.2415 -13.8434
13.0143 -13.739
12.7872 -13.6346
12.56 -13.5302
12.3328 -13.4258
12.1057 -13.3214
11.8785 -13.217
11.6514 -13.1126
11.4242 -13.0082
11.1971 -12.9038
10.9699 -12.7994
10.7428 -12.695
10.5156 -12.5906
10.2884 -12.4862
10.0613 -12.3818
9.83413 -12.2774
9.60697 -12.173
9.37981 -12.0686
9.15266 -11.9642
8.9255 -11.8598
8.69834 -11.7554
8.47119 -11.651
8.24403 -11.5466
8.01687 -11.4422
7.78972 -11.3378
7.56256 -11.2334
7.3354 -11.129
7.10825 -11.0246
6.88109 -10.9202
6.65393 -10.8158
6.42678 -10.7114
6.19962 -10.607
5.97246 -10.5026
5.74531 -10.3982
5.51815 -10.2938
5.29099 -10.1894
5.06384 -10.085
4.83668 -9.98058
4.60952 -9.87617
4.38237 -9.77177
4.15521 -9.66737
3.92805 -9.56297
3.7009 -9.45857
3.47374 -9.35416
3.24658 -9.24976
3.01943 -9.14536
2.79227 -9.04096
2.56511 -8.93656
2.33795 -8.83215
2.1108 -8.72775
1.88364 -8.62335
1.65648 -8.51895
1.42933 -8.41455
1.20217 -8.31014
0.975014 -8.20574
0.747857 -8.10134
0.5207 -7.99694
0.293544 -7.89254
0.0663868 -7.78813
-0.16077 -7.68373
-0.387927 -7.57933
-0.615084 -7.47493
-0.84224 -7.37052
-1.0694 -7.26612
-1.29655 -7.16172
-1.52371 -7.05732
-1.75087 -6.95292
-1.97802 -6.84851
-2.20518 -6.74411
-2.43234 -6.63971
-2.65949 -6.53531
-2.88665 -6.43091
-3.11381 -6.3265
-3.34097 -6.2221
-3.56812 -6.1177
-3.79528 -6.0133
-4.02244 -5.9089
-4.24959 -5.80449
-4.47675 -5.70009
-4.70391 -5.59569
-4.93106 -5.49129
-5.15822 -5.38689
-5.15822 -5.38689
-5.15822 -5.38689
-5.15822 -5.38689
-5.15822 -5.38689
-5.15822 -5.38689
-5.15822 -5.38689
-5.15822 -5.38689
-5.15822 -5.38689
-5.15822 -5.38689
-5.15822 -5.38689
-5.15822 -5.38689
-5.15822 -5.38689
-5.15822 -5.38689
-5.15822 -5.38689
-5.15822 -5.38689
-5.15822 -5.38689
-6 -5