14 -4
13.8803 -3.78053
13.7606 -3.56105
13.6409 -3.34158
13.5211 -3.1221
13.4014 -2.90263
13.2817 -2.68316
13.162 -2.46368
13.0423 -2.24421
12.9226 -2.02474
12.8029 -1.80526
12.6832 -1.58579
12.5634 -1.36631
12.4437 -1.14684
12.324 -0.927366
12.2043 -0.707892
12.0846 -0.488419
11.9649 -0.268945
11.8452 -0.0494708
11.7192 0.149495
11.5936 0.348359
11.4683 0.547119
11.3433 0.745768
11.2188 0.944302
11.0946 1.14271
10.9709 1.34099
10.8476 1.53914
10.7248 1.73714
10.6025 1.93499
10.4807 2.13268
10.3595 2.3302
10.2389 2.52753
10.1189 2.72466
9.99962 2.92159
9.88108 3.11828
9.76336 3.31473
9.6465 3.51092
9.5306 3.70681
9.41573 3.90239
9.302 4.09762
9.18953 4.29247
9.07846 4.48689
8.96895 4.68083
8.8612 4.87423
8.75546 5.06703
8.65202 5.25912
8.55126 5.45039
8.45367 5.6407
8.35988 5.82985
8.27076 6.01757
8.18753 6.2035
8.18753 6.2035
8.18753 6.2035
8.18753 6.2035
8.18753 6.2035
8.18753 6.2035
8.18753 6.2035
8.18753 6.2035
8.18753 6.2035
8.18753 6.2035
8.18753 6.2035
8.18753 6.2035
8.18753 6.2035
8.18753 6.2035
8.18753 6.2035
8.18753 6.2035
8.18753 6.2035
8.18753 6.2035
8.18753 6.2035
8.18753 6.2035
8.18753 6.2035
8.18753 6.2035
8.18753 6.2035
8.18753 6.2035
8.18753 6.2035
8.18753 6.2035
8.18753 6.2035
8.18753 6.2035
8.18753 6.2035
8.18753 6.2035
8.18753 6.2035
8.18753 6.2035
8.18753 6.2035
8.18753 6.2035
8.18753 6.2035
8.18753 6.2035
8.18753 6.2035
8.18753 6.2035
8.18753 6.2035
8.18753 6.2035
8.18753 6.2035
8.18753 6.2035
8.18753 6.2035
8.18753 6.2035
8.18753 6.2035
8.18753 6.2035
8.18753 6.2035
8.18753 6.2035
8.18753 6.2035
8.18753 6.2035
8.18753 6.2035
8.18753 6.2035
8.18753 6.2035
8.18753 6.2035
8.18753 6.2035
8.18753 6.2035
8.18753 6.2035
8.18753 6.2035
8.18753 6.2035
8.18753 6.2035
8.18753 6.2035
8.18753 6.2035
8.18753 6.2035
8.18753 6.2035
8.18753 6.2035
8.18753 6.2035
8.18753 6.2035
8.18753 6.2035
8.18753 6.2035
8 7