22 -8
21.9657 -7.87441
21.8019 -7.68559
21.638 -7.49678
21.4742 -7.30796
21.3103 -7.11915
21.1465 -6.93034
20.9826 -6.74152
20.8188 -6.55271
20.6549 -6.36389
20.491 -6.17508
20.3272 -5.98626
20.1633 -5.79745
19.9995 -5.60863
19.8356 -5.41982
19.6718 -5.23101
19.5079 -5.04219
19.344 -4.85338
19.1802 -4.66456
19.0163 -4.47575
18.8525 -4.28693
18.6886 -4.09812
18.5248 -3.90931
18.3609 -3.72049
18.197 -3.53168
18.0332 -3.34286
17.8693 -3.15405
17.7055 -2.96524
17.5416 -2.77642
17.3778 -2.58761
17.2139 -2.39879
17.05 -2.20998
16.8862 -2.02116
16.7223 -1.83235
16.5585 -1.64354
16.5585 -1.64354
16.5585 -1.64354
16.5585 -1.64354
16.5585 -1.64354
16.5585 -1.64354
16.5585 -1.64354
16.5585 -1.64354
16.5585 -1.64354
16.5585 -1.64354
16.5585 -1.64354
16.5585 -1.64354
16.5585 -1.64354
16.5585 -1.64354
16.5585 -1.64354
16.5585 -1.64354
16.5585 -1.64354
16.5585 -1.64354
16.5585 -1.64354
16.5585 -1.64354
16.5585 -1.64354
16.5585 -1.64354
16.5585 -1.64354
16.5585 -1.64354
16.5585 -1.64354
16.5585 -1.64354
16.5585 -1.64354
16.5585 -1.64354
16.5585 -1.64354
16.5585 -1.64354
16.5585 -1.64354
16.5585 -1.64354
16.5585 -1.64354
16.5585 -1.64354
16.5585 -1.64354
16.5585 -1.64354
16.5585 -1.64354
16.5585 -1.64354
16.5585 -1.64354
16.5585 -1.64354
16.5585 -1.64354
16.5585 -1.64354
16.5585 -1.64354
16.5585 -1.64354
16.5585 -1.64354
16.5585 -1.64354
16.5585 -1.64354
16.5585 -1.64354
16.5585 -1.64354
16.5585 -1.64354
16.5585 -1.64354
16.5585 -1.64354
16.5585 -1.64354
16.5585 -1.64354
16.5585 -1.64354
16.5585 -1.64354
16.5585 -1.64354
16.5585 -1.64354
16.5585 -1.64354
16.5585 -1.64354
16.5585 -1.64354
16.5585 -1.64354
16.5585 -1.64354
16.5585 -1.64354
16.5585 -1.64354
16.5585 -1.64354
16.5585 -1.64354
16.5585 -1.64354
16.5585 -1.64354
16.5585 -1.64354
16.5585 -1.64354
16.5585 -1.64354
16.5585 -1.64354
16.5585 -1.64354
16.5585 -1.64354
16.5585 -1.64354
16.5585 -1.64354
16.5585 -1.64354
16.5585 -1.64354
16.5585 -1.64354
16.5585 -1.64354
16.5585 -1.64354
16.5585 -1.64354
16.5585 -1.64354
16.5585 -1.64354
16 -1