-23 -11
-22.7735 -11.1057
-22.5469 -11.2114
-22.3204 -11.3172
-22.0938 -11.4229
-21.8673 -11.5286
-21.6407 -11.6343
-21.4142 -11.7401
-21.1876 -11.8458
-20.9611 -11.9515
-20.7345 -12.0572
-20.508 -12.1629
-20.2815 -12.2687
-20.0549 -12.3744
-19.8284 -12.4801
-19.6018 -12.5858
-19.3753 -12.6915
-19.1487 -12.7973
-18.9222 -12.903
-18.6956 -13.0087
-18.4691 -13.1144
-18.2425 -13.2202
-18.016 -13.3259
-17.7895 -13.4316
-17.5629 -13.5373
-17.3364 -13.643
-17.1098 -13.7488
-16.8833 -13.8545
-16.6567 -13.9602
-16.4302 -14.0659
-16.2036 -14.1716
-15.9771 -14.2774
-15.7505 -14.3831
-15.524 -14.4888
-15.2975 -14.5945
-15.0709 -14.7003
-14.8444 -14.806
-14.6178 -14.9117
-14.3913 -15.0174
-14.1647 -15.1231
-13.9382 -15.2289
-13.7116 -15.3346
-13.4851 -15.4403
-13.2585 -15.546
-13.032 -15.6517
-12.8054 -15.7575
-12.5789 -15.8632
-12.3524 -15.9689
-12.1258 -16.0746
-11.8993 -16.1804
-11.6727 -16.2861
-11.4462 -16.3918
-11.2196 -16.4975
-10.9931 -16.6032
-10.7665 -16.709
-10.54 -16.8147
-10.3134 -16.9204
-10.0869 -17.0261
-9.86035 -17.1318
-9.6338 -17.2376
-9.40726 -17.3433
-9.18071 -17.449
-8.95417 -17.5547
-8.72762 -17.6604
-8.72762 -17.6604
-8.72762 -17.6604
-8.72762 -17.6604
-8.72762 -17.6604
-8.72762 -17.6604
-8.72762 -17.6604
-8.72762 -17.6604
-8.72762 -17.6604
-8.72762 -17.6604
-8.72762 -17.6604
-8.72762 -17.6604
-8.72762 -17.6604
-8.72762 -17.6604
-8.72762 -17.6604
-8.72762 -17.6604
-8.72762 -17.6604
-8.72762 -17.6604
-8.72762 -17.6604
-8.72762 -17.6604
-8.72762 -17.6604
-8.72762 -17.6604
-8.72762 -17.6604
-8.72762 -17.6604
-8.72762 -17.6604
-8.72762 -17.6604
-8.72762 -17.6604
-8.72762 -17.6604
-8.72762 -17.6604
-8.72762 -17.6604
-8.72762 -17.6604
-8.72762 -17.6604
-8.72762 -17.6604
-8.72762 -17.6604
-8.72762 -17.6604
-8.72762 -17.6604
-8.72762 -17.6604
-8.72762 -17.6604
-8.72762 -17.6604
-8.72762 -17.6604
-8.72762 -17.6604
-8.72762 -17.6604
-8.72762 -17.6604
-8.72762 -17.6604
-8.72762 -17.6604
-8.72762 -17.6604
-8.72762 -17.6604
-8.72762 -17.6604
-8.72762 -17.6604
-8.72762 -17.6604
-8.72762 -17.6604
-8.72762 -17.6604
-8.72762 -17.6604
-8.72762 -17.6604
-8.72762 -17.6604
-8.72762 -17.6604
-8 -18