-6 5
-5.75844 5.06442
-5.51688 5.12883
-5.27532 5.19325
-5.03377 5.25766
-4.79221 5.32208
-4.55065 5.38649
-4.30909 5.45091
-4.06753 5.51532
-3.82597 5.57974
-3.58441 5.64415
-3.34286 5.70857
-3.1013 5.77299
-2.85974 5.8374
-2.61818 5.90182
-2.37662 5.96623
-2.13506 6.03065
-1.8935 6.09506
-1.65194 6.15948
-1.40413 6.2444
-1.15622 6.3293
-0.908232 6.41417
-0.66015 6.49901
-0.411976 6.58383
-0.163708 6.66861
0.0846546 6.75337
0.333114 6.8381
0.581671 6.9228
0.830329 7.00746
1.07909 7.0921
1.32795 7.17671
1.57692 7.26128
1.82599 7.34582
2.07518 7.43033
2.32448 7.5148
2.57389 7.59924
2.82341 7.68364
3.07305 7.768
3.32282 7.85233
3.5727 7.93663
3.82272 8.02088
4.07285 8.1051
4.32312 8.18927
4.57353 8.27341
4.82406 8.3575
5.07474 8.44155
5.32556 8.52556
5.57652 8.60952
5.82763 8.69344
6.0789 8.77732
6.33032 8.86114
6.58189 8.94492
6.82538 9.0016
7.06887 9.05829
7.31236 9.11498
7.55585 9.17166
7.79933 9.22835
8.04282 9.28504
8.28631 9.34172
8.5298 9.39841
8.77329 9.4551
9.01678 9.51178
9.26026 9.56847
9.50375 9.62515
9.74724 9.68184
9.99073 9.73853
10.2342 9.79521
10.4777 9.8519
10.7212 9.90859
10.9647 9.96527
11.2082 10.022
11.4517 10.0786
11.6951 10.1353
11.9386 10.192
12.1821 10.2487
12.4256 10.3054
12.6691 10.3621
12.9126 10.4188
13.1561 10.4755
13.3996 10.5321
13.6431 10.5888
13.8865 10.6455
14.13 10.7022
14.3735 10.7589
14.617 10.8156
14.8605 10.8723
15.104 10.9289
15.3475 10.9856
15.591 11.0423
15.8344 11.099
16.0779 11.1557
16.3214 11.2124
16.5649 11.2691
16.8084 11.3257
17.0519 11.3824
17.2954 11.4391
17.5389 11.4958
17.7824 11.5525
18.0258 11.6092
18.2693 11.6659
18.5128 11.7225
18.7563 11.7792
18.9998 11.8359
19.2433 11.8926
19.4868 11.9493
19.7303 12.006
19.9738 12.0627
20.2172 12.1193
20.4607 12.176
20.7042 12.2327
20.9477 12.2894
21.1912 12.3461
21.4347 12.4028
21.6782 12.4595
21.9217 12.5161
22.1651 12.5728
22.4086 12.6295
22.6521 12.6862
22.8956 12.7429
24 13