17 -24
16.7507 -23.9815
16.5014 -23.9631
16.252 -23.9446
16.0027 -23.9261
15.7534 -23.9077
15.5041 -23.8892
15.2548 -23.8707
15.0055 -23.8523
14.7561 -23.8338
14.5068 -23.8153
14.2575 -23.7969
14.0082 -23.7784
13.7589 -23.7599
13.5096 -23.7414
13.2602 -23.723
13.0109 -23.7045
12.7616 -23.686
12.5123 -23.6676
12.263 -23.6491
12.0137 -23.6306
11.7643 -23.6122
11.515 -23.5937
11.2657 -23.5752
11.0164 -23.5568
10.7671 -23.5383
10.5178 -23.5198
10.2684 -23.5014
10.0191 -23.4829
9.7698 -23.4644
9.52048 -23.446
9.27117 -23.4275
9.02185 -23.409
8.77253 -23.3906
8.52322 -23.3721
8.2739 -23.3536
8.02458 -23.3352
7.77526 -23.3167
7.52595 -23.2982
7.27663 -23.2797
7.02731 -23.2613
6.778 -23.2428
6.52868 -23.2243
6.27936 -23.2059
6.03004 -23.1874
5.78073 -23.1689
5.53141 -23.1505
5.28209 -23.132
5.03278 -23.1135
4.78346 -23.0951
4.53414 -23.0766
4.28482 -23.0581
4.03551 -23.0397
3.78619 -23.0212
3.53687 -23.0027
3.28756 -22.9843
3.03824 -22.9658
2.78892 -22.9473
2.53961 -22.9289
2.29029 -22.9104
2.04097 -22.8919
1.79165 -22.8735
1.54234 -22.855
1.29302 -22.8365
1.0437 -22.8181
0.794387 -22.7996
0.54507 -22.7811
0.295753 -22.7626
0.0464363 -22.7442
-0.202881 -22.7257
-0.452198 -22.7072
-0.701514 -22.6888
-0.950831 -22.6703
-1.20015 -22.6518
-1.44947 -22.6334
-1.69878 -22.6149
-1.9481 -22.5964
-2.19742 -22.578
-2.44673 -22.5595
-2.69605 -22.541
-2.94537 -22.5226
-3.19468 -22.5041
-3.444 -22.4856
-3.69332 -22.4672
-3.94263 -22.4487
-4.19195 -22.4302
-4.44127 -22.4118
-4.69059 -22.3933
-4.9399 -22.3748
-5.18922 -22.3564
-5.43854 -22.3379
-5.68785 -22.3194
-5.93717 -22.3009
-6.18649 -22.2825
-6.43581 -22.264
-6.68512 -22.2455
-6.93444 -22.2271
-7.18376 -22.2086
-7.43307 -22.1901
-7.68239 -22.1717
-7.93171 -22.1532
-8.18103 -22.1347
-8.43034 -22.1163
-8.67966 -22.0978
-8.92898 -22.0793
-9.1783 -22.0609
-9.1783 -22.0609
-9.1783 -22.0609
-9.1783 -22.0609
-9.1783 -22.0609
-9.1783 -22.0609
-9.1783 -22.0609
-9.1783 -22.0609
-9.1783 -22.0609
-9.1783 -22.0609
-9.1783 -22.0609
-9.1783 -22.0609
-9.1783 -22.0609
-9.1783 -22.0609
-9.1783 -22.0609
-9.1783 -22.0609
-9.1783 -22.0609
-9.1783 -22.0609
-9.1783 -22.0609
-9.1783 -22.0609
-9.1783 -22.0609
-9.1783 -22.0609
-9.1783 -22.0609
-9.1783 -22.0609
-9.1783 -22.0609
-9.1783 -22.0609
-9.1783 -22.0609
-9.1783 -22.0609
-9.1783 -22.0609
-9.1783 -22.0609
-9.1783 -22.0609
-9.1783 -22.0609
-9.1783 -22.0609
-9.1783 -22.0609
-9.1783 -22.0609
-9.1783 -22.0609
-9.1783 -22.0609
-9.1783 -22.0609
-9.1783 -22.0609
-9.1783 -22.0609
-9.1783 -22.0609
-9.1783 -22.0609
-9.1783 -22.0609
-9.1783 -22.0609
-9.1783 -22.0609
-9.1783 -22.0609
-9.1783 -22.0609
-9.1783 -22.0609
-9.1783 -22.0609
-9.1783 -22.0609
-9.1783 -22.0609
-9.1783 -22.0609
-9.1783 -22.0609
-9.1783 -22.0609
-9.1783 -22.0609
-9.1783 -22.0609
-9.1783 -22.0609
-9.1783 -22.0609
-9.1783 -22.0609
-9.1783 -22.0609
-9.1783 -22.0609
-9.1783 -22.0609
-9.1783 -22.0609
-9.1783 -22.0609
-9.1783 -22.0609
-9.1783 -22.0609
-9.1783 -22.0609
-10 -22