-6 9
-5.82322 8.82322
-5.64645 8.64645
-5.46967 8.46967
-5.29289 8.29289
-5.11612 8.11612
-4.93934 7.93934
-4.76256 7.76256
-4.58578 7.58578
-4.40901 7.40901
-4.23223 7.23223
-4.05545 7.05545
-3.87868 6.87868
-3.7019 6.7019
-3.52512 6.52512
-3.34835 6.34835
-3.17157 6.17157
-2.99479 5.99479
-2.81802 5.81802
-2.64124 5.64124
-2.46446 5.46446
-2.28769 5.28769
-2.11091 5.11091
-1.93413 4.93413
-1.75736 4.75735
-1.58058 4.58058
-1.4038 4.4038
-1.22703 4.22702
-1.05025 4.05025
-0.873474 3.87347
-0.696698 3.69669
-0.519921 3.51992
-0.343144 3.34314
-0.166367 3.16636
0.0104093 2.98959
0.187186 2.81281
0.363963 2.63603
0.540739 2.45926
0.717516 2.28248
0.894293 2.1057
1.07107 1.92893
1.24785 1.75215
1.42462 1.57537
1.6014 1.3986
1.77818 1.22182
1.95495 1.04504
2.13173 0.868268
2.30851 0.691491
2.48528 0.514714
2.66206 0.337938
2.83884 0.161161
3.01561 -0.0156159
3.19239 -0.192393
3.36917 -0.369169
3.54594 -0.545946
3.72272 -0.722723
3.8995 -0.899499
4.07627 -1.07628
4.25305 -1.25305
4.42983 -1.42983
4.6066 -1.60661
4.78338 -1.78338
4.96016 -1.96016
5.13693 -2.13694
5.31371 -2.31371
5.49049 -2.49049
5.66726 -2.66727
5.84404 -2.84404
6.02082 -3.02082
6.1976 -3.1976
6.37437 -3.37437
6.55115 -3.55115
6.72793 -3.72793
6.9047 -3.9047
7.08148 -4.08148
7.25826 -4.25826
7.43503 -4.43503
7.61181 -4.61181
7.78859 -4.78859
7.96536 -4.96536
8.14214 -5.14214
8.31892 -5.31892
8.4957 -5.49569
8.67247 -5.67247
8.84925 -5.84925
9.02603 -6.02602
9.2028 -6.2028
9.37958 -6.37958
9.55636 -6.55636
9.73313 -6.73313
9.90991 -6.90991
10.0867 -7.08669
10.2635 -7.26346
10.4402 -7.44024
10.617 -7.61702
10.7938 -7.79379
10.9706 -7.97057
11.1473 -8.14735
11.3241 -8.32412
11.5009 -8.5009
11.6777 -8.67768
11.8545 -8.85445
12.0312 -9.03123
12.208 -9.20801
12.3848 -9.38479
12.5616 -9.56156
12.7383 -9.73834
12.9151 -9.91512
13.0919 -10.0919
13.2687 -10.2687
13.4454 -10.4454
13.6222 -10.6222
13.799 -10.799
13.9758 -10.9758
14.1526 -11.1526
14.3293 -11.3293
14.5061 -11.5061
14.6829 -11.6829
14.8597 -11.8597
15.0364 -12.0364
15.2132 -12.2132
15.39 -12.39
15.5668 -12.5668
15.7435 -12.7435
15.9203 -12.9203
16.0971 -13.0971
16.2739 -13.2739
16.4507 -13.4507
16.4507 -13.4507
16.4507 -13.4507
16.4507 -13.4507
16.4507 -13.4507
16.4507 -13.4507
16.4507 -13.4507
16.4507 -13.4507
16.4507 -13.4507
16.4507 -13.4507
16.4507 -13.4507
16.4507 -13.4507
16.4507 -13.4507
16.4507 -13.4507
16.4507 -13.4507
16.4507 -13.4507
16.4507 -13.4507
16.4507 -13.4507
16.4507 -13.4507
16.4507 -13.4507
16.4507 -13.4507
16.4507 -13.4507
16.4507 -13.4507
16.4507 -13.4507
16.4507 -13.4507
16.4507 -13.4507
16.4507 -13.4507
16.4507 -13.4507
16.4507 -13.4507
16.4507 -13.4507
16.4507 -13.4507
16.4507 -13.4507
16.4507 -13.4507
16.4507 -13.4507
16.4507 -13.4507
16.4507 -13.4507
16.4507 -13.4507
16.4507 -13.4507
16.4507 -13.4507
16.4507 -13.4507
16.4507 -13.4507
16.4507 -13.4507
16.4507 -13.4507
16.4507 -13.4507
16.4507 -13.4507
17 -14