7 -10
6.80478 -10.1562
6.60957 -10.3123
6.41435 -10.4685
6.21913 -10.6247
6.02391 -10.7809
5.8287 -10.937
5.63348 -11.0932
5.43826 -11.2494
5.24305 -11.4056
5.04783 -11.5617
4.85261 -11.7179
4.65739 -11.8741
4.46218 -12.0303
4.26696 -12.1864
4.07174 -12.3426
3.87653 -12.4988
3.68131 -12.655
3.48609 -12.8111
3.29087 -12.9673
3.09566 -13.1235
2.90044 -13.2796
2.70522 -13.4358
2.66745 -13.4178
2.66745 -13.4178
2.66745 -13.4178
2.66745 -13.4178
2.66745 -13.4178
2.66745 -13.4178
2.66745 -13.4178
2.66745 -13.4178
2.66745 -13.4178
2.66745 -13.4178
2.66745 -13.4178
2.66745 -13.4178
2.66745 -13.4178
2.66745 -13.4178
2.66745 -13.4178
2.66745 -13.4178
2.66745 -13.4178
2.66745 -13.4178
2.66745 -13.4178
2.66745 -13.4178
2.66745 -13.4178
2.66745 -13.4178
2.66745 -13.4178
2.66745 -13.4178
2.66745 -13.4178
2.66745 -13.4178
2.66745 -13.4178
2.66745 -13.4178
2.66745 -13.4178
2.66745 -13.4178
2.66745 -13.4178
2.66745 -13.4178
2.66745 -13.4178
2.66745 -13.4178
2.66745 -13.4178
2.66745 -13.4178
2.66745 -13.4178
2.66745 -13.4178
2.66745 -13.4178
2.66745 -13.4178
2.66745 -13.4178
2.66745 -13.4178
2.66745 -13.4178
2.66745 -13.4178
2.66745 -13.4178
2.66745 -13.4178
2.66745 -13.4178
2.66745 -13.4178
2.66745 -13.4178
2.66745 -13.4178
2.66745 -13.4178
2.66745 -13.4178
2.66745 -13.4178
2.66745 -13.4178
2.66745 -13.4178
2.66745 -13.4178
2.66745 -13.4178
2.66745 -13.4178
2.66745 -13.4178
2.66745 -13.4178
2.66745 -13.4178
2.66745 -13.4178
2.66745 -13.4178
2.66745 -13.4178
2.66745 -13.4178
2.66745 -13.4178
2.66745 -13.4178
2.66745 -13.4178
2.66745 -13.4178
2.66745 -13.4178
2.66745 -13.4178
2.66745 -13.4178
2.66745 -13.4178
2.66745 -13.4178
2.66745 -13.4178
2.66745 -13.4178
2.66745 -13.4178
2.66745 -13.4178
2.66745 -13.4178
2.66745 -13.4178
2.66745 -13.4178
2.66745 -13.4178
2.66745 -13.4178
2.66745 -13.4178
2.66745 -13.4178
2.66745 -13.4178
2.66745 -13.4178
2.66745 -13.4178
2.66745 -13.4178
2.66745 -13.4178
2.66745 -13.4178
2.66745 -13.4178
2.66745 -13.4178
2.66745 -13.4178
2.66745 -13.4178
2.66745 -13.4178
2.66745 -13.4178
2.66745 -13.4178
2.66745 -13.4178
2.66745 -13.4178
2.66745 -13.4178
2.66745 -13.4178
2.66745 -13.4178
2.66745 -13.4178
2.66745 -13.4178
2.66745 -13.4178
2.66745 -13.4178
2.66745 -13.4178
2.66745 -13.4178
2.66745 -13.4178
2.66745 -13.4178
2.66745 -13.4178
2.66745 -13.4178
2.66745 -13.4178
2.66745 -13.4178
2.66745 -13.4178
2.66745 -13.4178
2.66745 -13.4178
2.66745 -13.4178
2.66745 -13.4178
2.66745 -13.4178
2.66745 -13.4178
2.66745 -13.4178
2.66745 -13.4178
2.66745 -13.4178
2.66745 -13.4178
2.66745 -13.4178
2.66745 -13.4178
2.66745 -13.4178
2.66745 -13.4178
2.66745 -13.4178
2.66745 -13.4178
2.66745 -13.4178
2.66745 -13.4178
2.66745 -13.4178
2.66745 -13.4178
2.66745 -13.4178
2.66745 -13.4178
2.66745 -13.4178
2.66745 -13.4178
2.66745 -13.4178
2.66745 -13.4178
2.66745 -13.4178
2.66745 -13.4178
2.66745 -13.4178
2.66745 -13.4178
2.66745 -13.4178
2.66745 -13.4178
2.66745 -13.4178
2 -14