-16 16
-15.7764 16.1118
-15.5528 16.2236
-15.3292 16.3354
-15.1056 16.4472
-14.882 16.559
-14.6584 16.6708
-14.4348 16.7826
-14.2111 16.8944
-13.9875 17.0062
-13.7639 17.118
-13.5403 17.2298
-13.3167 17.3416
-13.0931 17.4534
-12.8695 17.5652
-12.6459 17.677
-12.4223 17.7888
-12.1987 17.9007
-11.9751 18.0125
-11.7515 18.1243
-11.5279 18.2361
-11.3043 18.3479
-11.0806 18.4597
-10.857 18.5715
-10.6334 18.6833
-10.4098 18.7951
-10.1862 18.9069
-9.96261 19.0187
-9.739 19.1305
-9.5154 19.2423
-9.29179 19.3541
-9.06818 19.4659
-8.84457 19.5777
-8.62097 19.6895
-8.39736 19.8013
-8.17375 19.9131
-7.95015 20.0249
-7.72654 20.1367
-7.50293 20.2485
-7.27933 20.3603
-7.05572 20.4721
-6.83211 20.5839
-6.60851 20.6957
-6.3849 20.8075
-6.16129 20.9193
-5.93769 21.0311
-5.71408 21.1429
-5.49047 21.2547
-5.26687 21.3665
-5.04326 21.4784
-4.81965 21.5902
-4.59605 21.702
-4.37244 21.8138
-4.14883 21.9256
-3.92523 22.0374
-3.70162 22.1492
-3.47801 22.261
-3.25441 22.3728
-3.0308 22.4846
-2.80719 22.5964
-2.58359 22.7082
-2.35998 22.82
-2.13637 22.9318
-1.91277 23.0436
-1.68916 23.1554
-1.46556 23.2672
-1.24195 23.379
-1.01834 23.4908
-0.794736 23.6026
-0.794736 23.6026
-0.794736 23.6026
-0.794736 23.6026
-0.794736 23.6026
-0.794736 23.6026
-0.794736 23.6026
-0.794736 23.6026
-0.794736 23.6026
-0.794736 23.6026
-0.794736 23.6026
-0.794736 23.6026
-0.794736 23.6026
-0.794736 23.6026
-0.794736 23.6026
-0.794736 23.6026
-0.794736 23.6026
-0.794736 23.6026
-0.794736 23.6026
-0.794736 23.6026
-0.794736 23.6026
-0.794736 23.6026
-0.794736 23.6026
-0.794736 23.6026
-0.794736 23.6026
-0.794736 23.6026
-0.794736 23.6026
-0.794736 23.6026
-0.794736 23.6026
-0.794736 23.6026
-0.794736 23.6026
-0.794736 23.6026
-0.794736 23.6026
-0.794736 23.6026
-0.794736 23.6026
-0.794736 23.6026
-0.794736 23.6026
-0.794736 23.6026
-0.794736 23.6026
-0.794736 23.6026
-0.794736 23.6026
-0.794736 23.6026
-0.794736 23.6026
-0.794736 23.6026
-0.794736 23.6026
-0.794736 23.6026
-0.794736 23.6026
-0.794736 23.6026
-0.794736 23.6026
-0.794736 23.6026
-0.794736 23.6026
-0.794736 23.6026
-0.794736 23.6026
-0.794736 23.6026
-0.794736 23.6026
-0.794736 23.6026
-0.794736 23.6026
-0.794736 23.6026
-0.794736 23.6026
-0.794736 23.6026
-0.794736 23.6026
-0.794736 23.6026
-0.794736 23.6026
-0.794736 23.6026
-0.794736 23.6026
-0.794736 23.6026
-0.794736 23.6026
-0.794736 23.6026
-0.794736 23.6026
-0.794736 23.6026
-0.794736 23.6026
-0.794736 23.6026
-0.794736 23.6026
-0.794736 23.6026
-0.794736 23.6026
-0.794736 23.6026
-0.794736 23.6026
-0.794736 23.6026
-0.794736 23.6026
-0.794736 23.6026
-0.794736 23.6026
-0.794736 23.6026
-0.794736 23.6026
-0.794736 23.6026
-0.794736 23.6026
-0.794736 23.6026
-0.794736 23.6026
-0.794736 23.6026
-0.794736 23.6026
-0.794736 23.6026
-0.794736 23.6026
-0.794736 23.6026
-0.794736 23.6026
-0.794736 23.6026
-0.794736 23.6026
-0.794736 23.6026
-0.794736 23.6026
-0.794736 23.6026
-0.794736 23.6026
-0.794736 23.6026
-0.794736 23.6026
-0.794736 23.6026
-0.794736 23.6026
-0.794736 23.6026
0 24