-2 -22
-2.11408 -21.7775
-2.22816 -21.5551
-2.34224 -21.3326
-2.45632 -21.1102
-2.5704 -20.8877
-2.68448 -20.6653
-2.79855 -20.4428
-2.91263 -20.2204
-3.02671 -19.9979
-3.14079 -19.7755
-3.25487 -19.553
-3.36895 -19.3306
-3.48303 -19.1081
-3.59711 -18.8856
-3.71119 -18.6632
-3.82527 -18.4407
-3.93935 -18.2183
-4.05343 -17.9958
-4.16751 -17.7734
-4.28158 -17.5509
-4.39566 -17.3285
-4.50974 -17.106
-4.62382 -16.8836
-4.7379 -16.6611
-4.85198 -16.4386
-4.96606 -16.2162
-5.08014 -15.9937
-5.19422 -15.7713
-5.3083 -15.5488
-5.42237 -15.3264
-5.53645 -15.1039
-5.65053 -14.8815
-5.76461 -14.659
-5.87869 -14.4366
-5.99277 -14.2141
-6.10685 -13.9917
-6.22093 -13.7692
-6.33501 -13.5467
-6.44909 -13.3243
-6.56316 -13.1018
-6.67724 -12.8794
-6.79132 -12.6569
-6.9054 -12.4345
-7.01948 -12.212
-7.13356 -11.9896
-7.24764 -11.7671
-7.36172 -11.5447
-7.4758 -11.3222
-7.58988 -11.0998
-7.70395 -10.8773
-7.81803 -10.6548
-7.93211 -10.4324
-8.04619 -10.2099
-8.16027 -9.98748
-8.27435 -9.76503
-8.38843 -9.54257
-8.50251 -9.32012
-8.61659 -9.09766
-8.73067 -8.87521
-8.84475 -8.65276
-8.95883 -8.4303
-9.07291 -8.20785
-9.18699 -7.98539
-9.30107 -7.76294
-9.41514 -7.54048
-9.52922 -7.31803
-9.6433 -7.09557
-9.75738 -6.87312
-9.87146 -6.65067
-9.98554 -6.42821
-10.0996 -6.20576
-10.2137 -5.9833
-10.3278 -5.76085
-10.4419 -5.53839
-10.5559 -5.31594
-10.67 -5.09348
-10.7841 -4.87103
-10.8982 -4.64857
-11.0123 -4.42612
-11.1263 -4.20367
-11.2404 -3.98121
-11.3545 -3.75876
-11.4686 -3.5363
-11.5827 -3.31385
-11.6967 -3.09139
-11.8108 -2.86894
-11.9249 -2.64648
-12.039 -2.42403
-12.1531 -2.20158
-12.2671 -1.97912
-12.3812 -1.75667
-12.4953 -1.53421
-12.6094 -1.31176
-12.7234 -1.0893
-12.8375 -0.866849
-12.9516 -0.644395
-13.0657 -0.42194
-13.1798 -0.199486
-13.2938 0.0229686
-13.4079 0.245423
-13.522 0.467877
-13.6361 0.690332
-13.7502 0.912786
-13.8642 1.13524
-13.9783 1.3577
-14.0924 1.58015
-14.2065 1.8026
-14.3206 2.02506
-14.4346 2.24751
-14.5487 2.46997
-14.6628 2.69242
-14.7769 2.91488
-14.891 3.13733
-15.005 3.35979
-15.1191 3.58224
-15.2332 3.80469
-15.3473 4.02715
-15.4613 4.2496
-15.5754 4.47206
-15.6895 4.69451
-15.8036 4.91697
-15.9177 5.13942
-16.0317 5.36188
-16.1458 5.58433
-16.2599 5.80679
-16.374 6.02924
-16.4881 6.25169
-16.6021 6.47415
-16.7162 6.6966
-16.8303 6.91906
-16.9444 7.14151
-17.0584 7.36397
-17.1725 7.58642
-17.2866 7.80888
-17.4007 8.03133
-17.5148 8.25379
-17.6288 8.47624
-17.7429 8.69869
-17.857 8.92115
-17.9711 9.1436
-18.0852 9.36606
-18.1992 9.58851
-18.3133 9.81096
-18.4274 10.0334
-18.5415 10.2559
-18.6555 10.4783
-18.7696 10.7008
-18.8837 10.9232
-18.9978 11.1457
-19.1119 11.3681
-19.2259 11.5906
-19.34 11.8131
-19.4541 12.0355
-19.5682 12.258
-19.6823 12.4804
-19.7963 12.7029
-19.9104 12.9253
-20.0245 13.1478
-20.1386 13.3702
-20.2527 13.5927
-20.3667 13.8151
-20.4808 14.0376
-20.5949 14.26
-20.709 14.4825
-20.823 14.705
-20.9371 14.9274
-21.0512 15.1499
-21.1653 15.3723
-21.2794 15.5948
-21.3934 15.8172
-21.5075 16.0397
-22 17