-11 13
-11.0146 12.8686
-10.9374 12.6308
-10.8603 12.393
-10.7831 12.1552
-10.706 11.9174
-10.6288 11.6796
-10.5517 11.4418
-10.4746 11.204
-10.3974 10.9662
-10.3203 10.7284
-10.2431 10.4906
-10.166 10.2529
-10.0888 10.0151
-10.0117 9.77725
-9.93451 9.53945
-9.85736 9.30166
-9.78021 9.06386
-9.70307 8.82606
-9.62592 8.58826
-9.54877 8.35046
-9.47162 8.11266
-9.39447 7.87486
-9.31732 7.63706
-9.24018 7.39927
-9.16303 7.16147
-9.08588 6.92367
-9.00873 6.68587
-8.93158 6.44807
-8.85443 6.21027
-8.77728 5.97247
-8.70014 5.73468
-8.62299 5.49688
-8.54584 5.25908
-8.46869 5.02128
-8.39154 4.78348
-8.3144 4.54568
-8.23725 4.30788
-8.1601 4.07008
-8.08295 3.83229
-8.0058 3.59449
-7.92866 3.35669
-7.85151 3.11889
-7.77436 2.88109
-7.69721 2.64329
-7.62006 2.40549
-7.54292 2.1677
-7.46577 1.9299
-7.38862 1.6921
-7.31147 1.4543
-7.23432 1.2165
-7.15718 0.978702
-7.08003 0.740903
-7.00288 0.503104
-6.92573 0.265306
-6.84858 0.0275071
-6.77144 -0.210292
-6.69429 -0.44809
-6.61714 -0.685889
-6.53999 -0.923688
-6.46284 -1.16149
-6.3857 -1.39928
-6.30855 -1.63708
-6.2314 -1.87488
-6.15425 -2.11268
-6.07711 -2.35048
-5.99996 -2.58828
-5.92281 -2.82608
-5.84566 -3.06388
-5.76851 -3.30167
-5.69137 -3.53947
-5.61422 -3.77727
-5.53707 -4.01507
-5.45992 -4.25287
-5.38277 -4.49067
-5.30563 -4.72847
-5.22848 -4.96627
-5.15133 -5.20406
-5.07418 -5.44186
-4.99703 -5.67966
-4.91989 -5.91746
-4.84274 -6.15526
-4.76559 -6.39306
-4.68844 -6.63086
-4.61129 -6.86865
-4.53415 -7.10645
-4.457 -7.34425
-4.37985 -7.58205
-4.3027 -7.81985
-4.22555 -8.05765
-4.14841 -8.29545
-4.07126 -8.53325
-3.99411 -8.77104
-3.91696 -9.00884
-3.83981 -9.24664
-3.76267 -9.48444
-3.68552 -9.72224
-3.60837 -9.96004
-3.53122 -10.1978
-3.45407 -10.4356
-3.37693 -10.6734
-3.29978 -10.9112
-3.22263 -11.149
-3.14548 -11.3868
-3.06833 -11.6246
-2.99119 -11.8624
-2.91404 -12.1002
-2.83689 -12.338
-2.75974 -12.5758
-2.68259 -12.8136
-2.60545 -13.0514
-2.5283 -13.2892
-2.45115 -13.527
-2.374 -13.7648
-2.29685 -14.0026
-2.21971 -14.2404
-2.14256 -14.4782
-2.06541 -14.716
-1.98826 -14.9538
-1.91111 -15.1916
-1.83397 -15.4294
-1.75682 -15.6672
-1.67967 -15.905
-1.60252 -16.1428
-1.52537 -16.3806
-1.44823 -16.6184
-1.37108 -16.8562
-1.29393 -17.094
-1.29393 -17.094
-1.29393 -17.094
-1.29393 -17.094
-1.29393 -17.094
-1.29393 -17.094
-1.29393 -17.094
-1.29393 -17.094
-1.29393 -17.094
-1.29393 -17.094
-1.29393 -17.094
-1.29393 -17.094
-1.29393 -17.094
-1.29393 -17.094
-1.29393 -17.094
-1.29393 -17.094
-1.29393 -17.094
-1.29393 -17.094
-1.29393 -17.094
-1.29393 -17.094
-1.29393 -17.094
-1.29393 -17.094
-1.29393 -17.094
-1.29393 -17.094
-1.29393 -17.094
-1.29393 -17.094
-1.29393 -17.094
-1.29393 -17.094
-1.29393 -17.094
-1.29393 -17.094
-1 -18