-14 -14
-14.0997 -13.7707
-14.1994 -13.5415
-14.299 -13.3122
-14.3987 -13.0829
-14.4984 -12.8537
-14.5981 -12.6244
-14.6978 -12.3951
-14.7975 -12.1659
-14.8971 -11.9366
-14.9968 -11.7073
-15.0965 -11.4781
-15.1962 -11.2488
-15.2959 -11.0195
-15.3955 -10.7903
-15.4952 -10.561
-15.5949 -10.3317
-15.6946 -10.1025
-15.7943 -9.87319
-15.894 -9.64392
-15.9936 -9.41466
-16.0933 -9.18539
-16.193 -8.95612
-16.2927 -8.72686
-16.3924 -8.49759
-16.492 -8.26832
-16.5917 -8.03905
-16.6914 -7.80979
-16.7911 -7.58052
-16.8908 -7.35125
-16.9905 -7.12198
-17.0901 -6.89272
-17.1898 -6.66345
-17.2895 -6.43418
-17.3892 -6.20491
-17.4889 -5.97565
-17.5885 -5.74638
-17.6882 -5.51711
-17.7879 -5.28784
-17.8876 -5.05858
-17.9873 -4.82931
-18.087 -4.60004
-18.1866 -4.37077
-18.2863 -4.14151
-18.386 -3.91224
-18.4857 -3.68297
-18.5854 -3.4537
-18.685 -3.22444
-18.7847 -2.99517
-18.8844 -2.7659
-18.9841 -2.53663
-19.0838 -2.30736
-19.1835 -2.0781
-19.2831 -1.84883
-19.3828 -1.61956
-19.4825 -1.39029
-19.5822 -1.16103
-19.6819 -0.931759
-19.7815 -0.702491
-19.8812 -0.473223
-19.9809 -0.243956
-20.0806 -0.0146879
-20.1803 0.21458
-20.28 0.443848
-20.3796 0.673115
-20.4793 0.902383
-20.579 1.13165
-20.6787 1.36092
-20.7784 1.59019
-20.878 1.81945
-20.9777 2.04872
-21.0774 2.27799
-21.1771 2.50726
-21.2768 2.73653
-21.3765 2.96579
-21.4761 3.19506
-21.5758 3.42433
-21.6755 3.6536
-21.7752 3.88286
-21.8749 4.11213
-21.9745 4.3414
-22.0742 4.57067
-22.1739 4.79994
-22.2736 5.0292
-22.3733 5.25847
-22.4729 5.48774
-22.5726 5.71701
-22.6723 5.94627
-22.772 6.17554
-22.8717 6.40481
-22.9713 6.63408
-23.071 6.86334
-23.1707 7.09261
-23.2704 7.32188
-23.3701 7.55115
-23.4697 7.78042
-23.5694 8.00968
-23.6691 8.23895
-23.6691 8.23895
-23.6691 8.23895
-23.6691 8.23895
-23.6691 8.23895
-23.6691 8.23895
-23.6691 8.23895
-23.6691 8.23895
-23.6691 8.23895
-23.6691 8.23895
-23.6691 8.23895
-23.6691 8.23895
-23.6691 8.23895
-23.6691 8.23895
-23.6691 8.23895
-23.6691 8.23895
-23.6691 8.23895
-23.6691 8.23895
-23.6691 8.23895
-23.6691 8.23895
-23.6691 8.23895
-23.6691 8.23895
-23.6691 8.23895
-23.6691 8.23895
-23.6691 8.23895
-23.6691 8.23895
-23.6691 8.23895
-23.6691 8.23895
-23.6691 8.23895
-23.6691 8.23895
-23.6691 8.23895
-23.6691 8.23895
-23.6691 8.23895
-23.6691 8.23895
-23.6691 8.23895
-23.6691 8.23895
-23.6691 8.23895
-23.6691 8.23895
-23.6691 8.23895
-23.6691 8.23895
-23.6691 8.23895
-23.6691 8.23895
-23.6691 8.23895
-23.6691 8.23895
-23.6691 8.23895
-23.6691 8.23895
-23.6691 8.23895
-23.6691 8.23895
-23.6691 8.23895
-23.6691 8.23895
-23.6691 8.23895
-23.6691 8.23895
-23.6691 8.23895
-23.6691 8.23895
-23.6691 8.23895
-23.6696 8.24077
-23.6702 8.24417
-23.6703 8.24879
-23.6698 8.25411
-23.6684 8.25953
-24 9