-5 6
-4.82901 5.81762
-4.65803 5.63523
-4.48704 5.45285
-4.31606 5.27046
-4.14507 5.08808
-3.97409 4.90569
-3.8031 4.72331
-3.63212 4.54092
-3.46113 4.35854
-3.29015 4.17616
-3.11916 3.99377
-2.94818 3.81139
-2.77719 3.629
-2.60621 3.44662
-2.43522 3.26423
-2.26424 3.08185
-2.09325 2.89947
-1.92227 2.71708
-1.75128 2.5347
-1.5803 2.35231
-1.40931 2.16993
-1.23832 1.98754
-1.06734 1.80516
-0.896354 1.62278
-0.725369 1.44039
-0.554383 1.25801
-0.383398 1.07562
-0.212413 0.893239
-0.0414276 0.710854
0.129558 0.52847
0.300543 0.346086
0.471528 0.163701
0.642514 -0.0186829
0.813499 -0.201067
0.984484 -0.383451
1.15547 -0.565836
1.32645 -0.74822
1.49744 -0.930604
1.66843 -1.11299
1.83941 -1.29537
2.0104 -1.47776
2.18138 -1.66014
2.35237 -1.84253
2.52335 -2.02491
2.69434 -2.20729
2.86532 -2.38968
3.03631 -2.57206
3.20729 -2.75445
3.37828 -2.93683
3.54926 -3.11922
3.72025 -3.3016
3.89123 -3.48398
4.06222 -3.66637
4.2332 -3.84875
4.40419 -4.03114
4.57517 -4.21352
4.74616 -4.39591
4.91714 -4.57829
5.08813 -4.76067
5.25912 -4.94306
5.4301 -5.12544
5.60109 -5.30783
5.77207 -5.49021
5.94306 -5.6726
6.11404 -5.85498
6.28503 -6.03736
6.45601 -6.21975
6.627 -6.40213
6.79798 -6.58452
6.96897 -6.7669
7.13995 -6.94928
7.31094 -7.13167
7.48192 -7.31405
7.65291 -7.49644
7.82389 -7.67882
7.99488 -7.86121
8.16586 -8.04359
8.33685 -8.22597
8.50783 -8.40836
8.67882 -8.59074
8.8498 -8.77313
9.02079 -8.95551
9.19178 -9.1379
9.36276 -9.32028
9.36276 -9.32028
9.36276 -9.32028
9.36276 -9.32028
9.36276 -9.32028
9.36276 -9.32028
9.36276 -9.32028
9.36276 -9.32028
9.36276 -9.32028
9.36276 -9.32028
9.36276 -9.32028
9.36276 -9.32028
9.36276 -9.32028
9.36276 -9.32028
9.36276 -9.32028
9.36276 -9.32028
9.36276 -9.32028
9.36276 -9.32028
9.36276 -9.32028
9.36276 -9.32028
9.36276 -9.32028
9.36276 -9.32028
9.36276 -9.32028
9.36276 -9.32028
9.36276 -9.32028
9.36276 -9.32028
9.36276 -9.32028
9.36276 -9.32028
9.36276 -9.32028
9.36276 -9.32028
9.36276 -9.32028
9.36276 -9.32028
9.36276 -9.32028
9.36276 -9.32028
9.36276 -9.32028
9.36276 -9.32028
9.36276 -9.32028
9.36276 -9.32028
9.36276 -9.32028
9.36276 -9.32028
9.36276 -9.32028
9.36276 -9.32028
9.36276 -9.32028
9.36276 -9.32028
9.36276 -9.32028
9.36276 -9.32028
9.36276 -9.32028
9.36276 -9.32028
9.36276 -9.32028
9.36276 -9.32028
9.36276 -9.32028
9.36276 -9.32028
9.36276 -9.32028
9.36276 -9.32028
9.36276 -9.32028
9.36276 -9.32028
9.36276 -9.32028
9.36276 -9.32028
9.36276 -9.32028
9.36276 -9.32028
9.36276 -9.32028
9.36276 -9.32028
9.36276 -9.32028
9.36276 -9.32028
9.36276 -9.32028
9.36276 -9.32028
9.36276 -9.32028
9.36276 -9.32028
9.36276 -9.32028
9.36276 -9.32028
9.36276 -9.32028
9.36276 -9.32028
9.36276 -9.32028
10 -10