-2 -13
-2.10957 -13.1966
-2.25998 -13.3963
-2.41039 -13.596
-2.5608 -13.7957
-2.71121 -13.9954
-2.86162 -14.1951
-3.01203 -14.3948
-3.16244 -14.5945
-3.31285 -14.7942
-3.46326 -14.9939
-3.61367 -15.1935
-3.76408 -15.3932
-3.91449 -15.5929
-4.0649 -15.7926
-4.21531 -15.9923
-4.36572 -16.192
-4.51613 -16.3917
-4.66654 -16.5914
-4.81695 -16.7911
-4.96736 -16.9908
-5.11777 -17.1905
-5.26818 -17.3902
-5.41859 -17.5898
-5.569 -17.7895
-5.71941 -17.9892
-5.86982 -18.1889
-6.02023 -18.3886
-6.17064 -18.5883
-6.32105 -18.788
-6.47146 -18.9877
-6.62187 -19.1874
-6.77228 -19.3871
-6.92269 -19.5868
-7.0731 -19.7865
-7.22352 -19.9862
-7.37393 -20.1858
-7.52434 -20.3855
-7.67475 -20.5852
-7.82516 -20.7849
-7.97557 -20.9846
-8.12598 -21.1843
-8.27639 -21.384
-8.4268 -21.5837
-8.5772 -21.7834
-8.72761 -21.9831
-8.87802 -22.1828
-9.02843 -22.3825
-9.17884 -22.5821
-9.32925 -22.7818
-9.47966 -22.9815
-9.63007 -23.1812
-9.78048 -23.3809
-9.93089 -23.5806
-10.0813 -23.7803
-10.2317 -23.98
-10.3821 -24.1797
-10.5325 -24.3794
-10.5325 -24.3794
-10.5325 -24.3794
-10.5325 -24.3794
-10.5325 -24.3794
-10.5325 -24.3794
-10.5325 -24.3794
-10.5325 -24.3794
-10.5325 -24.3794
-10.5325 -24.3794
-10.5325 -24.3794
-10.5325 -24.3794
-10.5325 -24.3794
-10.5325 -24.3794
-10.5325 -24.3794
-10.5325 -24.3794
-10.5325 -24.3794
-10.5325 -24.3794
-10.5325 -24.3794
-10.5325 -24.3794
-10.5325 -24.3794
-10.5325 -24.3794
-10.5325 -24.3794
-10.5325 -24.3794
-10.5325 -24.3794
-10.5325 -24.3794
-10.5325 -24.3794
-10.5325 -24.3794
-10.5325 -24.3794
-10.5325 -24.3794
-10.5325 -24.3794
-10.5325 -24.3794
-10.5325 -24.3794
-10.5325 -24.3794
-10.5325 -24.3794
-10.5325 -24.3794
-10.5325 -24.3794
-10.5325 -24.3794
-10.5325 -24.3794
-10.5325 -24.3794
-10.5325 -24.3794
-10.5325 -24.3794
-10.5325 -24.3794
-10.5325 -24.3794
-10.5325 -24.3794
-10.5325 -24.3794
-10.5325 -24.3794
-10.5325 -24.3794
-10.5325 -24.3794
-10.5325 -24.3794
-10.5325 -24.3794
-10.5325 -24.3794
-10.5325 -24.3794
-10.5325 -24.3794
-10.5325 -24.3794
-10.5325 -24.3794
-10.5325 -24.3794
-10.5325 -24.3794
-10.5325 -24.3794
-10.5325 -24.3794
-10.5325 -24.3794
-10.5325 -24.3794
-10.5325 -24.3794
-10.5325 -24.3794
-10.5325 -24.3794
-10.5325 -24.3794
-10.5325 -24.3794
-10.5325 -24.3794
-10.5325 -24.3794
-10.5325 -24.3794
-10.5325 -24.3794
-10.5325 -24.3794
-10.5325 -24.3794
-10.5325 -24.3794
-10.5325 -24.3794
-10.5325 -24.3794
-10.5325 -24.3794
-10.5325 -24.3794
-10.5325 -24.3794
-10.5325 -24.3794
-10.5325 -24.3794
-10.5325 -24.3794
-10.5325 -24.3794
-10.5325 -24.3794
-10.5325 -24.3794
-10.5325 -24.3794
-10.5325 -24.3794
-10.5325 -24.3794
-10.5325 -24.3794
-10.5325 -24.3794
-10.5325 -24.3794
-10.5325 -24.3794
-10.5325 -24.3794
-10.5325 -24.3794
-10.5325 -24.3794
-10.5325 -24.3794
-10.5325 -24.3794
-10.5325 -24.3794
-10.5325 -24.3794
-10.5325 -24.3794
-11 -25