22 -9
21.7635 -8.91908
21.5269 -8.83816
21.2904 -8.75723
21.0538 -8.67631
20.8173 -8.59539
20.5807 -8.51447
20.3442 -8.43355
20.1077 -8.35262
19.8711 -8.2717
19.6346 -8.19078
19.398 -8.10986
19.1615 -8.02893
18.925 -7.94801
18.6884 -7.86709
18.4519 -7.78617
18.2153 -7.70525
17.9788 -7.62432
17.7422 -7.5434
17.5057 -7.46248
17.2692 -7.38156
17.0326 -7.30064
16.7961 -7.21971
16.5595 -7.13879
16.323 -7.05787
16.0865 -6.97695
15.8499 -6.89602
15.6134 -6.8151
15.3768 -6.73418
15.1403 -6.65326
14.9038 -6.57234
14.6672 -6.49141
14.4307 -6.41049
14.1941 -6.32957
13.9576 -6.24865
13.721 -6.16773
13.4845 -6.0868
13.248 -6.00588
13.0114 -5.92496
12.7749 -5.84404
12.5383 -5.76311
12.3018 -5.68219
12.0653 -5.60127
11.8287 -5.52035
11.5922 -5.43943
11.3556 -5.3585
11.1191 -5.27758
10.8826 -5.19666
10.646 -5.11574
10.4095 -5.03482
10.1729 -4.95389
9.9364 -4.87297
9.69985 -4.79205
9.46331 -4.71113
9.22677 -4.63021
8.99023 -4.54929
8.75369 -4.46836
8.51715 -4.38744
8.28061 -4.30652
8.04407 -4.2256
7.80753 -4.14468
7.57099 -4.06376
7.33445 -3.98283
7.09791 -3.90191
6.86137 -3.82099
6.62482 -3.74007
6.38828 -3.65915
6.15174 -3.57822
5.9152 -3.4973
5.67866 -3.41638
5.44212 -3.33546
5.20558 -3.25454
4.96904 -3.17361
4.7325 -3.09269
4.49596 -3.01177
4.25942 -2.93085
4.02288 -2.84993
3.78633 -2.76901
3.54979 -2.68808
3.31325 -2.60716
3.07671 -2.52624
2.84017 -2.44532
2.60363 -2.3644
2.36709 -2.28347
2.13055 -2.20255
1.89401 -2.12163
1.65747 -2.04071
1.42092 -1.95979
1.18438 -1.87886
0.947842 -1.79794
0.711301 -1.71702
0.47476 -1.6361
0.238219 -1.55518
0.00167827 -1.47426
-0.234863 -1.39333
-0.471404 -1.31241
-0.707945 -1.23149
-0.944486 -1.15057
-1.18103 -1.06965
-1.41757 -0.988724
-1.65411 -0.907802
-1.89065 -0.82688
-2.12719 -0.745958
-2.36373 -0.665036
-2.60027 -0.584114
-2.83681 -0.503192
-3.07335 -0.422271
-3.3099 -0.341349
-3.54644 -0.260427
-3.78298 -0.179505
-4.01952 -0.098583
-4.25606 -0.0176611
-4.4926 0.0632607
-4.72914 0.144183
-4.96568 0.225104
-5.20222 0.306026
-5.43876 0.386948
-5.6753 0.46787
-5.91185 0.548792
-6.14839 0.629714
-6.38493 0.710636
-6.62147 0.791558
-6.85801 0.872479
-7.09455 0.953401
-7.33109 1.03432
-7.56763 1.11524
-7.80417 1.19617
-8.04071 1.27709
-8.27725 1.35801
-8.51379 1.43893
-8.75033 1.51985
-8.98688 1.60078
-9.22342 1.6817
-9.45996 1.76262
-9.6965 1.84354
-9.93304 1.92446
-10.1696 2.00539
-10.4061 2.08631
-10.6427 2.16723
-10.8792 2.24815
-11.1157 2.32907
-11.3523 2.40999
-11.5888 2.49092
-11.8254 2.57184
-12.0619 2.65276
-12.2984 2.73368
-12.535 2.8146
-12.7715 2.89553
-13.0081 2.97645
-13.2446 3.05737
-13.4812 3.13829
-13.7177 3.21921
-13.9537 3.29831
-14.1896 3.37584
-14.4258 3.45217
-14.6626 3.52778
-14.9003 3.6033
-16 4