23 -8
22.9114 -7.87462
22.7765 -7.76271
22.5675 -7.62565
22.3584 -7.4886
22.1493 -7.35154
21.9402 -7.21449
21.7311 -7.07743
21.522 -6.94037
21.313 -6.80332
21.1039 -6.66626
20.8948 -6.52921
20.6857 -6.39215
20.4766 -6.2551
20.2675 -6.11804
20.0585 -5.98099
19.8494 -5.84393
19.6403 -5.70688
19.4312 -5.56982
19.2221 -5.43277
19.013 -5.29571
18.804 -5.15865
18.5949 -5.0216
18.3858 -4.88454
18.1767 -4.74749
17.9676 -4.61043
17.7585 -4.47338
17.5495 -4.33632
17.3404 -4.19927
17.1313 -4.06221
16.9222 -3.92516
16.7131 -3.7881
16.504 -3.65105
16.295 -3.51399
16.0859 -3.37694
15.8768 -3.23988
15.6677 -3.10283
15.4586 -2.96577
15.2495 -2.82872
15.0405 -2.69166
14.8314 -2.5546
14.6223 -2.41755
14.4132 -2.28049
14.2041 -2.14344
13.995 -2.00638
13.7859 -1.86933
13.5769 -1.73227
13.3678 -1.59522
13.1587 -1.45816
12.9496 -1.32111
12.7405 -1.18405
12.5314 -1.047
12.3224 -0.909943
12.1133 -0.772888
11.9042 -0.635833
11.6951 -0.498777
11.486 -0.361722
11.2769 -0.224667
11.0679 -0.0876118
10.8588 0.0494434
10.6497 0.186499
10.4406 0.323554
10.2315 0.460609
10.0224 0.597664
9.81336 0.734719
9.60428 0.871775
9.3952 1.00883
9.18611 1.14588
8.97703 1.28294
8.76794 1.42
8.55886 1.55705
8.34978 1.69411
8.14069 1.83116
7.93161 1.96822
7.72253 2.10527
7.51344 2.24233
7.30436 2.37938
7.09528 2.51644
6.88619 2.65349
6.67711 2.79055
6.46803 2.9276
6.25894 3.06466
6.04986 3.20171
5.84077 3.33877
5.63169 3.47582
5.42261 3.61288
5.21352 3.74993
5.00444 3.88699
4.79536 4.02404
4.58627 4.1611
4.37719 4.29815
4.16811 4.43521
3.95902 4.57227
3.74994 4.70932
3.54086 4.84638
3.33177 4.98343
3.12269 5.12049
2.91361 5.25754
2.70452 5.3946
2.49544 5.53165
2.28636 5.66871
2.07727 5.80576
1.86819 5.94282
1.65911 6.07987
1.45002 6.21693
1.24094 6.35399
1.03186 6.49104
0.822772 6.6281
0.613689 6.76515
0.404605 6.90221
0.195522 7.03926
-0.0135615 7.17632
-0.222645 7.31337
-0.431728 7.45043
-0.640812 7.58748
-0.849895 7.72454
-1.05898 7.86159
-1.26806 7.99865
-1.47715 8.1357
-1.68623 8.27276
-1.89531 8.40982
-2.1044 8.54687
-2.31348 8.68393
-2.52256 8.82098
-2.73165 8.95804
-2.94073 9.09509
-3.14981 9.23215
-3.3589 9.3692
-3.56798 9.50626
-3.77706 9.64331
-3.98615 9.78037
-4.19523 9.91743
-4.40431 10.0545
-4.6134 10.1915
-4.82248 10.3286
-5.03156 10.4656
-5.24065 10.6027
-5.44973 10.7398
-5.65882 10.8768
-5.8679 11.0139
-6.07698 11.1509
-6.28607 11.288
-6.49515 11.425
-6.70423 11.5621
-6.91332 11.6991
-7.1224 11.8362
-7.33148 11.9733
-7.54057 12.1103
-7.74965 12.2474
-7.95873 12.3844
-8.16782 12.5215
-8.3769 12.6585
-8.58599 12.7956
-8.79507 12.9326
-9.00415 13.0697
-9.21324 13.2068
-9.42232 13.3438
-9.6314 13.4809
-9.84049 13.6179
-10.0496 13.755
-10.2587 13.892
-10.4677 14.0291
-10.6768 14.1661
-10.8859 14.3032
-11.095 14.4403
-11.3041 14.5773
-11.5132 14.7144
-11.7222 14.8514
-11.9313 14.9885
-12.1404 15.1255
-12.3495 15.2626
-12.5586 15.3996
-12.7677 15.5367
-12.9767 15.6737
-13.1858 15.8108
-13.3949 15.9479
-13.604 16.0849
-13.8131 16.222
-14.0222 16.359
-15 17