-22 18
-21.7549 18.049
-21.5097 18.0981
-21.2646 18.1471
-21.0194 18.1961
-20.7743 18.2451
-20.5291 18.2942
-20.284 18.3432
-20.0388 18.3922
-19.7937 18.4413
-19.5485 18.4903
-19.3034 18.5393
-19.0583 18.5883
-18.8131 18.6374
-18.568 18.6864
-18.3228 18.7354
-18.0777 18.7845
-17.8325 18.8335
-17.5874 18.8825
-17.3422 18.9315
-17.0971 18.9806
-16.8519 19.0296
-16.6068 19.0786
-16.3616 19.1277
-16.1165 19.1767
-15.8714 19.2257
-15.6262 19.2747
-15.3811 19.3238
-15.1359 19.3728
-14.8908 19.4218
-14.6456 19.4709
-14.4005 19.5199
-14.1553 19.5689
-13.9102 19.6179
-13.6651 19.667
-13.4199 19.716
-13.1748 19.765
-12.9296 19.8141
-12.6845 19.8631
-12.4393 19.9121
-12.1942 19.9611
-11.949 20.0102
-11.7039 20.0592
-11.4587 20.1082
-11.2136 20.1573
-10.9685 20.2063
-10.7233 20.2553
-10.4782 20.3043
-10.233 20.3534
-9.98788 20.4024
-9.74273 20.4514
-9.49759 20.5005
-9.25245 20.5495
-9.0073 20.5985
-8.76216 20.6475
-8.51701 20.6966
-8.27187 20.7456
-8.02672 20.7946
-7.78158 20.8437
-7.53643 20.8927
-7.29129 20.9417
-7.04614 20.9908
-6.80099 21.0398
-6.55585 21.0888
-6.3107 21.1378
-6.06556 21.1869
-5.82041 21.2359
-5.57527 21.2849
-5.33012 21.334
-5.08498 21.383
-4.83983 21.432
-4.59469 21.481
-4.34954 21.5301
-4.1044 21.5791
-3.85925 21.6281
-3.61411 21.6772
-3.36896 21.7262
-3.12382 21.7752
-2.87867 21.8243
-2.63353 21.8733
-2.38838 21.9223
-2.14324 21.9713
-1.89809 22.0204
-1.65295 22.0694
-1.4078 22.1184
-1.16265 22.1675
-0.91751 22.2165
-0.672365 22.2655
-0.42722 22.3145
-0.182074 22.3636
0.0630707 22.4126
0.308216 22.4616
0.553361 22.5107
0.798506 22.5597
1.04365 22.6087
1.2888 22.6578
1.53394 22.7068
1.77909 22.7558
2.02423 22.8048
2.26938 22.8539
2.51452 22.9029
2.75967 22.9519
3.00481 23.001
3.24996 23.05
3.4951 23.099
3.74025 23.148
3.98539 23.1971
4.23054 23.2461
4.47568 23.2951
4.72083 23.3442
4.96597 23.3932
5.21112 23.4422
5.45626 23.4912
5.70141 23.5403
5.94655 23.5893
6.1917 23.6383
6.43685 23.6874
6.68199 23.7364
6.92714 23.7854
7.17228 23.8345
7.1795 23.8398
7.1795 23.8398
7.1795 23.8398
7.1795 23.8398
7.1795 23.8398
7.1795 23.8398
7.1795 23.8398
7.1795 23.8398
7.1795 23.8398
7.1795 23.8398
7.1795 23.8398
7.1795 23.8398
7.1795 23.8398
7.1795 23.8398
7.1795 23.8398
7.1795 23.8398
7.1795 23.8398
7.1795 23.8398
7.1795 23.8398
7.1795 23.8398
7.1795 23.8398
7.1795 23.8398
7.1795 23.8398
7.1795 23.8398
7.1795 23.8398
7.1795 23.8398
7.1795 23.8398
7.1795 23.8398
7.1795 23.8398
7.1795 23.8398
7.1795 23.8398
7.1795 23.8398
7.1795 23.8398
7.1795 23.8398
7.1795 23.8398
7.1795 23.8398
7.1795 23.8398
7.1795 23.8398
7.1795 23.8398
7.1795 23.8398
7.1795 23.8398
7.1795 23.8398
7.1795 23.8398
7.1795 23.8398
7.1795 23.8398
7.1795 23.8398
7.1795 23.8398
7.1795 23.8398
7.1795 23.8398
7.1795 23.8398
7.1795 23.8398
7.1795 23.8398
7.1795 23.8398
7.1795 23.8398
7.1795 23.8398
7.1795 23.8398
7.1795 23.8398
7.1795 23.8398
7.1795 23.8398
8 24