13 -7
13.0362 -6.85849
12.9156 -6.63949
12.795 -6.4205
12.6744 -6.2015
12.5539 -5.98251
12.4333 -5.76351
12.3127 -5.54452
12.1921 -5.32552
12.0715 -5.10653
11.9509 -4.88754
11.8303 -4.66854
11.7097 -4.44955
11.5892 -4.23055
11.4686 -4.01156
11.348 -3.79256
11.2274 -3.57357
11.1068 -3.35457
10.9862 -3.13558
10.8656 -2.91658
10.745 -2.69759
10.6245 -2.47859
10.5039 -2.2596
10.3833 -2.04061
10.2627 -1.82161
10.1421 -1.60262
10.0215 -1.38362
9.90094 -1.16463
9.78035 -0.945633
9.65976 -0.726638
9.53917 -0.507644
9.41859 -0.288649
9.298 -0.0696546
9.17741 0.14934
9.05682 0.368334
8.93624 0.587329
8.81565 0.806323
8.69506 1.02532
8.57448 1.24431
8.45389 1.46331
8.3333 1.6823
8.21271 1.9013
8.09212 2.12029
7.97154 2.33928
7.85095 2.55828
7.73036 2.77727
7.60977 2.99627
7.48919 3.21526
7.3686 3.43426
7.24801 3.65325
7.12742 3.87225
7.00683 4.09124
6.88625 4.31023
6.76566 4.52923
6.64507 4.74822
6.52448 4.96722
6.4039 5.18621
6.28331 5.40521
6.16272 5.6242
6.04213 5.8432
5.92154 6.06219
5.80096 6.28119
5.68037 6.50018
5.55978 6.71918
5.43919 6.93817
5.3186 7.15716
5.19802 7.37616
5.07743 7.59515
4.95684 7.81415
4.83625 8.03314
4.71567 8.25214
4.59508 8.47113
4.47449 8.69013
4.3539 8.90912
4.23331 9.12811
4.11273 9.34711
3.99214 9.5661
3.87155 9.7851
3.75096 10.0041
3.63038 10.2231
3.50979 10.4421
3.3892 10.6611
3.26861 10.8801
3.14802 11.0991
3.02744 11.3181
2.90685 11.537
2.78626 11.756
2.66567 11.975
2.54509 12.194
2.4245 12.413
2.30391 12.632
2.18332 12.851
2.06274 13.07
1.94215 13.289
1.82156 13.508
1.70097 13.727
1.58038 13.946
1.4598 14.165
1.47093 14.23
1.47093 14.23
1.47093 14.23
1.47093 14.23
1.47093 14.23
1.47093 14.23
1.47093 14.23
1.47093 14.23
1.47093 14.23
1.47093 14.23
1.47093 14.23
1.47093 14.23
1.47093 14.23
1.47093 14.23
1.47093 14.23
1.47093 14.23
1.47093 14.23
1.47093 14.23
1.47093 14.23
1.47093 14.23
1.47093 14.23
1.47093 14.23
1.47093 14.23
1.47093 14.23
1.47093 14.23
1.47093 14.23
1.47093 14.23
1.47093 14.23
1.47093 14.23
1.47093 14.23
1.47093 14.23
1.47093 14.23
1.47093 14.23
1.47093 14.23
1.47093 14.23
1.47093 14.23
1.47093 14.23
1.47093 14.23
1.47093 14.23
1.47093 14.23
1.47093 14.23
1.47093 14.23
1.47093 14.23
1.47093 14.23
1.47093 14.23
1.47093 14.23
1.47093 14.23
1.47093 14.23
1.47093 14.23
1.47093 14.23
1.47093 14.23
1.47093 14.23
1.47093 14.23
1.47093 14.23
1.47093 14.23
1.47093 14.23
1.47093 14.23
1.47093 14.23
1.47093 14.23
1.47093 14.23
1.47093 14.23
1.47093 14.23
1.47093 14.23
1.47093 14.23
1.47093 14.23
1.47093 14.23
1.47093 14.23
1.47093 14.23
1.47093 14.23
1.47093 14.23
1.47093 14.23
1.47093 14.23
1.47093 14.23
1.47093 14.23
1.47093 14.23
1.47093 14.23
1.47093 14.23
1.47093 14.23
1.47093 14.23
1.47093 14.23
1.47093 14.23
1 15