9 -5
8.75746 -5.06063
8.51493 -5.12127
8.27239 -5.1819
8.02986 -5.24254
7.78732 -5.30317
7.54479 -5.3638
7.30225 -5.42444
7.05972 -5.48507
6.81718 -5.54571
6.57464 -5.60634
6.33211 -5.66697
6.08957 -5.72761
5.84704 -5.78824
5.6045 -5.84888
5.36197 -5.90951
5.11943 -5.97014
4.87689 -6.03078
4.63436 -6.09141
4.39182 -6.15204
4.14929 -6.21268
3.90675 -6.27331
3.66422 -6.33395
3.42168 -6.39458
3.17915 -6.45521
2.93661 -6.51585
2.69407 -6.57648
2.45154 -6.63712
2.209 -6.69775
1.96647 -6.75838
1.72393 -6.81902
1.4814 -6.87965
1.23886 -6.94029
0.996325 -7.00092
0.75379 -7.06155
0.511254 -7.12219
0.268719 -7.18282
0.0261829 -7.24345
-0.216353 -7.30409
-0.458888 -7.36472
-0.701424 -7.42536
-0.94396 -7.48599
-1.1865 -7.54662
-1.42903 -7.60726
-1.67157 -7.66789
-1.9141 -7.72853
-2.15664 -7.78916
-2.39917 -7.84979
-2.64171 -7.91043
-2.88424 -7.97106
-3.12678 -8.0317
-3.36932 -8.09233
-3.61185 -8.15296
-3.85439 -8.2136
-4.09692 -8.27423
-4.33946 -8.33486
-4.58199 -8.3955
-4.82453 -8.45613
-5.06706 -8.51676
-5.3096 -8.5774
-5.55214 -8.63803
-5.79467 -8.69867
-6.03721 -8.7593
-6.27974 -8.81993
-6.52228 -8.88057
-6.76481 -8.9412
-7.00735 -9.00183
-7.24989 -9.06247
-7.49242 -9.1231
-7.73496 -9.18374
-7.97749 -9.24437
-8.22003 -9.305
-8.46256 -9.36564
-8.7051 -9.42627
-8.94763 -9.48691
-9.19017 -9.54754
-9.4327 -9.60817
-9.67524 -9.66881
-9.91778 -9.72944
-10.1603 -9.79008
-10.1603 -9.79008
-10.1603 -9.79008
-10.1603 -9.79008
-10.1603 -9.79008
-10.1603 -9.79008
-10.1603 -9.79008
-10.1603 -9.79008
-10.1603 -9.79008
-10.1603 -9.79008
-10.1603 -9.79008
-10.1603 -9.79008
-10.1603 -9.79008
-10.1603 -9.79008
-10.1603 -9.79008
-10.1603 -9.79008
-10.1603 -9.79008
-10.1603 -9.79008
-10.1603 -9.79008
-10.1603 -9.79008
-10.1603 -9.79008
-10.1603 -9.79008
-10.1603 -9.79008
-10.1603 -9.79008
-10.1603 -9.79008
-10.1603 -9.79008
-10.1603 -9.79008
-10.1603 -9.79008
-10.1603 -9.79008
-10.1603 -9.79008
-10.1603 -9.79008
-10.1603 -9.79008
-10.1603 -9.79008
-10.1603 -9.79008
-10.1603 -9.79008
-10.1603 -9.79008
-10.1603 -9.79008
-10.1603 -9.79008
-10.1603 -9.79008
-10.1603 -9.79008
-10.1603 -9.79008
-10.1603 -9.79008
-10.1603 -9.79008
-10.1603 -9.79008
-10.1603 -9.79008
-10.1603 -9.79008
-10.1603 -9.79008
-10.1603 -9.79008
-10.1603 -9.79008
-10.1603 -9.79008
-10.1603 -9.79008
-10.1603 -9.79008
-10.1603 -9.79008
-10.1603 -9.79008
-10.1603 -9.79008
-10.1603 -9.79008
-10.1603 -9.79008
-10.1603 -9.79008
-10.1603 -9.79008
-10.1603 -9.79008
-10.1603 -9.79008
-10.1603 -9.79008
-10.1603 -9.79008
-10.1603 -9.79008
-10.1603 -9.79008
-10.1603 -9.79008
-10.1603 -9.79008
-10.1603 -9.79008
-10.1603 -9.79008
-10.1603 -9.79008
-10.1603 -9.79008
-10.1603 -9.79008
-10.1603 -9.79008
-10.1603 -9.79008
-10.1603 -9.79008
-10.1603 -9.79008
-10.1603 -9.79008
-10.1603 -9.79008
-10.1603 -9.79008
-10.1603 -9.79008
-10.1603 -9.79008
-10.1603 -9.79008
-10.1603 -9.79008
-10.1603 -9.79008
-10.1603 -9.79008
-10.1603 -9.79008
-10.1603 -9.79008
-10.1603 -9.79008
-10.1603 -9.79008
-10.1603 -9.79008
-10.1603 -9.79008
-10.1603 -9.79008
-10.1603 -9.79008
-10.1603 -9.79008
-10.1603 -9.79008
-10.1603 -9.79008
-10.1603 -9.79008
-10.1603 -9.79008
-10.1603 -9.79008
-10.1603 -9.79008
-11 -10