8 19
7.81743 18.8292
7.63486 18.6584
7.4523 18.4876
7.26973 18.3168
7.08716 18.1461
6.90459 17.9753
6.72202 17.8045
6.53946 17.6337
6.35689 17.4629
6.17432 17.2921
5.99175 17.1213
5.80918 16.9505
5.62662 16.7797
5.44405 16.6089
5.26148 16.4382
5.07891 16.2674
4.89634 16.0966
4.71377 15.9258
4.53121 15.755
4.34864 15.5842
4.16607 15.4134
3.9835 15.2426
3.80093 15.0718
3.61837 14.901
3.4358 14.7303
3.25323 14.5595
3.07066 14.3887
2.8881 14.2179
2.70553 14.0471
2.52296 13.8763
2.34039 13.7055
2.15782 13.5347
1.97526 13.3639
1.79269 13.1931
1.61012 13.0224
1.42755 12.8516
1.24499 12.6808
1.06242 12.51
0.879849 12.3392
0.697281 12.1684
0.514714 11.9976
0.332146 11.8268
0.149578 11.656
-0.0329901 11.4853
-0.215558 11.3145
-0.398126 11.1437
-0.580694 10.9729
-0.763262 10.8021
-0.94583 10.6313
-1.1284 10.4605
-1.31097 10.2897
-1.49353 10.1189
-1.6761 9.94815
-1.85867 9.77736
-2.04124 9.60658
-2.2238 9.43579
-2.40637 9.265
-2.58894 9.09421
-2.77151 8.92342
-2.95408 8.75263
-3.13664 8.58184
-3.31921 8.41105
-3.50178 8.24026
-3.68435 8.06947
-3.86691 7.89868
-4.04948 7.72789
-4.23205 7.5571
-4.41462 7.38631
-4.59719 7.21553
-4.77976 7.04474
-4.96232 6.87395
-5.14489 6.70316
-5.32746 6.53237
-5.51003 6.36158
-5.6926 6.19079
-5.87516 6.02
-6.05773 5.84921
-6.2403 5.67842
-6.42287 5.50763
-6.60544 5.33684
-6.788 5.16605
-6.97057 4.99527
-7.15314 4.82448
-7.33571 4.65369
-7.51828 4.4829
-7.70084 4.31211
-7.88341 4.14132
-8.06598 3.97053
-8.24855 3.79974
-8.43112 3.62895
-8.61368 3.45816
-8.79625 3.28737
-8.97882 3.11658
-9.16139 2.94579
-9.34395 2.775
-9.52652 2.60422
-9.70909 2.43343
-9.89166 2.26264
-10.0742 2.09185
-10.2568 1.92106
-10.4394 1.75027
-10.6219 1.57948
-10.8045 1.40869
-10.9871 1.2379
-11.1696 1.06711
-11.3522 0.896323
-11.5348 0.725534
-11.7173 0.554745
-11.8999 0.383956
-12.0825 0.213166
-12.265 0.0423772
-12.4476 -0.128412
-12.6302 -0.299201
-12.8127 -0.46999
-12.9953 -0.64078
-13.1779 -0.811569
-13.3604 -0.982358
-13.543 -1.15315
-13.7256 -1.32394
-13.9081 -1.49473
-14.0907 -1.66551
-14.2733 -1.8363
-14.4558 -2.00709
-14.6384 -2.17788
-14.821 -2.34867
-15.0035 -2.51946
-15.1861 -2.69025
-15.3687 -2.86104
-15.5513 -3.03183
-15.7338 -3.20262
-15.9164 -3.37341
-16.099 -3.5442
-16.2815 -3.71498
-16.4641 -3.88577
-16.6467 -4.05656
-16.8292 -4.22735
-17.0118 -4.39814
-17.1944 -4.56893
-17.3769 -4.73972
-17.5595 -4.91051
-17.7421 -5.0813
-17.9246 -5.25209
-18.1072 -5.42288
-18.2898 -5.59367
-18.4723 -5.76445
-18.6549 -5.93524
-18.8375 -6.10603
-19.02 -6.27682
-19.2026 -6.44761
-19.3852 -6.6184
-19.5677 -6.78919
-19.7503 -6.95998
-19.9329 -7.13076
-20.1154 -7.30155
-20.298 -7.47234
-20.4806 -7.64313
-20.6631 -7.81392
-20.8457 -7.98471
-21.0283 -8.1555
-21.2108 -8.32629
-21.3934 -8.49708
-21.576 -8.66786
-21.7586 -8.83865
-21.9411 -9.00944
-22.1237 -9.18023
-22.3063 -9.35102
-22.3063 -9.35102
-22.3063 -9.35102
-22.3063 -9.35102
-22.3063 -9.35102
-22.3063 -9.35102
-22.3063 -9.35102
-22.3063 -9.35102
-22.3063 -9.35102
-22.3063 -9.35102
-22.3063 -9.35102
-22.3063 -9.35102
-22.3063 -9.35102
-23 -10