-7 -6
-6.80096 -6.15127
-6.60192 -6.30254
-6.40288 -6.45381
-6.20384 -6.60508
-6.0048 -6.75635
-5.80576 -6.90763
-5.60672 -7.0589
-5.40768 -7.21017
-5.20864 -7.36144
-5.0096 -7.51271
-4.81056 -7.66398
-4.61152 -7.81525
-4.41247 -7.96652
-4.21343 -8.11779
-4.01439 -8.26906
-3.81535 -8.42033
-3.61631 -8.5716
-3.41727 -8.72288
-3.21823 -8.87415
-3.01919 -9.02542
-2.82015 -9.17669
-2.62111 -9.32796
-2.42207 -9.47923
-2.22303 -9.6305
-2.02399 -9.78177
-1.82495 -9.93304
-1.62591 -10.0843
-1.42687 -10.2356
-1.22783 -10.3869
-1.02878 -10.5381
-0.829744 -10.6894
-0.630704 -10.8407
-0.431663 -10.9919
-0.232622 -11.1432
-0.0335819 -11.2945
0.165459 -11.4458
0.364499 -11.597
0.56354 -11.7483
0.76258 -11.8996
0.961621 -12.0508
1.16066 -12.2021
1.3597 -12.3534
1.55874 -12.5046
1.75778 -12.6559
1.95682 -12.8072
2.15586 -12.9585
2.3549 -13.1097
2.55395 -13.261
2.75299 -13.4123
2.95203 -13.5635
3.15107 -13.7148
3.35011 -13.8661
3.54915 -14.0174
3.74819 -14.1686
3.94723 -14.3199
4.14627 -14.4712
4.34531 -14.6224
4.54435 -14.7737
4.74339 -14.925
4.94243 -15.0763
5.14147 -15.2275
5.34051 -15.3788
5.53955 -15.5301
5.73859 -15.6813
5.93763 -15.8326
6.13667 -15.9839
6.33571 -16.1351
6.53476 -16.2864
6.7338 -16.4377
6.93284 -16.589
7.13188 -16.7402
7.33092 -16.8915
7.52996 -17.0428
7.729 -17.194
7.92804 -17.3453
8.12708 -17.4966
8.32612 -17.6478
8.52516 -17.7991
8.7242 -17.9504
8.92324 -18.1017
9.12228 -18.2529
9.32132 -18.4042
9.52036 -18.5555
9.7194 -18.7067
9.91844 -18.858
10.1175 -19.0093
10.3165 -19.1606
10.5156 -19.3118
10.7146 -19.4631
10.9136 -19.6144
11.1127 -19.7656
11.3117 -19.9169
11.5108 -20.0682
11.7098 -20.2195
11.9088 -20.3707
12.1079 -20.522
12.3069 -20.6733
12.506 -20.8245
12.705 -20.9758
12.904 -21.1271
13.1031 -21.2783
13.3021 -21.4296
13.5012 -21.5809
13.7002 -21.7322
13.8993 -21.8834
14.0983 -22.0347
14.2973 -22.186
14.4964 -22.3372
14.6954 -22.4885
14.8945 -22.6398
15.0935 -22.7911
15.2925 -22.9423
15.4916 -23.0936
15.6906 -23.2449
15.8897 -23.3961
16.0887 -23.5474
16.2877 -23.6987
16.4868 -23.85
16.6858 -24.0012
16.8849 -24.1525
17.0839 -24.3038
17.2829 -24.455
17.2829 -24.455
17.2829 -24.455
17.2829 -24.455
17.2829 -24.455
17.2829 -24.455
17.2829 -24.455
17.2829 -24.455
17.2829 -24.455
17.2829 -24.455
17.2829 -24.455
17.2829 -24.455
17.2829 -24.455
17.2829 -24.455
17.2829 -24.455
17.2829 -24.455
17.2829 -24.455
17.2829 -24.455
17.2829 -24.455
17.2829 -24.455
17.2829 -24.455
17.2829 -24.455
17.2829 -24.455
17.2829 -24.455
17.2829 -24.455
17.2829 -24.455
17.2829 -24.455
17.2829 -24.455
17.2829 -24.455
17.2829 -24.455
17.2829 -24.455
17.2829 -24.455
17.2829 -24.455
17.2829 -24.455
17.2829 -24.455
17.2829 -24.455
17.2829 -24.455
17.2829 -24.455
17.2829 -24.455
17.2829 -24.455
17.2829 -24.455
17.2829 -24.455
17.2829 -24.455
17.2829 -24.455
17.2829 -24.455
17.2829 -24.455
17.2829 -24.455
17.2829 -24.455
17.2829 -24.455
17.2829 -24.455
17.2829 -24.455
17.2829 -24.455
17.2829 -24.455
17.2829 -24.455
17.2829 -24.455
17.2829 -24.455
18 -25