20 2
19.7651 2.08544
19.5301 2.17087
19.2952 2.25631
19.0602 2.34174
18.8253 2.42718
18.5903 2.51262
18.3554 2.59805
18.1204 2.68349
17.8855 2.76892
17.6505 2.85436
17.4156 2.93979
17.1806 3.02523
16.9457 3.11067
16.7107 3.1961
16.4758 3.28154
16.2408 3.36697
16.0059 3.45241
15.7709 3.53785
15.536 3.62328
15.301 3.70872
15.0661 3.79415
14.8311 3.87959
14.5962 3.96502
14.3612 4.05046
14.1263 4.1359
13.8913 4.22133
13.6564 4.30677
13.4214 4.3922
13.1865 4.47764
12.9515 4.56308
12.7166 4.64851
12.4816 4.73395
12.2467 4.81938
12.0117 4.90482
11.7768 4.99026
11.5419 5.07569
11.3069 5.16113
11.072 5.24656
10.837 5.332
10.6021 5.41743
10.3671 5.50287
10.1322 5.58831
9.89721 5.67374
9.66226 5.75918
9.42732 5.84461
9.19237 5.93005
8.95742 6.01549
8.72247 6.10092
8.48752 6.18636
8.25258 6.27179
8.01763 6.35723
7.78268 6.44267
7.54773 6.5281
7.31278 6.61354
7.07784 6.69897
6.84289 6.78441
6.60794 6.86984
6.37299 6.95528
6.13804 7.04072
5.90309 7.12615
5.66815 7.21159
5.4332 7.29702
5.19825 7.38246
4.9633 7.4679
4.72835 7.55333
4.4934 7.63877
4.25845 7.7242
4.02351 7.80964
3.78856 7.89507
3.55361 7.98051
3.31866 8.06595
3.08371 8.15138
2.84876 8.23682
2.61381 8.32225
2.37887 8.40769
2.14392 8.49312
1.90897 8.57856
1.67402 8.664
1.43907 8.74943
1.20412 8.83487
0.969176 8.9203
0.734228 9.00574
0.499279 9.09118
0.264331 9.17661
0.0293821 9.26205
-0.205566 9.34748
-0.440515 9.43292
-0.675463 9.51835
-0.910412 9.60379
-1.14536 9.68922
-1.25165 9.81061
-1.25143 9.88394
-1.24843 9.88663
-1.24843 9.88663
-1.24843 9.88663
-1.24843 9.88663
-1.24843 9.88663
-1.24843 9.88663
-1.24843 9.88663
-1.24843 9.88663
-1.24843 9.88663
-1.24843 9.88663
-1.24843 9.88663
-1.24843 9.88663
-1.24843 9.88663
-1.24843 9.88663
-1.24843 9.88663
-1.24843 9.88663
-1.24843 9.88663
-1.24843 9.88663
-1.24843 9.88663
-1.24843 9.88663
-1.24843 9.88663
-1.24843 9.88663
-1.24843 9.88663
-1.24843 9.88663
-1.24843 9.88663
-1.24843 9.88663
-1.24843 9.88663
-1.24843 9.88663
-1.24843 9.88663
-1.24843 9.88663
-1.24843 9.88663
-1.24843 9.88663
-1.24843 9.88663
-1.24843 9.88663
-1.24843 9.88663
-1.24843 9.88663
-1.24843 9.88663
-1.24843 9.88663
-1.24843 9.88663
-1.24843 9.88663
-1.24843 9.88663
-1.24843 9.88663
-1.24843 9.88663
-1.24843 9.88663
-1.24843 9.88663
-1.24843 9.88663
-1.24843 9.88663
-1.24843 9.88663
-1.24843 9.88663
-1.24843 9.88663
-1.24843 9.88663
-1.24843 9.88663
-1.24843 9.88663
-1.24843 9.88663
-1.24843 9.88663
-1.24843 9.88663
-1.24843 9.88663
-1.24843 9.88663
-1.24843 9.88663
-1.24843 9.88663
-1.24843 9.88663
-1.24843 9.88663
-1.24843 9.88663
-1.24843 9.88663
-1.24843 9.88663
-1.24843 9.88663
-1.24843 9.88663
-1.24843 9.88663
-1.24843 9.88663
-1.24843 9.88663
-1.24843 9.88663
-1.24843 9.88663
-1.24843 9.88663
-1.24843 9.88663
-1.24843 9.88663
-1.24843 9.88663
-1.24843 9.88663
-1.24843 9.88663
-1.24843 9.88663
-1.24843 9.88663
-1.24843 9.88663
-1.24843 9.88663
-1.24843 9.88663
-1.24843 9.88663
-1.24843 9.88663
-2 10