-19 -21
-18.8971 -20.7722
-18.7942 -20.5443
-18.6913 -20.3165
-18.5884 -20.0886
-18.4855 -19.8608
-18.3826 -19.6329
-18.2797 -19.4051
-18.1768 -19.1773
-18.0739 -18.9494
-17.971 -18.7216
-17.8681 -18.4937
-17.7652 -18.2659
-17.6623 -18.038
-17.5595 -17.8102
-17.4566 -17.5824
-17.3537 -17.3545
-17.2508 -17.1267
-17.1479 -16.8988
-17.045 -16.671
-16.9421 -16.4432
-16.8392 -16.2153
-16.7363 -15.9875
-16.6334 -15.7596
-16.5305 -15.5318
-16.4276 -15.3039
-16.3247 -15.0761
-16.2218 -14.8483
-16.1189 -14.6204
-16.016 -14.3926
-15.9131 -14.1647
-15.8102 -13.9369
-15.7073 -13.709
-15.6044 -13.4812
-15.5015 -13.2534
-15.3986 -13.0255
-15.2957 -12.7977
-15.1928 -12.5698
-15.0899 -12.342
-14.987 -12.1141
-14.8841 -11.8863
-14.7812 -11.6585
-14.6783 -11.4306
-14.5754 -11.2028
-14.4726 -10.9749
-14.3697 -10.7471
-14.2668 -10.5193
-14.1639 -10.2914
-14.061 -10.0636
-13.9581 -9.83573
-13.8552 -9.60788
-13.7523 -9.38004
-13.6494 -9.1522
-13.5465 -8.92436
-13.4436 -8.69651
-13.3407 -8.46867
-13.2378 -8.24083
-13.1349 -8.01299
-13.032 -7.78514
-12.9291 -7.5573
-12.8262 -7.32946
-12.7233 -7.10162
-12.6204 -6.87377
-12.5175 -6.64593
-12.4146 -6.41809
-12.3117 -6.19024
-12.2088 -5.9624
-12.1059 -5.73456
-12.003 -5.50672
-11.9001 -5.27887
-11.7972 -5.05103
-11.6943 -4.82319
-11.5914 -4.59535
-11.4885 -4.3675
-11.3856 -4.13966
-11.2828 -3.91182
-11.1799 -3.68397
-11.077 -3.45613
-10.9741 -3.22829
-10.8712 -3.00045
-10.7683 -2.7726
-10.6654 -2.54476
-10.5625 -2.31692
-10.4596 -2.08908
-10.3567 -1.86123
-10.2538 -1.63339
-10.1509 -1.40555
-10.048 -1.17771
-9.9451 -0.949863
-9.8422 -0.72202
-9.7393 -0.494177
-9.63641 -0.266335
-9.53351 -0.0384921
-9.43061 0.189351
-9.32772 0.417193
-9.22482 0.645036
-9.12192 0.872879
-9.01903 1.10072
-8.91613 1.32856
-8.81323 1.55641
-8.71034 1.78425
-8.60744 2.01209
-8.50454 2.23993
-8.40165 2.46778
-8.29875 2.69562
-8.19585 2.92346
-8.09296 3.15131
-7.99006 3.37915
-7.88716 3.60699
-7.78427 3.83483
-7.68137 4.06268
-7.57847 4.29052
-7.47558 4.51836
-7.37268 4.74621
-7.26978 4.97405
-7.16689 5.20189
-7.06399 5.42973
-6.96109 5.65758
-6.8582 5.88542
-6.7553 6.11326
-6.6524 6.3411
-6.54951 6.56895
-6.44661 6.79679
-6.34371 7.02463
-6.24082 7.25248
-6.13792 7.48032
-6.03502 7.70816
-5.93213 7.936
-5.82923 8.16385
-5.72633 8.39169
-5.62344 8.61953
-5.52054 8.84737
-5.41764 9.07522
-5.31475 9.30306
-5.35077 9.35034
-5.35077 9.35034
-5.35077 9.35034
-5.35077 9.35034
-5.35077 9.35034
-5.35077 9.35034
-5.35077 9.35034
-5.35077 9.35034
-5.35077 9.35034
-5.35077 9.35034
-5.35077 9.35034
-5.35077 9.35034
-5.35077 9.35034
-5.35077 9.35034
-5.35077 9.35034
-5.35077 9.35034
-5.35077 9.35034
-5.35077 9.35034
-5.35077 9.35034
-5.35077 9.35034
-5.35077 9.35034
-5.35077 9.35034
-5.35077 9.35034
-5.35077 9.35034
-5.35077 9.35034
-5.35077 9.35034
-5.35077 9.35034
-5.35077 9.35034
-5.35077 9.35034
-5.35077 9.35034
-5.35077 9.35034
-5.35077 9.35034
-5.35077 9.35034
-5.35077 9.35034
-5.35077 9.35034
-5.35077 9.35034
-5.35077 9.35034
-5.35077 9.35034
-5.35077 9.35034
-5.35077 9.35034
-5.35077 9.35034
-5.35077 9.35034
-5.35077 9.35034
-5.35077 9.35034
-5 10