-9 -23
-8.84306 -22.8054
-8.68612 -22.6108
-8.52918 -22.4162
-8.37225 -22.2216
-8.21531 -22.027
-8.05837 -21.8324
-7.90143 -21.6378
-7.74449 -21.4432
-7.58755 -21.2486
-7.43062 -21.054
-7.27368 -20.8594
-7.11674 -20.6648
-6.9598 -20.4702
-6.80286 -20.2756
-6.64593 -20.081
-6.48899 -19.8864
-6.33205 -19.6917
-6.17511 -19.4971
-6.01817 -19.3025
-5.86124 -19.1079
-5.7043 -18.9133
-5.54736 -18.7187
-5.39042 -18.5241
-5.23348 -18.3295
-5.07655 -18.1349
-4.91961 -17.9403
-4.76267 -17.7457
-4.60573 -17.5511
-4.44879 -17.3565
-4.29185 -17.1619
-4.13492 -16.9673
-3.97798 -16.7727
-3.82104 -16.5781
-3.6641 -16.3835
-3.50716 -16.1889
-3.35023 -15.9943
-3.19329 -15.7997
-3.03635 -15.6051
-2.87941 -15.4105
-2.72247 -15.2159
-2.56554 -15.0213
-2.4086 -14.8267
-2.25166 -14.6321
-2.09472 -14.4375
-1.93778 -14.2429
-1.78085 -14.0483
-1.62391 -13.8537
-1.46697 -13.6591
-1.31003 -13.4645
-1.15309 -13.2699
-0.996155 -13.0752
-0.839217 -12.8806
-0.682279 -12.686
-0.525341 -12.4914
-0.368403 -12.2968
-0.211465 -12.1022
-0.0545271 -11.9076
0.102411 -11.713
0.259349 -11.5184
0.416287 -11.3238
0.573225 -11.1292
0.730163 -10.9346
0.887101 -10.74
1.04404 -10.5454
1.20098 -10.3508
1.35792 -10.1562
1.51485 -9.9616
1.67179 -9.767
1.82873 -9.5724
1.98567 -9.37779
2.14261 -9.18319
2.29954 -8.98859
2.45648 -8.79398
2.61342 -8.59938
2.77036 -8.40478
2.9273 -8.21017
3.08423 -8.01557
3.24117 -7.82097
3.39811 -7.62636
3.55505 -7.43176
3.71199 -7.23716
3.86892 -7.04255
4.02586 -6.84795
4.1828 -6.65335
4.33974 -6.45874
4.49668 -6.26414
4.65361 -6.06954
4.81055 -5.87493
4.96749 -5.68033
5.12443 -5.48573
5.28137 -5.29112
5.4383 -5.09652
5.59524 -4.90192
5.75218 -4.70731
5.90912 -4.51271
6.06606 -4.31811
6.22299 -4.1235
6.37993 -3.9289
6.53687 -3.7343
6.69381 -3.53969
6.85075 -3.34509
7.00769 -3.15049
7.16462 -2.95588
7.32156 -2.76128
7.4785 -2.56668
7.63544 -2.37207
7.79238 -2.17747
7.94931 -1.98286
8.10625 -1.78826
8.26319 -1.59366
8.42013 -1.39905
8.57706 -1.20445
8.734 -1.00985
8.89094 -0.815245
9.04788 -0.620642
9.20481 -0.426038
9.36175 -0.231435
9.51869 -0.0368316
9.67563 0.157772
9.83257 0.352375
9.9895 0.546978
10.1464 0.741582
10.3034 0.936185
10.4603 1.13079
10.6173 1.32539
10.7742 1.51999
10.9311 1.7146
11.0881 1.9092
11.245 2.1038
11.4019 2.29841
11.5589 2.49301
11.7158 2.68761
11.8728 2.88222
12.0297 3.07682
12.1866 3.27142
12.3436 3.46603
12.5005 3.66063
12.6574 3.85523
12.8144 4.04984
12.9713 4.24444
13.1283 4.43904
13.2852 4.63365
13.4421 4.82825
13.5991 5.02285
13.756 5.21746
13.913 5.41206
14.0699 5.60666
14.2268 5.80127
14.3838 5.99587
14.5407 6.19047
14.6976 6.38508
14.8546 6.57968
15.0115 6.77429
15.1685 6.96889
15.3254 7.16349
15.4823 7.35809
15.4823 7.35809
15.4823 7.35809
15.4823 7.35809
15.4823 7.35809
15.4823 7.35809
15.4823 7.35809
15.4823 7.35809
15.4823 7.35809
15.4823 7.35809
15.4823 7.35809
15.4823 7.35809
15.4823 7.35809
15.4823 7.35809
15.4823 7.35809
15.4823 7.35809
15.4823 7.35809
15.4823 7.35809
15.4823 7.35809
15.4823 7.35809
15.4823 7.35809
15.4823 7.35809
16 8