-15 19
-14.7702 18.9015
-14.5404 18.803
-14.3106 18.7046
-14.0809 18.6061
-13.8511 18.5076
-13.6213 18.4091
-13.3915 18.3106
-13.1617 18.2122
-12.9319 18.1137
-12.7021 18.0152
-12.4724 17.9167
-12.2426 17.8182
-12.0128 17.7198
-11.783 17.6213
-11.5532 17.5228
-11.3234 17.4243
-11.0936 17.3258
-10.8639 17.2274
-10.6341 17.1289
-10.4043 17.0304
-10.1745 16.9319
-9.94471 16.8334
-9.71492 16.735
-9.48514 16.6365
-9.25535 16.538
-9.02557 16.4395
-8.79578 16.341
-8.56599 16.2426
-8.33621 16.1441
-8.10642 16.0456
-7.87664 15.9471
-7.64685 15.8486
-7.41706 15.7502
-7.18728 15.6517
-6.95749 15.5532
-6.7277 15.4547
-6.49792 15.3562
-6.26813 15.2578
-6.03834 15.1593
-5.80856 15.0608
-5.57877 14.9623
-5.34899 14.8638
-5.1192 14.7654
-4.88941 14.6669
-4.65963 14.5684
-4.42984 14.4699
-4.20005 14.3714
-3.97027 14.273
-3.74048 14.1745
-3.51069 14.076
-3.28091 13.9775
-3.05112 13.879
-2.82134 13.7806
-2.59155 13.6821
-2.36176 13.5836
-2.13198 13.4851
-1.90219 13.3866
-1.6724 13.2882
-1.44262 13.1897
-1.21283 13.0912
-0.983045 12.9927
-0.753258 12.8942
-0.523472 12.7958
-0.293686 12.6973
-0.0638996 12.5988
0.165887 12.5003
0.395673 12.4018
0.625459 12.3034
0.855246 12.2049
1.08503 12.1064
1.31482 12.0079
1.5446 11.9095
1.77439 11.811
2.00418 11.7125
2.23396 11.614
2.46375 11.5155
2.69354 11.4171
2.92332 11.3186
3.15311 11.2201
3.3829 11.1216
3.61268 11.0231
3.84247 10.9247
4.07225 10.8262
4.30204 10.7277
4.53183 10.6292
4.76161 10.5307
4.9914 10.4323
5.22119 10.3338
5.45097 10.2353
5.68076 10.1368
5.91055 10.0383
6.14033 9.93985
6.37012 9.84138
6.59991 9.7429
6.82969 9.64441
7.05948 9.54594
7.28926 9.44746
7.51905 9.34898
7.74884 9.2505
7.97862 9.15202
8.20841 9.05354
8.4382 8.95506
8.66798 8.85658
8.89777 8.7581
9.12755 8.65962
9.35734 8.56114
9.58712 8.46266
9.81691 8.36418
10.0467 8.2657
10.2765 8.16722
10.5063 8.06874
10.7361 7.97026
10.9658 7.87178
11.1956 7.7733
11.4254 7.67482
11.6552 7.57634
11.885 7.47786
12.1148 7.37938
12.3031 7.3644
12.4668 7.35032
12.6179 7.3368
12.7624 7.32361
12.9035 7.31058
13.0429 7.29764
13.1815 7.28475
13.3195 7.27188
13.4573 7.25902
13.595 7.24617
13.7327 7.23332
13.8703 7.22047
14.0079 7.20762
14.1387 7.1221
14.2716 7.05981
14.4059 7.0122
14.5411 6.97406
14.6769 6.94224
14.8131 6.91479
14.9496 6.89046
15.0863 6.8684
15.2232 6.84806
15.3602 6.82902
15.4972 6.81099
15.6344 6.79377
15.7716 6.77719
15.9089 6.76113
16.0462 6.7455
16.1835 6.73022
16.3209 6.71524
16.4583 6.7005
16.5957 6.68598
16.7331 6.67164
16.8705 6.65745
17.008 6.6434
17.1455 6.62947
17.2528 6.56188
17.3012 6.44751
17.2723 6.3137
17.1931 6.18306
17.0885 6.06317
16.9695 5.95307
16.8415 5.85106
16.7075 5.75578
16.5678 5.66631
16.4208 5.58234
16.2619 5.50483
16.087 5.43702
15.8955 5.38341
15.689 5.34833
15.4702 5.33536
15.2428 5.34747
15.0108 5.38695
14.7789 5.45536
14.5521 5.55332
14.3362 5.68017
14.1365 5.83372
13.9585 6.01001
13.7846 6.18962
13 7