16 20
15.7894 19.8652
15.5789 19.7305
15.3683 19.5957
15.1577 19.4609
14.9472 19.3262
14.7366 19.1914
14.526 19.0567
14.3155 18.9219
14.1049 18.7871
13.8943 18.6524
13.6838 18.5176
13.4732 18.3828
13.2626 18.2481
13.0521 18.1133
12.8415 17.9785
12.6309 17.8438
12.4204 17.709
12.2098 17.5743
11.9992 17.4395
11.7887 17.3047
11.5781 17.17
11.3675 17.0352
11.1569 16.9004
10.9464 16.7657
10.7549 16.6094
10.5635 16.4531
10.3722 16.2968
10.1808 16.1406
9.98955 15.9844
9.7983 15.8282
9.60709 15.6721
9.41592 15.5161
9.2248 15.36
9.03372 15.204
8.84269 15.0481
8.65171 14.8921
8.46077 14.7363
8.26989 14.5804
8.07906 14.4247
7.88828 14.2689
7.69756 14.1133
7.5069 13.9576
7.3163 13.8021
7.12576 13.6465
6.93529 13.4911
6.74488 13.3357
6.55454 13.1803
6.36427 13.025
6.17408 12.8698
5.98397 12.7147
5.79394 12.5596
5.60399 12.4046
5.41413 12.2497
5.22436 12.0949
5.00708 11.9712
4.7898 11.8476
4.57252 11.7239
4.35524 11.6003
4.13796 11.4766
3.92068 11.353
3.7034 11.2293
3.48612 11.1057
3.26884 10.982
3.05156 10.8584
2.83428 10.7347
2.617 10.6111
2.39972 10.4874
2.18244 10.3638
1.96516 10.2401
1.74788 10.1165
1.5306 9.99281
1.31332 9.86916
1.09604 9.74551
0.87876 9.62185
0.66148 9.4982
0.4442 9.37455
0.22692 9.2509
0.00964046 9.12725
-0.207639 9.0036
-0.424919 8.87995
-0.642199 8.7563
-0.859479 8.63265
-1.07676 8.509
-1.29404 8.38535
-1.51132 8.2617
-1.7286 8.13805
-1.94588 8.0144
-2.16316 7.89075
-2.38044 7.7671
-2.59772 7.64345
-2.815 7.5198
-3.03228 7.39614
-3.24956 7.27249
-3.46684 7.14884
-3.68412 7.02519
-3.90139 6.90154
-4.11867 6.77789
-4.33595 6.65424
-4.55323 6.53059
-4.77051 6.40694
-4.98779 6.28329
-5.20507 6.15964
-5.42235 6.03599
-5.63963 5.91234
-5.85691 5.78869
-6.07419 5.66503
-6.29147 5.54138
-6.50875 5.41773
-6.72603 5.29408
-6.94331 5.17043
-7.16059 5.04678
-7.37787 4.92313
-7.59515 4.79948
-7.81243 4.67583
-8.02971 4.55218
-8.24699 4.42853
-8.24699 4.42853
-8.24699 4.42853
-8.24699 4.42853
-8.24699 4.42853
-8.24699 4.42853
-8.24699 4.42853
-8.24699 4.42853
-8.24699 4.42853
-8.24699 4.42853
-8.24699 4.42853
-8.24699 4.42853
-8.24699 4.42853
-8.24699 4.42853
-8.24699 4.42853
-8.24699 4.42853
-8.24699 4.42853
-8.24699 4.42853
-8.24699 4.42853
-8.24699 4.42853
-8.24699 4.42853
-8.24699 4.42853
-8.24699 4.42853
-8.24699 4.42853
-8.24699 4.42853
-8.24699 4.42853
-8.24699 4.42853
-8.24699 4.42853
-8.24699 4.42853
-8.24699 4.42853
-8.24699 4.42853
-8.24699 4.42853
-8.24699 4.42853
-8.24699 4.42853
-8.24699 4.42853
-8.24699 4.42853
-9 4