-12 -10
-12.0742 -9.97465
-12.185 -10.1336
-12.2957 -10.2918
-12.4065 -10.4491
-12.5172 -10.6056
-12.6279 -10.7612
-12.7385 -10.9159
-12.8492 -11.0697
-12.9598 -11.2225
-13.1265 -11.3822
-13.3253 -11.5325
-13.5257 -11.6819
-13.7262 -11.8313
-13.9266 -11.9808
-14.127 -12.1302
-14.3274 -12.2796
-14.5279 -12.429
-14.7283 -12.5785
-14.9287 -12.7279
-15.1292 -12.8773
-15.3296 -13.0268
-15.53 -13.1762
-15.7304 -13.3256
-15.9309 -13.4751
-16.1313 -13.6245
-16.3317 -13.7739
-16.5321 -13.9233
-16.7326 -14.0728
-16.933 -14.2222
-17.1334 -14.3716
-17.3338 -14.5211
-17.5343 -14.6705
-17.7347 -14.8199
-17.9351 -14.9694
-18.1355 -15.1188
-18.336 -15.2682
-18.5364 -15.4177
-18.7368 -15.5671
-18.9372 -15.7165
-19.1377 -15.8659
-19.3381 -16.0154
-19.5385 -16.1648
-19.739 -16.3142
-19.9394 -16.4637
-20.1398 -16.6131
-20.3402 -16.7625
-20.5407 -16.912
-20.7411 -17.0614
-20.9415 -17.2108
-21.1419 -17.3603
-21.3424 -17.5097
-21.3424 -17.5097
-21.3424 -17.5097
-21.3424 -17.5097
-21.3424 -17.5097
-21.3424 -17.5097
-21.3424 -17.5097
-21.3424 -17.5097
-21.3424 -17.5097
-21.3424 -17.5097
-21.3424 -17.5097
-21.3424 -17.5097
-21.3424 -17.5097
-21.3424 -17.5097
-21.3424 -17.5097
-21.3424 -17.5097
-21.3424 -17.5097
-21.3424 -17.5097
-21.3424 -17.5097
-21.3424 -17.5097
-21.3424 -17.5097
-21.3424 -17.5097
-21.3424 -17.5097
-21.3424 -17.5097
-21.3424 -17.5097
-21.3424 -17.5097
-21.3424 -17.5097
-21.3424 -17.5097
-21.3424 -17.5097
-21.3424 -17.5097
-21.3424 -17.5097
-21.3424 -17.5097
-21.3424 -17.5097
-21.3424 -17.5097
-21.3424 -17.5097
-21.3424 -17.5097
-21.3424 -17.5097
-21.3424 -17.5097
-21.3424 -17.5097
-21.3424 -17.5097
-21.3424 -17.5097
-21.3424 -17.5097
-21.3424 -17.5097
-21.3424 -17.5097
-21.3424 -17.5097
-21.3424 -17.5097
-21.3424 -17.5097
-21.3424 -17.5097
-21.3424 -17.5097
-21.3424 -17.5097
-21.3424 -17.5097
-21.3424 -17.5097
-21.3424 -17.5097
-21.3424 -17.5097
-21.3424 -17.5097
-21.3424 -17.5097
-21.3424 -17.5097
-21.3424 -17.5097
-21.3424 -17.5097
-21.3424 -17.5097
-21.3424 -17.5097
-21.3424 -17.5097
-21.3424 -17.5097
-21.3424 -17.5097
-21.3424 -17.5097
-21.3424 -17.5097
-21.3424 -17.5097
-21.3424 -17.5097
-21.3424 -17.5097
-21.3424 -17.5097
-21.3424 -17.5097
-21.3424 -17.5097
-21.3424 -17.5097
-21.3424 -17.5097
-21.3424 -17.5097
-21.3424 -17.5097
-21.3424 -17.5097
-21.3424 -17.5097
-21.3424 -17.5097
-21.3424 -17.5097
-21.3424 -17.5097
-21.3424 -17.5097
-21.3424 -17.5097
-21.3424 -17.5097
-21.3424 -17.5097
-21.3424 -17.5097
-21.3424 -17.5097
-21.3424 -17.5097
-21.3424 -17.5097
-21.3424 -17.5097
-21.3424 -17.5097
-21.3424 -17.5097
-21.3424 -17.5097
-21.3424 -17.5097
-21.3424 -17.5097
-21.3424 -17.5097
-21.3424 -17.5097
-21.3424 -17.5097
-21.3424 -17.5097
-21.3424 -17.5097
-21.3424 -17.5097
-22 -18