-6 5
-5.80114 5.15151
-5.60228 5.30302
-5.40343 5.45453
-5.20457 5.60604
-5.00571 5.75755
-4.80685 5.90906
-4.608 6.06058
-4.40914 6.21209
-4.21028 6.3636
-4.01142 6.51511
-3.81256 6.66662
-3.61371 6.81813
-3.41485 6.96964
-3.21599 7.12115
-3.01713 7.27266
-2.81827 7.42417
-2.61942 7.57568
-2.42056 7.72719
-2.2217 7.8787
-2.02284 8.03021
-1.82398 8.18173
-1.62513 8.33324
-1.42627 8.48475
-1.22741 8.63626
-1.04768 8.80933
-0.867973 8.98237
-0.688285 9.1554
-0.508619 9.32841
-0.328976 9.5014
-0.149357 9.67437
0.0302367 9.84732
0.209804 10.0202
0.389344 10.1931
0.568856 10.366
0.748337 10.5389
0.927786 10.7117
1.1072 10.8845
1.28658 11.0572
1.46593 11.23
1.64524 11.4026
1.8245 11.5753
2.00372 11.7479
2.1829 11.9205
2.36203 12.093
2.54112 12.2655
2.72015 12.438
2.89912 12.6104
3.07803 12.7827
3.25689 12.955
3.43567 13.1272
3.61439 13.2994
3.79304 13.4715
3.97161 13.6435
4.15009 13.8155
4.35853 13.9535
4.56698 14.0916
4.77542 14.2296
4.98387 14.3676
5.19231 14.5056
5.40076 14.6437
5.6092 14.7817
5.81764 14.9197
6.02609 15.0577
6.23453 15.1958
6.44298 15.3338
6.65142 15.4718
6.85986 15.6098
7.06831 15.7479
7.27675 15.8859
7.4852 16.0239
7.69364 16.1619
7.90208 16.3
8.11053 16.438
8.31897 16.576
8.52742 16.714
8.73586 16.8521
8.9443 16.9901
9.15275 17.1281
9.36119 17.2661
9.56963 17.4042
9.77808 17.5422
9.98652 17.6802
10.195 17.8182
10.4034 17.9563
10.6119 18.0943
10.8203 18.2323
11.0287 18.3703
11.2372 18.5084
11.4456 18.6464
11.6541 18.7844
11.8625 18.9224
12.071 19.0605
12.2794 19.1985
12.4878 19.3365
12.6963 19.4745
12.9047 19.6126
13.1132 19.7506
13.3216 19.8886
13.5301 20.0266
13.7385 20.1647
13.947 20.3027
14.1554 20.4407
14.3638 20.5787
14.3638 20.5787
14.3638 20.5787
14.3638 20.5787
14.3638 20.5787
14.3638 20.5787
14.3638 20.5787
14.3638 20.5787
14.3638 20.5787
14.3638 20.5787
14.3638 20.5787
14.3638 20.5787
14.3638 20.5787
14.3638 20.5787
14.3638 20.5787
14.3638 20.5787
14.3638 20.5787
14.3638 20.5787
14.3638 20.5787
14.3638 20.5787
14.3638 20.5787
14.3638 20.5787
14.3638 20.5787
14.3638 20.5787
14.3638 20.5787
14.3638 20.5787
14.3638 20.5787
14.3638 20.5787
14.3638 20.5787
14.3638 20.5787
14.3638 20.5787
14.3638 20.5787
14.3638 20.5787
14.3638 20.5787
14.3638 20.5787
14.3638 20.5787
14.3638 20.5787
14.3638 20.5787
14.3638 20.5787
14.3638 20.5787
14.3638 20.5787
14.3638 20.5787
14.3638 20.5787
14.3638 20.5787
14.3638 20.5787
14.3638 20.5787
14.3638 20.5787
14.3638 20.5787
14.3638 20.5787
15 21