-13 2
-12.9176 1.98588
-12.6754 2.03987
-12.4316 2.09519
-12.1878 2.1505
-11.944 2.20582
-11.7001 2.26114
-11.4563 2.31646
-11.2125 2.37178
-10.9687 2.4271
-10.7249 2.48241
-10.4811 2.53773
-10.2373 2.59305
-9.99353 2.64837
-9.74972 2.70369
-9.50592 2.759
-9.26212 2.81432
-9.01831 2.86964
-8.77451 2.92496
-8.53071 2.98028
-8.28691 3.03559
-8.0431 3.09091
-7.7993 3.14623
-7.5555 3.20155
-7.31169 3.25687
-7.06789 3.31219
-6.82409 3.3675
-6.58028 3.42282
-6.33648 3.47814
-6.09268 3.53346
-5.84888 3.58878
-5.60507 3.64409
-5.36127 3.69941
-5.11747 3.75473
-4.87366 3.81005
-4.62986 3.86537
-4.38606 3.92068
-4.14225 3.976
-3.89845 4.03132
-3.65465 4.08664
-3.41084 4.14196
-3.16704 4.19727
-2.92324 4.25259
-2.67944 4.30791
-2.43563 4.36323
-2.19183 4.41855
-1.94803 4.47386
-1.70422 4.52918
-1.46042 4.5845
-1.21662 4.63982
-0.972815 4.69514
-0.729012 4.75045
-0.485209 4.80577
-0.241405 4.86109
0.00239754 4.91641
0.246201 4.97172
0.490004 5.02704
0.733807 5.08236
0.97761 5.13768
1.22141 5.193
1.46522 5.24831
1.70902 5.30363
1.95282 5.35895
2.19662 5.41427
2.44043 5.46959
2.68423 5.5249
2.92803 5.58022
3.17184 5.63554
3.41564 5.69086
3.65944 5.74617
3.90325 5.80149
4.14705 5.85681
4.39085 5.91213
4.63465 5.96745
4.87846 6.02276
5.12226 6.07808
5.36606 6.1334
5.60987 6.18872
5.85367 6.24404
6.09747 6.29936
6.34128 6.35467
6.58508 6.40999
6.82888 6.46531
7.07269 6.52063
7.31649 6.57595
7.56029 6.63126
7.80409 6.68658
8.0479 6.7419
8.2917 6.79722
8.5355 6.85254
8.77931 6.90785
9.02311 6.96317
9.26691 7.01849
9.51072 7.07381
9.75452 7.12913
9.99832 7.18444
10.2421 7.23976
10.4859 7.29508
10.7297 7.3504
10.9735 7.40572
11.2173 7.46104
11.4611 7.51635
11.7049 7.57167
11.9487 7.62699
12.1925 7.68231
12.4364 7.73763
12.6802 7.79294
12.924 7.84826
13.1678 7.90358
13.4116 7.9589
13.6554 8.01422
13.8992 8.06953
14.143 8.12485
14.3868 8.18017
14.6306 8.23549
14.8744 8.29081
15.1182 8.34612
15.362 8.40144
15.6058 8.45676
15.8496 8.51208
16.0934 8.5674
16.3372 8.62271
16.581 8.67803
16.8248 8.73335
17.0686 8.78867
17.0686 8.78867
17.0686 8.78867
17.0686 8.78867
17.0686 8.78867
17.0686 8.78867
17.0686 8.78867
17.0686 8.78867
17.0686 8.78867
17.0686 8.78867
17.0686 8.78867
17.0686 8.78867
17.0686 8.78867
17.0686 8.78867
17.0686 8.78867
17.0686 8.78867
17.0686 8.78867
17.0686 8.78867
17.0686 8.78867
17.0686 8.78867
17.0686 8.78867
17.0686 8.78867
17.0686 8.78867
17.0686 8.78867
17.0686 8.78867
17.0686 8.78867
17.0686 8.78867
17.0686 8.78867
18 9