-14 -13
-14.1374 -12.8843
-14.2395 -12.6384
-14.3415 -12.3924
-14.4435 -12.1464
-14.5456 -11.9003
-14.6476 -11.6541
-14.7496 -11.4078
-14.8516 -11.1615
-14.9537 -10.9151
-15.0019 -10.6697
-15.0501 -10.4244
-15.0982 -10.1791
-15.1463 -9.93375
-15.1945 -9.68842
-15.2426 -9.4431
-15.2907 -9.19778
-15.3389 -8.95245
-15.387 -8.70713
-15.4351 -8.46181
-15.4832 -8.21649
-15.5314 -7.97116
-15.5795 -7.72584
-15.6276 -7.48052
-15.6758 -7.23519
-15.7239 -6.98987
-15.772 -6.74455
-15.8202 -6.49922
-15.8683 -6.2539
-15.9164 -6.00858
-15.9645 -5.76325
-16.0127 -5.51793
-16.0608 -5.27261
-16.1089 -5.02728
-16.1571 -4.78196
-16.2052 -4.53664
-16.2533 -4.29131
-16.3015 -4.04599
-16.3496 -3.80067
-16.3977 -3.55534
-16.4458 -3.31002
-16.494 -3.0647
-16.5421 -2.81938
-16.5902 -2.57405
-16.6384 -2.32873
-16.6865 -2.08341
-16.7346 -1.83808
-16.7828 -1.59276
-16.8309 -1.34744
-16.879 -1.10211
-16.9271 -0.856789
-16.9753 -0.611466
-17.0234 -0.366143
-17.0715 -0.120819
-17.1197 0.124504
-17.1678 0.369827
-17.2159 0.61515
-17.2641 0.860474
-17.3122 1.1058
-17.3603 1.35112
-17.4084 1.59644
-17.4566 1.84177
-17.5047 2.08709
-17.5528 2.33241
-17.601 2.57774
-17.6491 2.82306
-17.6972 3.06838
-17.7454 3.31371
-17.7935 3.55903
-17.8416 3.80435
-17.8897 4.04968
-17.9379 4.295
-17.986 4.54032
-18.0341 4.78565
-18.0823 5.03097
-18.1304 5.27629
-18.1785 5.52161
-18.2267 5.76694
-18.2748 6.01226
-18.3229 6.25758
-18.371 6.50291
-18.4192 6.74823
-18.4673 6.99355
-18.5154 7.23888
-18.5636 7.4842
-18.6117 7.72952
-18.6598 7.97485
-18.708 8.22017
-18.7561 8.46549
-18.8042 8.71082
-18.8523 8.95614
-18.9005 9.20146
-18.9486 9.44679
-18.9967 9.69211
-19.0449 9.93743
-19.093 10.1828
-19.1411 10.4281
-19.1893 10.6734
-19.2374 10.9187
-19.2855 11.164
-19.3336 11.4094
-19.3818 11.6547
-19.4299 11.9
-19.478 12.1453
-19.5262 12.3907
-19.5743 12.636
-19.6224 12.8813
-19.6706 13.1266
-19.7187 13.372
-19.7668 13.6173
-19.8149 13.8626
-19.8631 14.1079
-19.9112 14.3532
-19.9593 14.5986
-20.0075 14.8439
-20.0556 15.0892
-20.1037 15.3345
-20.1519 15.5799
-20.2 15.8252
-20.2481 16.0705
-20.2962 16.3158
-20.3444 16.5612
-20.3925 16.8065
-20.4406 17.0518
-20.4888 17.2971
-20.5369 17.5425
-20.585 17.7878
-20.6332 18.0331
-20.6813 18.2784
-20.7294 18.5237
-20.7775 18.7691
-20.8257 19.0144
-20.8738 19.2597
-20.9219 19.505
-20.9701 19.7504
-21.0182 19.9957
-21.0663 20.241
-21.1145 20.4863
-21.1626 20.7317
-21.2107 20.977
-21.2589 21.2223
-21.307 21.4676
-21.3551 21.7129
-21.4032 21.9583
-21.4514 22.2036
-21.4995 22.4489
-21.5476 22.6942
-21.5958 22.9396
-21.6439 23.1849
-21.692 23.4302
-21.7402 23.6755
-21.7883 23.9209
-22 25