-14 -16
-14.383 -14.037
-14.766 -12.074
-15.1491 -10.1111
-15.5321 -8.14808
-15.9151 -6.18509
-16.2981 -4.22211
-16.6811 -2.25913
-17.0642 -0.29615
-17.4472 1.66683
-17.8302 3.62981
-18.2132 5.59279
-18.5962 7.55577
-18.9793 9.51875
-19.3623 11.4817
-19.7453 13.4447
-20.1283 15.4077
-20.5113 17.3707
-20.8944 19.3337
-21.2774 21.2966
-21.6604 23.2596
-22.0434 25.2226
-22.0272 25.2781
-22.0272 25.2781
-22.0272 25.2781
-22.0272 25.2781
-22.0272 25.2781
-22.0272 25.2781
-22.0272 25.2781
-22.0272 25.2781
-22 25