-16 25
-14.8689 23.3505
-13.7379 21.7011
-12.6068 20.0516
-11.4758 18.4022
-10.3447 16.7527
-9.21366 15.1033
-8.0826 13.4538
-6.95155 11.8043
-5.82049 10.1549
-4.66042 8.54811
-3.48254 6.98632
-2.31106 5.46524
-1.1845 3.97008
-0.125982 2.45362
0.92619 0.935508
1.97109 -0.584489
3.00747 -2.1067
4.04477 -3.74864
5.11411 -5.43876
6.18345 -7.12888
7.25279 -8.81901
8.32213 -10.5091
8.32213 -10.5091
8.32213 -10.5091
8.32213 -10.5091
8.32213 -10.5091
8.32213 -10.5091
8.32213 -10.5091
8.32213 -10.5091
8 -10