-23 18
-21.4285 16.7629
-19.857 15.5258
-18.2856 14.2886
-16.7141 13.0515
-15.1426 11.8144
-13.5711 10.5773
-11.9997 9.34016
-10.4282 8.10304
-8.85672 6.86592
-7.31425 5.58612
-5.79091 4.26206
-4.26471 2.89863
-2.70028 1.50997
-1.07501 0.140727
0.554891 -1.22731
2.18988 -2.59403
3.83052 -3.95928
5.46774 -5.20644
7.07211 -6.40058
8.67649 -7.59472
10.2809 -8.78886
11.8853 -9.983
13.4896 -11.1771
15.094 -12.3713
16.6984 -13.5654
18.3028 -14.7596
19.9071 -15.9537
21.5115 -17.1478
23.1159 -18.342
24 -19