7 -3
7.24709 -2.96199
7.49419 -2.92397
7.74128 -2.88596
7.98837 -2.84794
8.23546 -2.80993
8.48256 -2.77191
8.72965 -2.7339
8.97674 -2.69589
9.22384 -2.65787
9.47093 -2.61986
9.71802 -2.58184
9.96512 -2.54383
10.2122 -2.50581
10.4593 -2.4678
10.7064 -2.42979
10.9535 -2.39177
11.2006 -2.35376
11.4477 -2.31574
11.6948 -2.27773
11.9419 -2.23971
12.189 -2.2017
12.436 -2.16368
12.6831 -2.12567
12.9302 -2.08766
13.1773 -2.04964
13.4244 -2.01163
13.6715 -1.97361
13.9186 -1.9356
14.1657 -1.89758
14.4128 -1.85957
14.6599 -1.82156
14.907 -1.78354
15.1541 -1.74553
15.4012 -1.70751
15.6483 -1.6695
15.8954 -1.63148
16.1424 -1.59347
16.3895 -1.55546
16.6366 -1.51744
16.8837 -1.47943
17.1308 -1.44141
17.3779 -1.4034
17.625 -1.36538
17.8721 -1.32737
18.1192 -1.28936
18.3663 -1.25134
18.6134 -1.21333
18.8605 -1.17531
19.1076 -1.1373
19.1076 -1.1373
19.1076 -1.1373
19.1076 -1.1373
19.1076 -1.1373
19.1076 -1.1373
19.1076 -1.1373
19.1076 -1.1373
19.1076 -1.1373
19.1076 -1.1373
19.1076 -1.1373
19.1076 -1.1373
19.1076 -1.1373
19.1076 -1.1373
19.1076 -1.1373
19.1076 -1.1373
19.1076 -1.1373
19.1076 -1.1373
19.1076 -1.1373
19.1076 -1.1373
19.1076 -1.1373
19.1076 -1.1373
19.1076 -1.1373
19.1076 -1.1373
19.1076 -1.1373
19.1076 -1.1373
19.1076 -1.1373
19.1076 -1.1373
19.1076 -1.1373
19.1076 -1.1373
19.1076 -1.1373
19.1076 -1.1373
19.1076 -1.1373
19.1076 -1.1373
19.1076 -1.1373
19.1076 -1.1373
19.1076 -1.1373
19.1076 -1.1373
19.1076 -1.1373
19.1076 -1.1373
19.1076 -1.1373
19.1076 -1.1373
19.1076 -1.1373
19.1076 -1.1373
19.1076 -1.1373
19.1076 -1.1373
19.1076 -1.1373
19.1076 -1.1373
19.1076 -1.1373
19.1076 -1.1373
19.1076 -1.1373
19.1076 -1.1373
19.1076 -1.1373
19.1076 -1.1373
19.1076 -1.1373
19.1076 -1.1373
19.1076 -1.1373
19.1076 -1.1373
19.1076 -1.1373
19.1076 -1.1373
19.1076 -1.1373
19.1076 -1.1373
19.1076 -1.1373
19.1076 -1.1373
19.1076 -1.1373
19.1076 -1.1373
19.1076 -1.1373
19.1076 -1.1373
19.1076 -1.1373
19.1076 -1.1373
19.1076 -1.1373
19.1076 -1.1373
19.1076 -1.1373
19.1076 -1.1373
19.1076 -1.1373
19.1076 -1.1373
19.1076 -1.1373
19.1076 -1.1373
19.1076 -1.1373
19.1076 -1.1373
19.1076 -1.1373
19.1076 -1.1373
19.1076 -1.1373
19.1076 -1.1373
19.1076 -1.1373
19.1076 -1.1373
19.1076 -1.1373
19.1076 -1.1373
19.1076 -1.1373
19.1076 -1.1373
20 -1