-22 13
-21.9496 12.905
-21.8581 12.6723
-21.7665 12.4397
-21.675 12.2071
-21.5834 11.9744
-21.4919 11.7418
-21.4003 11.5092
-21.3088 11.2765
-21.2172 11.0439
-21.1257 10.8113
-21.0341 10.5786
-20.9426 10.346
-20.851 10.1134
-20.7595 9.88072
-20.6679 9.64809
-20.5763 9.41546
-20.4848 9.18282
-20.3932 8.95019
-20.3017 8.71756
-20.2101 8.48492
-20.1186 8.25229
-20.027 8.01965
-19.9355 7.78702
-19.8439 7.55439
-19.7524 7.32175
-19.6608 7.08912
-19.5693 6.85649
-19.4777 6.62386
-19.3862 6.39122
-19.2946 6.15859
-19.2031 5.92596
-19.1115 5.69332
-19.0199 5.46069
-18.9284 5.22806
-18.8368 4.99542
-18.7453 4.76279
-18.6537 4.53016
-18.5622 4.29752
-18.4706 4.06489
-18.3791 3.83226
-18.2875 3.59962
-18.196 3.36699
-18.1044 3.13436
-18.0129 2.90172
-17.9213 2.66909
-17.8298 2.43646
-17.7382 2.20382
-17.6467 1.97119
-17.5551 1.73856
-17.4636 1.50592
-17.372 1.27329
-17.2805 1.04066
-17.1889 0.808024
-17.0974 0.575391
-17.0058 0.342758
-16.9142 0.110124
-16.8227 -0.122509
-16.7311 -0.355142
-16.6396 -0.587776
-16.548 -0.820409
-16.4565 -1.05304
-16.3649 -1.28568
-16.2734 -1.51831
-16.1818 -1.75094
-16.0903 -1.98358
-15.9987 -2.21621
-15.9072 -2.44884
-15.8156 -2.68148
-15.7241 -2.91411
-15.6325 -3.14674
-15.541 -3.37938
-15.4494 -3.61201
-15.3579 -3.84464
-15.2663 -4.07728
-15.1748 -4.30991
-15.0832 -4.54254
-14.9917 -4.77518
-14.9001 -5.00781
-14.8086 -5.24044
-14.717 -5.47308
-14.6255 -5.70571
-14.5339 -5.93834
-14.4423 -6.17098
-14.3508 -6.40361
-14.2592 -6.63624
-14.1677 -6.86888
-14.0761 -7.10151
-13.9846 -7.33414
-13.893 -7.56678
-13.8015 -7.79941
-13.7099 -8.03204
-13.6184 -8.26468
-13.5268 -8.49731
-13.4353 -8.72994
-13.3437 -8.96258
-13.2522 -9.19521
-13.1606 -9.42784
-13.0691 -9.66048
-12.9775 -9.89311
-12.886 -10.1257
-12.7944 -10.3584
-12.7029 -10.591
-12.6113 -10.8236
-12.5198 -11.0563
-12.4282 -11.2889
-12.3367 -11.5215
-12.2451 -11.7542
-12.1536 -11.9868
-12.062 -12.2194
-11.9705 -12.4521
-11.8789 -12.6847
-11.7873 -12.9173
-11.6958 -13.15
-11.6042 -13.3826
-11.5127 -13.6152
-11.4211 -13.8479
-11.3296 -14.0805
-11.238 -14.3131
-11.1465 -14.5458
-11.0549 -14.7784
-10.9634 -15.0111
-10.8718 -15.2437
-10.7803 -15.4763
-10.6887 -15.709
-10.5972 -15.9416
-10.5056 -16.1742
-10.4141 -16.4069
-10.3225 -16.6395
-10.231 -16.8721
-10.1394 -17.1048
-10.0479 -17.3374
-9.95631 -17.57
-9.86476 -17.8027
-9.77321 -18.0353
-9.68166 -18.2679
-9.5901 -18.5006
-9.49855 -18.7332
-9.407 -18.9658
-9 -20