-19 3
-18.7558 2.94658
-18.5116 2.89315
-18.2673 2.83973
-18.0231 2.7863
-17.7789 2.73288
-17.5347 2.67946
-17.2904 2.62603
-17.0462 2.57261
-16.802 2.51918
-16.5578 2.46576
-16.3135 2.41233
-16.0693 2.35891
-15.8251 2.30549
-15.5809 2.25206
-15.3366 2.19864
-15.0924 2.14521
-14.8482 2.09179
-14.604 2.03837
-14.3597 1.98494
-14.1155 1.93152
-13.8713 1.87809
-13.6271 1.82467
-13.3828 1.77124
-13.1386 1.71782
-12.8944 1.6644
-12.6502 1.61097
-12.4059 1.55755
-12.1617 1.50412
-11.9175 1.4507
-11.6733 1.39727
-11.429 1.34385
-11.1848 1.29043
-10.9406 1.237
-10.6964 1.18358
-10.4521 1.13015
-10.2079 1.07673
-9.96369 1.02331
-9.71947 0.969881
-9.47524 0.916457
-9.23102 0.863033
-8.98679 0.809609
-8.74257 0.756184
-8.49834 0.70276
-8.25412 0.649336
-8.0099 0.595912
-7.76567 0.542488
-7.52145 0.489064
-7.27722 0.435639
-7.033 0.382215
-6.78877 0.328791
-6.54455 0.275367
-6.30032 0.221943
-6.0561 0.168518
-5.81187 0.115094
-5.56765 0.06167
-5.32342 0.00824583
-5.0792 -0.0451784
-4.83497 -0.0986026
-4.59074 -0.152027
-4.34652 -0.205451
-4.10229 -0.258875
-3.85807 -0.312299
-3.61384 -0.365723
-3.36962 -0.419148
-3.12539 -0.472572
-2.88117 -0.525996
-2.63694 -0.57942
-2.39272 -0.632844
-2.14849 -0.686269
-1.90427 -0.739693
-1.66004 -0.793117
-1.41582 -0.846541
-1.17159 -0.899965
-0.92737 -0.953389
-0.683145 -1.00681
-0.43892 -1.06024
-0.194695 -1.11366
0.0495305 -1.16709
0.293755 -1.22051
0.53798 -1.27393
0.782205 -1.32736
1.02643 -1.38078
1.27066 -1.43421
1.51488 -1.48763
1.75911 -1.54106
2.00333 -1.59448
2.24756 -1.6479
2.49178 -1.70133
2.73601 -1.75475
2.98023 -1.80818
3.22446 -1.8616
3.46868 -1.91503
3.71291 -1.96845
3.95713 -2.02187
4.20136 -2.0753
4.44558 -2.12872
4.68981 -2.18215
4.93403 -2.23557
5.17826 -2.28899
5.42248 -2.34242
5.66671 -2.39584
5.91093 -2.44927
6.15516 -2.50269
6.39938 -2.55612
6.64361 -2.60954
6.88783 -2.66296
7.13206 -2.71639
7.37628 -2.76981
7.62051 -2.82324
7.86473 -2.87666
8.10896 -2.93008
8.35318 -2.98351
8.5974 -3.03693
8.84163 -3.09036
9.08585 -3.14378
9.33008 -3.1972
9.5743 -3.25063
9.81853 -3.30405
10.0628 -3.35748
10.307 -3.4109
10.5512 -3.46433
10.7954 -3.51775
11.0396 -3.57117
11.2839 -3.6246
11.5281 -3.67802
11.7723 -3.73145
12.0165 -3.78487
12.2608 -3.83829
12.2647 -3.87693
12.2647 -3.87693
12.2647 -3.87693
12.2647 -3.87693
12.2647 -3.87693
12.2647 -3.87693
12.2647 -3.87693
12.2647 -3.87693
12.2647 -3.87693
12.2647 -3.87693
13 -4