9 18
8.75052 17.9839
8.50104 17.9678
8.25156 17.9517
8.00208 17.9356
7.75259 17.9195
7.50311 17.9034
7.25363 17.8873
7.00415 17.8712
6.75467 17.8551
6.50519 17.839
6.25571 17.8229
6.00623 17.8068
5.75674 17.7908
5.50726 17.7747
5.25778 17.7586
5.0083 17.7425
4.75882 17.7264
4.50934 17.7103
4.25986 17.6942
4.01038 17.6781
3.76089 17.662
3.51141 17.6459
3.26193 17.6298
3.01245 17.6137
2.76297 17.5976
2.51349 17.5815
2.26401 17.5654
2.01452 17.5493
1.76504 17.5332
1.51556 17.5171
1.26608 17.501
1.0166 17.4849
0.767118 17.4688
0.517637 17.4527
0.268155 17.4366
0.0186739 17.4205
-0.230807 17.4044
-0.480289 17.3883
-0.72977 17.3723
-0.979251 17.3562
-1.22873 17.3401
-1.47821 17.324
-1.7277 17.3079
-1.97718 17.2918
-2.22666 17.2757
-2.47614 17.2596
-2.72562 17.2435
-2.9751 17.2274
-3.22458 17.2113
-3.47407 17.1952
-3.72355 17.1791
-3.97303 17.163
-4.22251 17.1469
-4.47199 17.1308
-4.72147 17.1147
-4.97095 17.0986
-5.22043 17.0825
-5.46992 17.0664
-5.7194 17.0503
-5.96888 17.0342
-6.21836 17.0181
-6.46784 17.002
-6.71732 16.986
-6.9668 16.9699
-7.21628 16.9538
-7.46576 16.9377
-7.71525 16.9216
-7.96473 16.9055
-8.21421 16.8894
-8.46369 16.8733
-8.71317 16.8572
-8.96265 16.8411
-9.21213 16.825
-9.46161 16.8089
-9.7111 16.7928
-9.96058 16.7767
-10.2101 16.7606
-10.4595 16.7445
-10.709 16.7284
-10.9585 16.7123
-11.208 16.6962
-11.4575 16.6801
-11.7069 16.6641
-11.9564 16.648
-12.2059 16.6319
-12.4554 16.6158
-12.7049 16.5997
-12.9544 16.5836
-13.2038 16.5675
-13.4533 16.5514
-13.7028 16.5353
-13.9523 16.5192
-14.2018 16.5031
-14.4512 16.487
-14.7007 16.4709
-14.9502 16.4548
-15.1997 16.4387
-15.4492 16.4226
-15.6986 16.4065
-15.9481 16.3904
-16.1976 16.3743
-16.4471 16.3582
-16.6966 16.3421
-16.9461 16.3261
-17.1955 16.31
-17.445 16.2939
-17.6945 16.2778
-17.944 16.2617
-18.1935 16.2456
-18.4429 16.2295
-18.6924 16.2134
-18.9419 16.1973
-19.1914 16.1812
-19.4409 16.1651
-19.6903 16.149
-19.9398 16.1329
-20.1893 16.1168
-20.4388 16.1007
-20.6883 16.0846
-20.9377 16.0685
-21.1872 16.0524
-21.2952 16.0942
-21.3121 16.1171
-21.3121 16.1171
-21.3121 16.1171
-21.3121 16.1171
-21.3121 16.1171
-21.3121 16.1171
-21.3121 16.1171
-21.3121 16.1171
-21.3121 16.1171
-21.3121 16.1171
-21.3121 16.1171
-21.3121 16.1171
-21.3121 16.1171
-21.3121 16.1171
-21.3121 16.1171
-21.3121 16.1171
-22 16