-2 -24
-2.11806 -23.7796
-2.23611 -23.5593
-2.35417 -23.3389
-2.47222 -23.1185
-2.59028 -22.8982
-2.70833 -22.6778
-2.82639 -22.4574
-2.94444 -22.237
-3.0625 -22.0167
-3.18055 -21.7963
-3.29861 -21.5759
-3.41666 -21.3556
-3.53472 -21.1352
-3.65277 -20.9148
-3.77083 -20.6945
-3.88889 -20.4741
-4.00694 -20.2537
-4.125 -20.0334
-4.24305 -19.813
-4.36111 -19.5926
-4.47916 -19.3722
-4.59722 -19.1519
-4.71527 -18.9315
-4.83333 -18.7111
-4.95138 -18.4908
-5.06944 -18.2704
-5.18749 -18.05
-5.30555 -17.8297
-5.4236 -17.6093
-5.54166 -17.3889
-5.65972 -17.1686
-5.77777 -16.9482
-5.89583 -16.7278
-6.01388 -16.5074
-6.13194 -16.2871
-6.24999 -16.0667
-6.36805 -15.8463
-6.4861 -15.626
-6.60416 -15.4056
-6.72221 -15.1852
-6.84027 -14.9649
-6.95832 -14.7445
-7.07638 -14.5241
-7.19444 -14.3037
-7.31249 -14.0834
-7.43055 -13.863
-7.5486 -13.6426
-7.66666 -13.4223
-7.78471 -13.2019
-7.90277 -12.9815
-8.02082 -12.7611
-8.13888 -12.5408
-8.25693 -12.3204
-8.37499 -12.1
-8.49304 -11.8797
-8.6111 -11.6593
-8.72915 -11.4389
-8.84721 -11.2186
-8.96527 -10.9982
-9.08332 -10.7778
-9.20138 -10.5574
-9.31943 -10.3371
-9.43749 -10.1167
-9.55554 -9.89634
-9.6736 -9.67597
-9.79165 -9.4556
-9.90971 -9.23522
-10.0278 -9.01485
-10.1458 -8.79448
-10.2639 -8.57411
-10.3819 -8.35374
-10.5 -8.13337
-10.618 -7.913
-10.7361 -7.69263
-10.8542 -7.47226
-10.9722 -7.25189
-11.0903 -7.03152
-11.2083 -6.81115
-11.3264 -6.59078
-11.4444 -6.37041
-11.5625 -6.15004
-11.6805 -5.92967
-11.7986 -5.7093
-11.9166 -5.48893
-12.0347 -5.26856
-12.1528 -5.04819
-12.2708 -4.82782
-12.3889 -4.60745
-12.5069 -4.38708
-12.625 -4.16671
-12.743 -3.94634
-12.8611 -3.72597
-12.9791 -3.5056
-13.0972 -3.28523
-13.2153 -3.06486
-13.3333 -2.84449
-13.4514 -2.62412
-13.5694 -2.40375
-13.6875 -2.18338
-13.8055 -1.96301
-13.9236 -1.74264
-14.0416 -1.52227
-14.1597 -1.3019
-14.2778 -1.08153
-14.3958 -0.861163
-14.5139 -0.640793
-14.6319 -0.420423
-14.75 -0.200052
-14.868 0.0203176
-14.9861 0.240688
-15.1041 0.461058
-15.2222 0.681428
-15.3403 0.901798
-15.4583 1.12217
-15.5764 1.34254
-15.6944 1.56291
-15.8125 1.78328
-15.9305 2.00365
-16.0486 2.22402
-16.1666 2.44439
-16.2847 2.66476
-16.4028 2.88513
-16.5208 3.1055
-16.6389 3.32587
-16.6389 3.32587
-16.6389 3.32587
-16.6389 3.32587
-16.6389 3.32587
-16.6389 3.32587
-16.6389 3.32587
-16.6389 3.32587
-16.6389 3.32587
-16.6389 3.32587
-16.6389 3.32587
-16.6389 3.32587
-16.6389 3.32587
-16.6389 3.32587
-16.6389 3.32587
-17 4