19 -13
18.7585 -12.9352
18.5171 -12.8704
18.2756 -12.8057
18.0342 -12.7409
17.7927 -12.6761
17.5512 -12.6113
17.3098 -12.5465
17.0683 -12.4817
16.8269 -12.417
16.5854 -12.3522
16.3439 -12.2874
16.1025 -12.2226
15.861 -12.1578
15.6195 -12.0931
15.3781 -12.0283
15.1366 -11.9635
14.8952 -11.8987
14.6537 -11.8339
14.4122 -11.7691
14.1708 -11.7044
13.9293 -11.6396
13.6879 -11.5748
13.4484 -11.5112
13.212 -11.4487
12.9783 -11.3864
12.7471 -11.3231
12.5172 -11.2576
12.2869 -11.1894
12.0563 -11.1205
11.8257 -11.0517
11.5951 -10.9829
11.3645 -10.9141
11.1339 -10.8454
10.9034 -10.7767
10.6728 -10.7081
10.4423 -10.6395
10.2118 -10.5709
9.98127 -10.5024
9.75078 -10.4339
9.52031 -10.3655
9.28985 -10.2971
9.05941 -10.2287
8.82899 -10.1604
8.59858 -10.0922
8.36819 -10.0239
8.13781 -9.95573
7.90745 -9.88758
7.67711 -9.81948
7.44678 -9.75142
7.21648 -9.6834
6.98618 -9.61543
6.75591 -9.54751
6.52565 -9.47963
6.29541 -9.41179
6.06519 -9.34401
5.83499 -9.27627
5.6048 -9.20857
5.37464 -9.14093
5.14449 -9.07334
4.91436 -9.00579
4.68425 -8.9383
4.45416 -8.87086
4.22409 -8.80346
3.99404 -8.73612
3.76401 -8.66884
3.534 -8.6016
3.30401 -8.53442
3.06195 -8.47191
2.81989 -8.4094
2.57783 -8.34689
2.33577 -8.28439
2.09371 -8.22188
1.85165 -8.15937
1.60959 -8.09686
1.36753 -8.03435
1.12547 -7.97184
0.883415 -7.90933
0.641355 -7.84683
0.399296 -7.78432
0.157237 -7.72181
-0.0848225 -7.6593
-0.326882 -7.59679
-0.568941 -7.53428
-0.811 -7.47177
-1.05306 -7.40927
-1.29512 -7.34676
-1.53718 -7.28425
-1.77924 -7.22174
-2.0213 -7.15923
-2.26336 -7.09672
-2.50541 -7.03421
-2.74747 -6.97171
-2.98953 -6.9092
-3.23159 -6.84669
-3.47365 -6.78418
-3.71571 -6.72167
-3.95777 -6.65916
-4.19983 -6.59665
-4.44189 -6.53415
-4.68395 -6.47164
-4.92601 -6.40913
-5.16807 -6.34662
-5.41013 -6.28411
-5.65218 -6.2216
-5.89424 -6.15909
-6.1363 -6.09659
-6.37836 -6.03408
-6.62042 -5.97157
-6.86248 -5.90906
-7.10454 -5.84655
-7.3466 -5.78404
-7.58866 -5.72153
-7.83072 -5.65903
-8.07278 -5.59652
-8.31484 -5.53401
-8.5569 -5.4715
-8.79896 -5.40899
-9.04102 -5.34648
-9.28308 -5.28397
-9.52514 -5.22147
-9.76719 -5.15896
-10.0093 -5.09645
-10.2513 -5.03394
-10.4934 -4.97143
-10.7354 -4.90892
-10.9775 -4.84641
-11.2196 -4.78391
-11.4616 -4.7214
-11.7037 -4.65889
-11.9457 -4.59638
-12.1878 -4.53387
-12.4299 -4.47136
-12.6719 -4.40885
-12.914 -4.34634
-13.156 -4.28384
-13.3981 -4.22133
-13.6402 -4.15882
-13.8822 -4.09631
-14.1243 -4.0338
-14.3663 -3.97129
-14.6084 -3.90878
-14.8504 -3.84628
-15.0925 -3.78377
-15.3346 -3.72126
-15.5766 -3.65875
-15.8187 -3.59624
-16.0607 -3.53373
-16.3028 -3.47122
-16.5449 -3.40872
-16.7869 -3.34621
-17.029 -3.2837
-17.271 -3.22119
-17.5131 -3.15868
-17.7552 -3.09617
-17.9972 -3.03366
-18.2393 -2.97116
-18.4813 -2.90865
-18.7234 -2.84614
-18.9655 -2.78363
-19.2075 -2.72112
-19.4496 -2.65861
-19.6916 -2.5961
-19.9337 -2.5336
-20.1758 -2.47109
-20.4178 -2.40858
-20.6599 -2.34607
-20.9019 -2.28356
-22 -2