-24 0
-23.9955 -0.175262
-23.8495 -0.378137
-23.7034 -0.581013
-23.5573 -0.783889
-23.4112 -0.986764
-23.2651 -1.18964
-23.119 -1.39252
-22.9729 -1.59539
-22.8268 -1.79827
-22.6808 -2.00114
-22.5347 -2.20402
-22.3886 -2.40689
-22.2425 -2.60977
-22.0964 -2.81264
-21.9503 -3.01552
-21.8042 -3.2184
-21.6581 -3.42127
-21.5121 -3.62415
-21.366 -3.82702
-21.2199 -4.0299
-21.0738 -4.23277
-20.9277 -4.43565
-20.7816 -4.63853
-20.6355 -4.8414
-20.4894 -5.04428
-20.3434 -5.24715
-20.1973 -5.45003
-20.0512 -5.6529
-19.9051 -5.85578
-19.759 -6.05865
-19.6129 -6.26153
-19.4668 -6.46441
-19.3207 -6.66728
-19.1747 -6.87016
-19.0286 -7.07303
-18.8825 -7.27591
-18.7364 -7.47878
-18.5903 -7.68166
-18.4442 -7.88453
-18.2981 -8.08741
-18.152 -8.29029
-18.006 -8.49316
-17.8599 -8.69604
-17.7138 -8.89892
-17.5677 -9.10179
-17.4216 -9.30467
-17.2755 -9.50754
-17.1294 -9.71042
-16.9833 -9.9133
-16.8373 -10.1162
-16.6912 -10.319
-16.5451 -10.5219
-16.399 -10.7248
-16.2529 -10.9277
-16.1068 -11.1306
-15.9607 -11.3334
-15.8146 -11.5363
-15.6686 -11.7392
-15.5225 -11.9421
-15.3764 -12.1449
-15.2303 -12.3478
-15.0842 -12.5507
-14.9381 -12.7536
-14.792 -12.9564
-14.6459 -13.1593
-14.4999 -13.3622
-14.3538 -13.5651
-14.2077 -13.7679
-14.0616 -13.9708
-13.9155 -14.1737
-13.7694 -14.3766
-13.6233 -14.5794
-13.4772 -14.7823
-13.3312 -14.9852
-13.1851 -15.1881
-13.039 -15.391
-12.8929 -15.5938
-12.7468 -15.7967
-12.6007 -15.9996
-12.4546 -16.2025
-12.3085 -16.4053
-12.1625 -16.6082
-12.0164 -16.8111
-11.8703 -17.014
-11.7242 -17.2168
-11.5781 -17.4197
-11.432 -17.6226
-11.2859 -17.8255
-11.1398 -18.0283
-10.9938 -18.2312
-10.8477 -18.4341
-10.7016 -18.637
-10.5555 -18.8398
-10.4094 -19.0427
-10.2633 -19.2456
-10.1172 -19.4485
-9.97115 -19.6513
-9.82507 -19.8542
-9.67898 -20.0571
-9.53289 -20.26
-9.49812 -20.474
-9.57755 -20.5704
-9.57755 -20.5704
-9.57755 -20.5704
-9.57755 -20.5704
-9.57755 -20.5704
-9.57755 -20.5704
-9.57755 -20.5704
-9.57755 -20.5704
-9.57755 -20.5704
-9.57755 -20.5704
-9.57755 -20.5704
-9.57755 -20.5704
-9.57755 -20.5704
-9.57755 -20.5704
-9.57755 -20.5704
-9.57755 -20.5704
-9.57755 -20.5704
-9.57755 -20.5704
-9.57755 -20.5704
-9.57755 -20.5704
-9.57755 -20.5704
-9.57755 -20.5704
-9.57755 -20.5704
-9.57755 -20.5704
-9.57755 -20.5704
-9.57755 -20.5704
-9.57755 -20.5704
-9.57755 -20.5704
-9.57755 -20.5704
-9.57755 -20.5704
-9.57755 -20.5704
-9.57755 -20.5704
-9.57755 -20.5704
-9.57755 -20.5704
-9.57755 -20.5704
-9.57755 -20.5704
-9.57755 -20.5704
-9.57755 -20.5704
-9.57755 -20.5704
-9.57755 -20.5704
-9.57755 -20.5704
-9.57755 -20.5704
-9.57755 -20.5704
-9.57755 -20.5704
-9.57755 -20.5704
-9.57755 -20.5704
-9.57755 -20.5704
-9.57755 -20.5704
-9.57755 -20.5704
-9.57755 -20.5704
-9.57755 -20.5704
-9.57755 -20.5704
-9.57755 -20.5704
-9.57755 -20.5704
-9.57755 -20.5704
-9.57755 -20.5704
-9.57755 -20.5704
-9.57755 -20.5704
-9.57755 -20.5704
-9.57755 -20.5704
-9.57755 -20.5704
-9.57755 -20.5704
-9.57755 -20.5704
-9.57755 -20.5704
-9.57755 -20.5704
-9.57755 -20.5704
-9 -21