9 6
8.89472 5.77325
8.78944 5.5465
8.68417 5.31974
8.57889 5.09299
8.47361 4.86624
8.36833 4.63949
8.26305 4.41273
8.15778 4.18598
8.0525 3.95923
7.94722 3.73248
7.84194 3.50572
7.73666 3.27897
7.63139 3.05222
7.52611 2.82547
7.42083 2.59872
7.31555 2.37196
7.21027 2.14521
7.105 1.91846
6.99972 1.69171
6.89444 1.46495
6.78916 1.2382
6.68388 1.01145
6.57657 0.785906
6.4663 0.561459
6.35318 0.337156
6.23769 0.111818
6.12086 -0.115749
6.00442 -0.346219
5.8884 -0.577431
5.7724 -0.808702
5.65643 -1.04003
5.54048 -1.27143
5.42456 -1.50288
5.30866 -1.7344
5.19278 -1.96598
5.07693 -2.19763
4.96111 -2.42934
4.84531 -2.66112
4.72953 -2.89297
4.61379 -3.12489
4.49807 -3.35689
4.38238 -3.58895
4.26671 -3.82109
4.15108 -4.0533
4.03547 -4.28559
3.9199 -4.51796
3.80436 -4.75041
3.68884 -4.98295
3.57336 -5.21556
3.45791 -5.44826
3.3425 -5.68105
3.22712 -5.91392
3.11177 -6.14689
2.99646 -6.37995
2.88118 -6.6131
2.76594 -6.84635
2.65074 -7.0797
2.53558 -7.31316
2.42046 -7.54671
2.30538 -7.78037
2.19034 -8.01415
2.07534 -8.24803
1.96039 -8.48203
1.84548 -8.71614
1.73062 -8.95038
1.6158 -9.18474
1.50104 -9.41923
1.40088 -9.64829
1.30072 -9.87735
1.20056 -10.1064
1.10041 -10.3355
1.00025 -10.5645
0.900091 -10.7936
0.799932 -11.0226
0.699774 -11.2517
0.599616 -11.4808
0.499458 -11.7098
0.3993 -11.9389
0.299142 -12.1679
0.198984 -12.397
0.0988255 -12.6261
-0.0013327 -12.8551
-0.101491 -13.0842
-0.201649 -13.3132
-0.301807 -13.5423
-0.401965 -13.7714
-0.502124 -14.0004
-0.602282 -14.2295
-0.70244 -14.4585
-0.802598 -14.6876
-0.902756 -14.9167
-1.00291 -15.1457
-1.10307 -15.3748
-1.20323 -15.6038
-1.30339 -15.8329
-1.40355 -16.062
-1.5037 -16.291
-1.60386 -16.5201
-1.70402 -16.7491
-1.80418 -16.9782
-1.90434 -17.2073
-2.0045 -17.4363
-2.10465 -17.6654
-2.20481 -17.8944
-2.30497 -18.1235
-2.40513 -18.3526
-2.50529 -18.5816
-2.60544 -18.8107
-2.7056 -19.0397
-2.80576 -19.2688
-2.90592 -19.4979
-3.00608 -19.7269
-3.10623 -19.956
-3.20639 -20.185
-3.30655 -20.4141
-3.40671 -20.6431
-3.50687 -20.8722
-3.60702 -21.1013
-3.58252 -21.1966
-3.58252 -21.1966
-3.58252 -21.1966
-3.58252 -21.1966
-3.58252 -21.1966
-3.58252 -21.1966
-3.58252 -21.1966
-3.58252 -21.1966
-3.58252 -21.1966
-3.58252 -21.1966
-3.58252 -21.1966
-3.58252 -21.1966
-3.58252 -21.1966
-3.58252 -21.1966
-3.58252 -21.1966
-3.58252 -21.1966
-3.58252 -21.1966
-3.58252 -21.1966
-3.58252 -21.1966
-3.58252 -21.1966
-3.58252 -21.1966
-3.58252 -21.1966
-3.58252 -21.1966
-3.58252 -21.1966
-3.58252 -21.1966
-3.58252 -21.1966
-3.58252 -21.1966
-3.58252 -21.1966
-3.58252 -21.1966
-3.58252 -21.1966
-3.58252 -21.1966
-3.58252 -21.1966
-3.58252 -21.1966
-3.58252 -21.1966
-3.58252 -21.1966
-3.58252 -21.1966
-3.58252 -21.1966
-3.58252 -21.1966
-3.58252 -21.1966
-3.58252 -21.1966
-3.58252 -21.1966
-3.58252 -21.1966
-3.58252 -21.1966
-3.58252 -21.1966
-3.58252 -21.1966
-3.58252 -21.1966
-3.58252 -21.1966
-3.58252 -21.1966
-3.58252 -21.1966
-4 -22