-12 13
-11.9394 13.2425
-11.8787 13.4851
-11.8181 13.7276
-11.7575 13.9701
-11.6968 14.2127
-11.6362 14.4552
-11.5756 14.6977
-11.5149 14.9403
-11.4543 15.1828
-11.3937 15.4254
-11.333 15.6679
-11.2724 15.9104
-11.2118 16.153
-11.1511 16.3955
-11.0905 16.638
-11.0299 16.8806
-10.9692 17.1231
-10.9086 17.3656
-10.848 17.6082
-10.7873 17.8507
-10.7267 18.0933
-10.6661 18.3358
-10.6054 18.5783
-10.5448 18.8209
-10.4842 19.0634
-10.4235 19.3059
-10.3629 19.5485
-10.3023 19.791
-10.2416 20.0335
-10.181 20.2761
-10.1204 20.5186
-10.0597 20.7611
-9.99909 21.0037
-9.93845 21.2462
-9.87782 21.4887
-9.81719 21.7313
-9.75655 21.9738
-9.69592 22.2163
-9.63528 22.4589
-9.57465 22.7014
-9.51402 22.9439
-9.45338 23.1865
-9.39275 23.429
-9.33211 23.6715
-9.27148 23.9141
-9.21085 24.1566
-9.21085 24.1566
-9.21085 24.1566
-9.21085 24.1566
-9.21085 24.1566
-9.21085 24.1566
-9.21085 24.1566
-9.21085 24.1566
-9.21085 24.1566
-9.21085 24.1566
-9.21085 24.1566
-9.21085 24.1566
-9.21085 24.1566
-9.21085 24.1566
-9.21085 24.1566
-9.21085 24.1566
-9.21085 24.1566
-9.21085 24.1566
-9.21085 24.1566
-9.21085 24.1566
-9.21085 24.1566
-9.21085 24.1566
-9.21085 24.1566
-9.21085 24.1566
-9.21085 24.1566
-9.21085 24.1566
-9.21085 24.1566
-9.21085 24.1566
-9.21085 24.1566
-9.21085 24.1566
-9.21085 24.1566
-9.21085 24.1566
-9.21085 24.1566
-9.21085 24.1566
-9.21085 24.1566
-9.21085 24.1566
-9.21085 24.1566
-9.21085 24.1566
-9.21085 24.1566
-9.21085 24.1566
-9.21085 24.1566
-9.21085 24.1566
-9.21085 24.1566
-9.21085 24.1566
-9.21085 24.1566
-9.21085 24.1566
-9.21085 24.1566
-9.21085 24.1566
-9.21085 24.1566
-9.21085 24.1566
-9.21085 24.1566
-9.21085 24.1566
-9.21085 24.1566
-9.21085 24.1566
-9.21085 24.1566
-9.21085 24.1566
-9.21085 24.1566
-9.21085 24.1566
-9.21085 24.1566
-9.21085 24.1566
-9.21085 24.1566
-9.21085 24.1566
-9.21085 24.1566
-9.21085 24.1566
-9.21085 24.1566
-9.21085 24.1566
-9.21085 24.1566
-9.21085 24.1566
-9.21085 24.1566
-9.21085 24.1566
-9.21085 24.1566
-9.21085 24.1566
-9.21085 24.1566
-9.21085 24.1566
-9.21085 24.1566
-9.21085 24.1566
-9.21085 24.1566
-9.21085 24.1566
-9.21085 24.1566
-9.21085 24.1566
-9.21085 24.1566
-9.21085 24.1566
-9.21085 24.1566
-9.21085 24.1566
-9.21085 24.1566
-9.21085 24.1566
-9.21085 24.1566
-9.21085 24.1566
-9.21085 24.1566
-9.21085 24.1566
-9.21085 24.1566
-9.21085 24.1566
-9.21085 24.1566
-9.21085 24.1566
-9.21085 24.1566
-9.21085 24.1566
-9.21085 24.1566
-9.21085 24.1566
-9.21085 24.1566
-9.21085 24.1566
-9.21085 24.1566
-9.21085 24.1566
-9.21085 24.1566
-9.21085 24.1566
-9.21085 24.1566
-9.21085 24.1566
-9.21085 24.1566
-9.21085 24.1566
-9.21085 24.1566
-9.21085 24.1566
-9.21085 24.1566
-9.21085 24.1566
-9.21085 24.1566
-9.21085 24.1566
-9.21085 24.1566
-9.21085 24.1566
-9.21085 24.1566
-9.21085 24.1566
-9.21085 24.1566
-9.21085 24.1566
-9.21085 24.1566
-9.21085 24.1566
-9 25