-19 -1
-18.75 -1
-18.5 -1
-18.25 -1
-18 -1
-17.75 -1
-17.5 -1
-17.25 -1
-17 -1
-16.75 -1
-16.5 -1
-16.25 -1
-16 -1
-15.75 -1
-15.5 -1
-15.25 -1
-15 -1
-14.75 -1
-14.5 -1
-14.25 -1
-14 -1
-13.75 -1
-13.5 -1
-13.25 -1
-13 -1
-12.75 -1
-12.5 -1
-12.25 -1
-12 -1
-11.75 -1
-11.5 -1
-11.25 -1
-11 -1
-10.75 -1
-10.5 -1
-10.25 -1
-10 -1
-9.75 -1
-9.5 -1
-9.25 -1
-9 -1
-8.75 -1
-8.5 -1
-8.25 -1
-8 -1
-7.75 -1
-7.5 -1
-7.25 -1
-7 -1
-7 -1
-7 -1
-7 -1
-7 -1
-7 -1
-7 -1
-7 -1
-7 -1
-7 -1
-7 -1
-7 -1
-7 -1
-7 -1
-7 -1
-7 -1
-7 -1
-7 -1
-7 -1
-7 -1
-7 -1
-7 -1
-7 -1
-7 -1
-7 -1
-7 -1
-7 -1
-7 -1
-7 -1
-7 -1
-7 -1
-7 -1
-7 -1
-7 -1
-7 -1
-7 -1
-7 -1
-7 -1
-7 -1
-7 -1
-7 -1
-7 -1
-7 -1
-7 -1
-7 -1
-7 -1
-7 -1
-7 -1
-7 -1
-7 -1
-7 -1
-7 -1
-7 -1
-7 -1
-7 -1
-7 -1
-7 -1
-7 -1
-7 -1
-7 -1
-7 -1
-7 -1
-7 -1
-7 -1
-7 -1
-7 -1
-7 -1
-7 -1
-7 -1
-7 -1
-7 -1
-7 -1
-7 -1
-7 -1
-7 -1
-7 -1
-7 -1
-7 -1
-7 -1
-7 -1
-7 -1
-7 -1
-7 -1
-7 -1
-7 -1
-7 -1
-7 -1
-7 -1
-7 -1
-7 -1
-7 -1
-7 -1
-7 -1
-7 -1
-7 -1
-7 -1
-7 -1
-7 -1
-7 -1
-7 -1
-7 -1
-7 -1
-7 -1
-7 -1
-7 -1
-7 -1
-7 -1
-7 -1
-7 -1
-7 -1
-7 -1
-7 -1
-7 -1
-7 -1
-7 -1
-7 -1
-7 -1
-7 -1
-7 -1
-7 -1
-6 -1