-7 -23
-7.11466 -22.7778
-7.22932 -22.5557
-7.34398 -22.3335
-7.45864 -22.1114
-7.5733 -21.8892
-7.68796 -21.6671
-7.80263 -21.4449
-7.91729 -21.2228
-8.03195 -21.0006
-8.14661 -20.7785
-8.26127 -20.5563
-8.37593 -20.3341
-8.49059 -20.112
-8.60525 -19.8898
-8.71991 -19.6677
-8.83457 -19.4455
-8.94923 -19.2234
-9.06389 -19.0012
-9.17855 -18.7791
-9.29321 -18.5569
-9.40787 -18.3348
-9.52253 -18.1126
-9.63719 -17.8904
-9.75185 -17.6683
-9.86651 -17.4461
-9.98117 -17.224
-10.0958 -17.0018
-10.2105 -16.7797
-10.3252 -16.5575
-10.4398 -16.3354
-10.5545 -16.1132
-10.6691 -15.8911
-10.7838 -15.6689
-10.8985 -15.4467
-11.0131 -15.2246
-11.1278 -15.0024
-11.2424 -14.7803
-11.3571 -14.5581
-11.4718 -14.336
-11.5864 -14.1138
-11.7011 -13.8917
-11.8157 -13.6695
-11.9304 -13.4473
-12.0451 -13.2252
-12.1597 -13.003
-12.2744 -12.7809
-12.389 -12.5587
-12.5037 -12.3366
-12.6184 -12.1144
-12.733 -11.8923
-12.8477 -11.6701
-12.9624 -11.4479
-13.077 -11.2258
-13.1917 -11.0036
-13.3063 -10.7815
-13.421 -10.5593
-13.5357 -10.3372
-13.6503 -10.115
-13.765 -9.89285
-13.8796 -9.6707
-13.9943 -9.44854
-14.109 -9.22638
-14.2236 -9.00423
-14.3383 -8.78207
-14.4529 -8.55992
-14.5676 -8.33776
-14.6823 -8.11561
-14.7969 -7.89345
-14.9116 -7.6713
-15.0262 -7.44914
-15.1409 -7.22699
-15.2556 -7.00483
-15.3702 -6.78268
-15.4849 -6.56052
-15.5996 -6.33837
-15.7142 -6.11621
-15.8289 -5.89406
-15.9435 -5.6719
-16.0582 -5.44975
-16.1729 -5.22759
-16.2875 -5.00543
-16.4022 -4.78328
-16.5168 -4.56112
-16.6315 -4.33897
-16.7462 -4.11681
-16.8608 -3.89466
-16.9755 -3.6725
-17.0901 -3.45035
-17.2048 -3.22819
-17.3195 -3.00604
-17.4341 -2.78388
-17.5488 -2.56173
-17.6634 -2.33957
-17.7781 -2.11742
-17.8928 -1.89526
-18.0074 -1.67311
-18.1221 -1.45095
-18.2367 -1.2288
-18.3514 -1.00664
-18.4661 -0.784488
-18.5807 -0.562333
-18.6954 -0.340178
-18.81 -0.118023
-18.9247 0.104132
-19.0394 0.326287
-19.154 0.548442
-19.2687 0.770597
-19.3833 0.992752
-19.498 1.21491
-19.6127 1.43706
-19.7273 1.65922
-19.842 1.88137
-19.9566 2.10353
-20.0713 2.32568
-20.186 2.54784
-20.3006 2.76999
-20.4153 2.99215
-20.5299 3.2143
-20.6446 3.43646
-20.7593 3.65861
-20.8739 3.88077
-20.9886 4.10292
-21.1033 4.32508
-21.2179 4.54723
-21.3326 4.76939
-21.4472 4.99154
-21.5619 5.2137
-21.6766 5.43585
-21.7912 5.65801
-21.9059 5.88016
-22.0205 6.10232
-22.1352 6.32447
-22.2499 6.54663
-22.3645 6.76878
-22.4792 6.99094
-22.5939 7.21309
-22.5939 7.21309
-22.5939 7.21309
-22.5939 7.21309
-22.5939 7.21309
-22.5939 7.21309
-22.5939 7.21309
-22.5939 7.21309
-22.5939 7.21309
-22.5939 7.21309
-22.5939 7.21309
-22.5939 7.21309
-22.5939 7.21309
-22.5939 7.21309
-22.5939 7.21309
-22.5939 7.21309
-22.5939 7.21309
-22.5939 7.21309
-22.5939 7.21309
-22.5939 7.21309
-22.5939 7.21309
-22.5939 7.21309
-22.5939 7.21309
-22.5939 7.21309
-22.5939 7.21309
-22.5939 7.21309
-22.5939 7.21309
-22.5939 7.21309
-22.5939 7.21309
-22.5939 7.21309
-22.5939 7.21309
-22.5939 7.21309
-22.5939 7.21309
-22.5939 7.21309
-22.5939 7.21309
-22.5939 7.21309
-22.5939 7.21309
-22.5939 7.21309
-22.5939 7.21309
-22.5939 7.21309
-22.5939 7.21309
-22.5939 7.21309
-22.5939 7.21309
-22.5939 7.21309
-22.5939 7.21309
-22.5939 7.21309
-23 8