-11 24
-10.8651 23.7895
-10.7302 23.5791
-10.5953 23.3686
-10.4603 23.1581
-10.3254 22.9476
-10.1905 22.7372
-10.0556 22.5267
-9.92067 22.3162
-9.78575 22.1058
-9.65084 21.8953
-9.51592 21.6848
-9.381 21.4744
-9.24609 21.2639
-9.11117 21.0534
-8.97626 20.8429
-8.84134 20.6325
-8.70642 20.422
-8.57151 20.2115
-8.43659 20.0011
-8.30167 19.7906
-8.16676 19.5801
-8.03184 19.3697
-7.89692 19.1592
-7.76201 18.9487
-7.62709 18.7382
-7.49217 18.5278
-7.35726 18.3173
-7.22234 18.1068
-7.08742 17.8964
-6.95251 17.6859
-6.81759 17.4754
-6.68267 17.265
-6.54776 17.0545
-6.41284 16.844
-6.27792 16.6335
-6.14301 16.4231
-6.00809 16.2126
-5.87317 16.0021
-5.73826 15.7917
-5.60334 15.5812
-5.46842 15.3707
-5.33351 15.1603
-5.19859 14.9498
-5.06367 14.7393
-4.92876 14.5288
-4.79384 14.3184
-4.65892 14.1079
-4.524 13.8974
-4.38909 13.687
-4.25417 13.4765
-4.11925 13.266
-3.98434 13.0555
-3.84942 12.8451
-3.7145 12.6346
-3.57959 12.4241
-3.44467 12.2137
-3.30976 12.0032
-3.17484 11.7927
-3.03992 11.5823
-2.90501 11.3718
-2.77009 11.1613
-2.63517 10.9508
-2.50026 10.7404
-2.36534 10.5299
-2.23042 10.3194
-2.09551 10.109
-1.96059 9.8985
-1.82567 9.68803
-1.69076 9.47756
-1.55584 9.26709
-1.42092 9.05662
-1.28601 8.84615
-1.15109 8.63568
-1.01617 8.42521
-0.881257 8.21474
-0.74634 8.00427
-0.611423 7.7938
-0.476507 7.58333
-0.34159 7.37286
-0.206674 7.16239
-0.071757 6.95192
0.0631597 6.74145
0.198076 6.53098
0.332993 6.32051
0.46791 6.11004
0.602826 5.89957
0.737743 5.6891
0.872659 5.47863
1.00758 5.26816
1.14249 5.05769
1.27741 4.84722
1.41233 4.63675
1.54724 4.42628
1.68216 4.21581
1.81708 4.00534
1.95199 3.79487
2.08691 3.5844
2.22183 3.37393
2.35674 3.16346
2.49166 2.95299
2.62658 2.74252
2.76149 2.53205
2.89641 2.32158
3.03133 2.11111
3.16624 1.90064
3.30116 1.69018
3.43607 1.47971
3.57099 1.26924
3.70591 1.05877
3.84082 0.848296
3.97574 0.637826
4.11066 0.427357
4.24557 0.216887
4.38049 0.0064173
4.51541 -0.204052
4.65032 -0.414522
4.78524 -0.624992
4.92016 -0.835462
5.05508 -1.04593
5.18999 -1.2564
5.32491 -1.46687
5.45983 -1.67734
5.59474 -1.88781
5.72966 -2.09828
5.86458 -2.30875
5.99949 -2.51922
6.13441 -2.72969
6.26933 -2.94016
6.40424 -3.15063
6.53916 -3.3611
6.67408 -3.57157
6.80899 -3.78204
6.94391 -3.99251
7.07883 -4.20298
7.21374 -4.41345
7.34866 -4.62392
7.48358 -4.83439
7.61849 -5.04486
7.75341 -5.25533
7.88833 -5.4658
8.02324 -5.67627
8.15816 -5.88673
8.29308 -6.0972
8.42799 -6.30767
8.56291 -6.51814
8.69783 -6.72861
8.83274 -6.93908
8.96766 -7.14955
9.10257 -7.36002
9.23749 -7.57049
9.37241 -7.78096
9.50732 -7.99143
9.64224 -8.2019
9.77716 -8.41237
9.91207 -8.62284
10.047 -8.83331
10.1819 -9.04378
10.3168 -9.25425
10.4517 -9.46472
10.5867 -9.67519
10.7216 -9.88566
10.8565 -10.0961
10.9914 -10.3066
11.1263 -10.5171
11.2612 -10.7275
11.3962 -10.938
11.5311 -11.1485
11.666 -11.3589
11.8009 -11.5694
11.9358 -11.7799
12.0707 -11.9903
12.2056 -12.2008
12.3406 -12.4113
12.4755 -12.6218
12.6104 -12.8322
12.7453 -13.0427
12.8802 -13.2532
13.0151 -13.4636
13.1501 -13.6741
13.285 -13.8846
13.4199 -14.095
14 -15