-17 19
-16.8702 18.9577
-16.6501 19.0189
-16.406 19.0726
-16.1618 19.1263
-15.9176 19.1799
-15.6735 19.2336
-15.4293 19.2873
-15.1851 19.341
-14.941 19.3947
-14.6968 19.4484
-14.4526 19.5021
-14.2085 19.5558
-13.9643 19.6095
-13.7201 19.6632
-13.476 19.7169
-13.2318 19.7706
-12.9876 19.8243
-12.7435 19.878
-12.4993 19.9317
-12.2551 19.9854
-12.011 20.0391
-11.7668 20.0928
-11.5226 20.1465
-11.2785 20.2002
-11.0343 20.2539
-10.7902 20.3076
-10.546 20.3613
-10.3018 20.4149
-10.0577 20.4686
-9.81349 20.5223
-9.56933 20.576
-9.32516 20.6297
-9.081 20.6834
-8.83683 20.7371
-8.59266 20.7908
-8.3485 20.8445
-8.10433 20.8982
-7.86017 20.9519
-7.616 21.0056
-7.37184 21.0593
-7.12767 21.113
-6.88351 21.1667
-6.63934 21.2204
-6.39518 21.2741
-6.15101 21.3278
-5.90685 21.3815
-5.66268 21.4352
-5.41851 21.4889
-5.17435 21.5426
-4.93018 21.5963
-4.68602 21.6499
-4.44185 21.7036
-4.19769 21.7573
-3.95352 21.811
-3.70936 21.8647
-3.46519 21.9184
-3.22103 21.9721
-2.97686 22.0258
-2.7327 22.0795
-2.48853 22.1332
-2.24437 22.1869
-2.0002 22.2406
-1.75604 22.2943
-1.51187 22.348
-1.2677 22.4017
-1.02354 22.4554
-0.779374 22.5091
-0.535209 22.5628
-0.291044 22.6165
-0.0468783 22.6702
0.197287 22.7239
0.441452 22.7776
0.685617 22.8313
0.929783 22.885
1.17395 22.9387
1.41811 22.9924
1.66228 23.0461
1.90644 23.0997
2.15061 23.1534
2.39477 23.2071
2.63894 23.2608
2.8831 23.3145
3.12727 23.3682
3.37143 23.4219
3.6156 23.4756
3.85977 23.5293
4.10393 23.583
4.3481 23.6367
4.59226 23.6904
4.83643 23.7441
5.08059 23.7978
5.08059 23.7978
5.08059 23.7978
5.08059 23.7978
5.08059 23.7978
5.08059 23.7978
5.08059 23.7978
5.08059 23.7978
5.08059 23.7978
5.08059 23.7978
5.08059 23.7978
5.08059 23.7978
5.08059 23.7978
5.08059 23.7978
5.08059 23.7978
5.08059 23.7978
5.08059 23.7978
5.08059 23.7978
5.08059 23.7978
5.08059 23.7978
5.08059 23.7978
5.08059 23.7978
5.08059 23.7978
5.08059 23.7978
5.08059 23.7978
5.08059 23.7978
5.08059 23.7978
5.08059 23.7978
5.08059 23.7978
5.08059 23.7978
5.08059 23.7978
5.08059 23.7978
5.08059 23.7978
5.08059 23.7978
5.08059 23.7978
5.08059 23.7978
5.08059 23.7978
5.08059 23.7978
5.08059 23.7978
5.08059 23.7978
5.08059 23.7978
5.08059 23.7978
5.08059 23.7978
5.08059 23.7978
5.08059 23.7978
5.08059 23.7978
5.08059 23.7978
5.08059 23.7978
5.08059 23.7978
5.08059 23.7978
5.08059 23.7978
5.08059 23.7978
5.08059 23.7978
5.08059 23.7978
5.08059 23.7978
5.08059 23.7978
5.08059 23.7978
5.08059 23.7978
5.08059 23.7978
5.08059 23.7978
5.08059 23.7978
5.08059 23.7978
5.08059 23.7978
5.08059 23.7978
5.08059 23.7978
5.08059 23.7978
5.08059 23.7978
5.08059 23.7978
5.08059 23.7978
5.08059 23.7978
5.08059 23.7978
5.08059 23.7978
5.08059 23.7978
5.08059 23.7978
5.08059 23.7978
5.08059 23.7978
5.08059 23.7978
5.08059 23.7978
5.08059 23.7978
5.08059 23.7978
5.08059 23.7978
5.08059 23.7978
5.08059 23.7978
5.08059 23.7978
5.08059 23.7978
5.08059 23.7978
5.08059 23.7978
5.08059 23.7978
5.08059 23.7978
5.08059 23.7978
5.08059 23.7978
6 24