1 -12
0.792258 -12.0282
0.563388 -12.0986
0.324041 -12.1708
0.0846936 -12.243
-0.154654 -12.3152
-0.394001 -12.3874
-0.633348 -12.4596
-0.872695 -12.5318
-1.11204 -12.604
-1.35139 -12.6762
-1.59074 -12.7484
-1.83008 -12.8206
-2.06943 -12.8928
-2.30878 -12.965
-2.54813 -13.0372
-2.78747 -13.1094
-3.02682 -13.1816
-3.26617 -13.2538
-3.50551 -13.326
-3.74486 -13.3982
-3.98421 -13.4704
-4.22356 -13.5426
-4.4629 -13.6148
-4.70225 -13.687
-4.9416 -13.7592
-5.18095 -13.8314
-5.42029 -13.9036
-5.65964 -13.9758
-5.89899 -14.048
-6.13834 -14.1202
-6.37768 -14.1924
-6.61703 -14.2646
-6.85638 -14.3368
-7.09573 -14.409
-7.33507 -14.4812
-7.57442 -14.5534
-7.81377 -14.6256
-8.05312 -14.6978
-8.29246 -14.77
-8.53181 -14.8422
-8.77116 -14.9144
-9.01051 -14.9866
-9.24985 -15.0588
-9.4892 -15.131
-9.72855 -15.2032
-9.9679 -15.2754
-10.2072 -15.3476
-10.4466 -15.4198
-10.6859 -15.492
-10.9253 -15.5642
-11.1646 -15.6364
-11.404 -15.7086
-11.6433 -15.7808
-11.8827 -15.853
-12.122 -15.9252
-12.3614 -15.9974
-12.6007 -16.0696
-12.8401 -16.1418
-13.0794 -16.214
-13.3188 -16.2862
-13.5581 -16.3584
-13.7975 -16.4306
-14.0368 -16.5028
-14.2761 -16.575
-14.5155 -16.6472
-14.7548 -16.7194
-14.9942 -16.7916
-15.2335 -16.8638
-15.4729 -16.936
-15.7122 -17.0082
-15.9516 -17.0804
-16.1909 -17.1526
-16.4303 -17.2248
-16.6696 -17.297
-16.909 -17.3692
-17.1483 -17.4414
-17.3877 -17.5136
-17.627 -17.5858
-17.8664 -17.658
-18.1057 -17.7302
-18.1057 -17.7302
-18.1057 -17.7302
-18.1057 -17.7302
-18.1057 -17.7302
-18.1057 -17.7302
-18.1057 -17.7302
-18.1057 -17.7302
-18.1057 -17.7302
-18.1057 -17.7302
-18.1057 -17.7302
-18.1057 -17.7302
-18.1057 -17.7302
-18.1057 -17.7302
-18.1057 -17.7302
-18.1057 -17.7302
-18.1057 -17.7302
-18.1057 -17.7302
-18.1057 -17.7302
-18.1057 -17.7302
-18.1057 -17.7302
-18.1057 -17.7302
-18.1057 -17.7302
-18.1057 -17.7302
-18.1057 -17.7302
-18.1057 -17.7302
-18.1057 -17.7302
-18.1057 -17.7302
-18.1057 -17.7302
-18.1057 -17.7302
-18.1057 -17.7302
-18.1057 -17.7302
-18.1057 -17.7302
-18.1057 -17.7302
-18.1057 -17.7302
-18.1057 -17.7302
-18.1057 -17.7302
-18.1057 -17.7302
-18.1057 -17.7302
-18.1057 -17.7302
-18.1057 -17.7302
-18.1057 -17.7302
-18.1057 -17.7302
-18.1057 -17.7302
-18.1057 -17.7302
-18.1057 -17.7302
-18.1057 -17.7302
-18.1057 -17.7302
-18.1057 -17.7302
-18.1057 -17.7302
-18.1057 -17.7302
-18.1057 -17.7302
-18.1057 -17.7302
-18.1057 -17.7302
-18.1057 -17.7302
-18.1057 -17.7302
-18.1057 -17.7302
-18.1057 -17.7302
-18.1057 -17.7302
-18.1057 -17.7302
-18.1057 -17.7302
-18.1057 -17.7302
-18.1057 -17.7302
-18.1057 -17.7302
-18.1057 -17.7302
-18.1057 -17.7302
-18.1057 -17.7302
-18.1057 -17.7302
-18.1057 -17.7302
-18.1057 -17.7302
-18.1057 -17.7302
-18.1057 -17.7302
-18.1057 -17.7302
-18.1057 -17.7302
-18.1057 -17.7302
-18.1057 -17.7302
-18.1057 -17.7302
-18.1057 -17.7302
-18.1057 -17.7302
-18.1057 -17.7302
-18.1057 -17.7302
-18.1057 -17.7302
-18.1057 -17.7302
-18.1057 -17.7302
-18.1057 -17.7302
-18.1057 -17.7302
-18.1057 -17.7302
-18.1057 -17.7302
-18.1057 -17.7302
-18.1057 -17.7302
-18.1057 -17.7302
-18.1057 -17.7302
-18.1057 -17.7302
-18.1057 -17.7302
-18.1057 -17.7302
-18.1057 -17.7302
-18.1057 -17.7302
-18.1057 -17.7302
-18.1057 -17.7302
-18.1057 -17.7302
-18.1057 -17.7302
-18.1057 -17.7302
-19 -18