10 4
10.2372 4.07906
10.4743 4.15811
10.7115 4.23717
10.9487 4.31623
11.1859 4.39528
11.423 4.47434
11.6602 4.5534
11.8974 4.63246
12.1345 4.71151
12.3717 4.79057
12.6089 4.86963
12.8461 4.94868
13.0832 5.02774
13.3204 5.1068
13.5576 5.18585
13.7947 5.26491
14.0319 5.34397
14.2691 5.42303
14.5063 5.50208
14.7434 5.58114
14.9806 5.6602
15.2178 5.73925
15.4549 5.81831
15.6921 5.89737
15.9293 5.97643
16.1665 6.05548
16.4036 6.13454
16.6408 6.2136
16.878 6.29265
17.1151 6.37171
17.3523 6.45077
17.5895 6.52983
17.8266 6.60888
18.0638 6.68794
18.0638 6.68794
18.0638 6.68794
18.0638 6.68794
18.0638 6.68794
18.0638 6.68794
18.0638 6.68794
18.0638 6.68794
18.0638 6.68794
18.0638 6.68794
18.0638 6.68794
18.0638 6.68794
18.0638 6.68794
18.0638 6.68794
18.0638 6.68794
18.0638 6.68794
18.0638 6.68794
18.0638 6.68794
18.0638 6.68794
18.0638 6.68794
18.0638 6.68794
18.0638 6.68794
18.0638 6.68794
18.0638 6.68794
18.0638 6.68794
18.0638 6.68794
18.0638 6.68794
18.0638 6.68794
18.0638 6.68794
18.0638 6.68794
18.0638 6.68794
18.0638 6.68794
18.0638 6.68794
18.0638 6.68794
18.0638 6.68794
18.0638 6.68794
18.0638 6.68794
18.0638 6.68794
18.0638 6.68794
18.0638 6.68794
18.0638 6.68794
18.0638 6.68794
18.0638 6.68794
18.0638 6.68794
18.0638 6.68794
18.0638 6.68794
18.0638 6.68794
18.0638 6.68794
18.0638 6.68794
18.0638 6.68794
18.0638 6.68794
18.0638 6.68794
18.0638 6.68794
18.0638 6.68794
18.0638 6.68794
18.0638 6.68794
18.0638 6.68794
18.0638 6.68794
18.0638 6.68794
18.0638 6.68794
18.0638 6.68794
18.0638 6.68794
18.0638 6.68794
18.0638 6.68794
18.0638 6.68794
18.0638 6.68794
18.0638 6.68794
18.0638 6.68794
18.0638 6.68794
18.0638 6.68794
18.0638 6.68794
18.0638 6.68794
18.0638 6.68794
18.0638 6.68794
18.0638 6.68794
18.0638 6.68794
18.0638 6.68794
18.0638 6.68794
18.0638 6.68794
18.0638 6.68794
18.0638 6.68794
18.0638 6.68794
18.0638 6.68794
18.0638 6.68794
18.0638 6.68794
18.0638 6.68794
18.0638 6.68794
18.0638 6.68794
18.0638 6.68794
18.0638 6.68794
18.0638 6.68794
18.0638 6.68794
18.0638 6.68794
18.0638 6.68794
18.0638 6.68794
18.0638 6.68794
18.0638 6.68794
18.0638 6.68794
18.0638 6.68794
18.0638 6.68794
18.0638 6.68794
18.0638 6.68794
18.0638 6.68794
18.0638 6.68794
18.0638 6.68794
18.0638 6.68794
18.0638 6.68794
18.0638 6.68794
18.0638 6.68794
18.0638 6.68794
18.0638 6.68794
18.0638 6.68794
18.0638 6.68794
18.0638 6.68794
18.0638 6.68794
18.0638 6.68794
18.0638 6.68794
18.0638 6.68794
18.0638 6.68794
18.0638 6.68794
18.0638 6.68794
18.0638 6.68794
18.0638 6.68794
18.0638 6.68794
18.0638 6.68794
18.0638 6.68794
18.0638 6.68794
18.0638 6.68794
18.0638 6.68794
18.0638 6.68794
18.0638 6.68794
18.0638 6.68794
18.0638 6.68794
18.0638 6.68794
18.0638 6.68794
18.0638 6.68794
18.0638 6.68794
18.0638 6.68794
18.0638 6.68794
18.0638 6.68794
18.0638 6.68794
18.0638 6.68794
18.0638 6.68794
18.0638 6.68794
18.0638 6.68794
18.0638 6.68794
18.0638 6.68794
18.0638 6.68794
19 7