-7 18
-6.94577 17.756
-6.89153 17.5119
-6.8373 17.2679
-6.78307 17.0238
-6.72884 16.7798
-6.6746 16.5357
-6.62037 16.2917
-6.56614 16.0476
-6.51191 15.8036
-6.45767 15.5595
-6.40344 15.3155
-6.34921 15.0714
-6.29498 14.8274
-6.24074 14.5833
-6.18651 14.3393
-6.13228 14.0952
-6.07805 13.8512
-6.02381 13.6072
-5.96958 13.3631
-5.91535 13.1191
-5.86112 12.875
-5.80688 12.631
-5.75265 12.3869
-5.69842 12.1429
-5.64419 11.8988
-5.58995 11.6548
-5.53572 11.4107
-5.48149 11.1667
-5.42725 10.9226
-5.37302 10.6786
-5.31879 10.4345
-5.26455 10.1905
-5.21032 9.94644
-5.21032 9.94644
-5.21032 9.94644
-5.21032 9.94644
-5.21032 9.94644
-5.21032 9.94644
-5.21032 9.94644
-5.21032 9.94644
-5.21032 9.94644
-5.21032 9.94644
-5.21032 9.94644
-5.21032 9.94644
-5.21032 9.94644
-5.21032 9.94644
-5.21032 9.94644
-5.21032 9.94644
-5.21032 9.94644
-5.21032 9.94644
-5.21032 9.94644
-5.21032 9.94644
-5.21032 9.94644
-5.21032 9.94644
-5.21032 9.94644
-5.21032 9.94644
-5.21032 9.94644
-5.21032 9.94644
-5.21032 9.94644
-5.21032 9.94644
-5.21032 9.94644
-5.21032 9.94644
-5.21032 9.94644
-5.21032 9.94644
-5.21032 9.94644
-5.21032 9.94644
-5.21032 9.94644
-5.21032 9.94644
-5.21032 9.94644
-5.21032 9.94644
-5.21032 9.94644
-5.21032 9.94644
-5.21032 9.94644
-5.21032 9.94644
-5.21032 9.94644
-5.21032 9.94644
-5.21032 9.94644
-5.21032 9.94644
-5.21032 9.94644
-5.21032 9.94644
-5.21032 9.94644
-5.21032 9.94644
-5.21032 9.94644
-5.21032 9.94644
-5.21032 9.94644
-5.21032 9.94644
-5.21032 9.94644
-5.21032 9.94644
-5.21032 9.94644
-5.21032 9.94644
-5.21032 9.94644
-5.21032 9.94644
-5.21032 9.94644
-5.21032 9.94644
-5 9