9 -5
8.77639 -5.1118
8.55279 -5.22361
8.32918 -5.33541
8.10557 -5.44721
7.88197 -5.55902
7.65836 -5.67082
7.43475 -5.78262
7.21115 -5.89443
6.98754 -6.00623
6.76393 -6.11804
6.54033 -6.22984
6.31672 -6.34164
6.09311 -6.45345
5.86951 -6.56525
5.6459 -6.67705
5.42229 -6.78886
5.19869 -6.90066
4.97508 -7.01246
4.75147 -7.12427
4.52787 -7.23607
4.30426 -7.34787
4.08065 -7.45968
3.85705 -7.57148
3.63344 -7.68328
3.40983 -7.79509
3.18622 -7.90689
2.96262 -8.01869
2.73901 -8.1305
2.5154 -8.2423
2.2918 -8.3541
2.06819 -8.46591
1.84458 -8.57771
1.62098 -8.68951
1.39737 -8.80132
1.17376 -8.91312
0.950157 -9.02492
0.72655 -9.13673
0.502943 -9.24853
0.279336 -9.36033
0.0557294 -9.47213
-0.167877 -9.58394
-0.391484 -9.69574
-0.615091 -9.80754
-0.838698 -9.91935
-1.0623 -10.0311
-1.28591 -10.143
-1.50952 -10.2548
-1.73312 -10.3666
-1.95673 -10.4784
-2.18034 -10.5902
-2.40395 -10.702
-2.62755 -10.8138
-2.85116 -10.9256
-3.07477 -11.0374
-3.29837 -11.1492
-3.52198 -11.261
-3.74559 -11.3728
-3.96919 -11.4846
-4.1928 -11.5964
-4.41641 -11.7082
-4.64001 -11.82
-4.86362 -11.9318
-5.08723 -12.0436
-5.31083 -12.1554
-5.53444 -12.2672
-5.75805 -12.379
-5.98165 -12.4908
-6.20526 -12.6026
-6.42887 -12.7144
-6.65247 -12.8262
-6.87608 -12.938
-7.09969 -13.0498
-7.32329 -13.1616
-7.5469 -13.2734
-7.77051 -13.3852
-7.99411 -13.4971
-8.21772 -13.6089
-8.44133 -13.7207
-8.66493 -13.8325
-8.88854 -13.9443
-9.11215 -14.0561
-9.33575 -14.1679
-9.55936 -14.2797
-9.78297 -14.3915
-10.0066 -14.5033
-10.2302 -14.6151
-10.4538 -14.7269
-10.6774 -14.8387
-10.901 -14.9505
-11.1246 -15.0623
-11.3482 -15.1741
-11.5718 -15.2859
-11.7954 -15.3977
-12.019 -15.5095
-13 -16