6 6
5.76283 5.92094
5.52566 5.84189
5.28849 5.76283
5.05132 5.68377
4.81415 5.60472
4.57698 5.52566
4.33981 5.4466
4.10263 5.36755
3.86546 5.28849
3.62829 5.20943
3.39112 5.13038
3.15395 5.05132
2.91678 4.97226
2.67961 4.89321
2.44244 4.81415
2.20527 4.73509
1.9681 4.65604
1.73093 4.57698
1.49376 4.49792
1.25659 4.41886
1.01941 4.33981
0.782243 4.26075
0.545073 4.18169
0.307902 4.10264
0.0707311 4.02358
-0.16644 3.94452
-0.403611 3.86547
-0.640781 3.78641
-0.877952 3.70735
-1.11512 3.62829
-1.35229 3.54924
-1.58946 3.47018
-1.82664 3.39112
-2.06381 3.31207
-2.30098 3.23301
-2.53815 3.15395
-2.77532 3.0749
-3.01249 2.99584
-3.24966 2.91678
-3.48683 2.83772
-3.724 2.75867
-3.96117 2.67961
-4.19834 2.60055
-4.43551 2.5215
-4.67268 2.44244
-4.90985 2.36338
-5.14703 2.28433
-5.3842 2.20527
-5.62137 2.12621
-5.85854 2.04716
-6.09571 1.9681
-6.33288 1.88904
-6.57005 1.80998
-6.80722 1.73093
-7.04439 1.65187
-7.28156 1.57281
-7.51873 1.49376
-7.7559 1.4147
-7.99307 1.33564
-8.23024 1.25659
-8.46742 1.17753
-8.70459 1.09847
-8.94176 1.01941
-9.17893 0.940357
-9.4161 0.8613
-9.65327 0.782243
-9.89044 0.703187
-10.1276 0.62413
-10.3648 0.545073
-10.602 0.466016
-10.8391 0.386959
-11.0763 0.307902
-11.3135 0.228845
-11.5506 0.149788
-11.7878 0.0707306
-12.025 -0.00832643
-12.2622 -0.0873835
-12.4993 -0.166441
-12.7365 -0.245498
-12.9737 -0.324555
-13.2108 -0.403612
-13.448 -0.482669
-13.6852 -0.561726
-13.9224 -0.640783
-14.1595 -0.71984
-14.1595 -0.71984
-14.1595 -0.71984
-14.1595 -0.71984
-14.1595 -0.71984
-14.1595 -0.71984
-14.1595 -0.71984
-14.1595 -0.71984
-14.1595 -0.71984
-14.1595 -0.71984
-15 -1