0 -21
-0.25 -21
-0.5 -21
-0.75 -21
-1 -21
-1.25 -21
-1.5 -21
-1.75 -21
-2 -21
-2.25 -21
-2.5 -21
-2.75 -21
-3 -21
-3.25 -21
-3.5 -21
-3.75 -21
-4 -21
-4.25 -21
-4.5 -21
-4.75 -21
-5 -21
-5.25 -21
-5.5 -21
-5.75 -21
-6 -21
-6.25 -21
-6.5 -21
-6.75 -21
-7 -21
-7.25 -21
-7.5 -21
-7.75 -21
-8 -21
-8.25 -21
-8.5 -21
-8.75 -21
-9 -21
-9.25 -21
-9.5 -21
-9.75 -21
-10 -21
-10.25 -21
-10.5 -21
-10.75 -21
-11 -21
-11.25 -21
-11.5 -21
-11.75 -21
-12 -21
-12.25 -21
-12.5 -21
-12.75 -21
-13 -21
-13.25 -21
-13.5 -21
-13.75 -21
-14 -21
-14.0854 -21.039
-14.087 -21.0412
-14.087 -21.0412
-14.087 -21.0412
-14.087 -21.0412
-14.087 -21.0412
-14.087 -21.0412
-14.087 -21.0412
-14.087 -21.0412
-14.087 -21.0412
-14.087 -21.0412
-14.087 -21.0412
-14.087 -21.0412
-14.087 -21.0412
-14.087 -21.0412
-14.087 -21.0412
-14.087 -21.0412
-14.087 -21.0412
-14.087 -21.0412
-14.087 -21.0412
-14.087 -21.0412
-14.087 -21.0412
-14.087 -21.0412
-14.087 -21.0412
-14.087 -21.0412
-14.087 -21.0412
-14.087 -21.0412
-14.087 -21.0412
-14.087 -21.0412
-14.087 -21.0412
-14.087 -21.0412
-14.087 -21.0412
-14.087 -21.0412
-14.087 -21.0412
-14.087 -21.0412
-14.087 -21.0412
-14.087 -21.0412
-14.087 -21.0412
-15 -21