5 9
5.21192 9.05533
5.45737 9.00783
5.70281 8.96033
5.94826 8.91283
6.1937 8.86533
6.43915 8.81783
6.6846 8.77033
6.93004 8.72283
7.17549 8.67534
7.42093 8.62784
7.66638 8.58034
7.91183 8.53284
8.15727 8.48534
8.40272 8.43784
8.64817 8.39034
8.89361 8.34284
9.13906 8.29535
9.3845 8.24785
9.62995 8.20035
9.8754 8.15285
10.1208 8.10535
10.3663 8.05785
10.6117 8.01035
10.8572 7.96285
11.1026 7.91536
11.3481 7.86786
11.5935 7.82036
11.839 7.77286
12.0844 7.72536
12.3299 7.67786
12.5753 7.63036
12.8208 7.58286
13.0662 7.53536
13.3116 7.48786
13.5571 7.44036
13.8025 7.39286
14.048 7.34537
14.2934 7.29787
14.5389 7.25037
14.7843 7.20287
15.0298 7.15537
15.2752 7.10787
15.5207 7.06037
15.7661 7.01287
16.0116 6.96537
16.257 6.91787
16.5024 6.87037
16.7479 6.82287
16.9933 6.77538
17.2388 6.72788
17.4842 6.68038
17.7297 6.63288
17.9751 6.58538
18.2206 6.53788
18.466 6.49038
18.7115 6.44288
18.9569 6.39538
19.2024 6.34788
19.4478 6.30038
19.6932 6.25288
19.9387 6.20539
20.1841 6.15789
20.1841 6.15789
20.1841 6.15789
20.1841 6.15789
20.1841 6.15789
20.1841 6.15789
20.1841 6.15789
20.1841 6.15789
20.1841 6.15789
20.1841 6.15789
20.1841 6.15789
20.1841 6.15789
20.1841 6.15789
20.1841 6.15789
20.1841 6.15789
20.1841 6.15789
20.1841 6.15789
20.1841 6.15789
20.1841 6.15789
20.1841 6.15789
20.1841 6.15789
20.1841 6.15789
20.1841 6.15789
20.1841 6.15789
20.1841 6.15789
20.1841 6.15789
20.1841 6.15789
20.1841 6.15789
20.1841 6.15789
20.1841 6.15789
20.1841 6.15789
20.1841 6.15789
20.1841 6.15789
21 6