0 0
0.1 0
0.197632 -0.00433821
0.299836 -0.0378466
0.434027 -0.070831
0.564911 -0.103829
0.693134 -0.139912
0.841104 -0.208579
1.06758 -0.289968
1.30225 -0.364613
1.53671 -0.439216
1.77094 -0.513776
2.00493 -0.58829
2.23869 -0.662756
2.47218 -0.737173
2.70541 -0.811537
2.93836 -0.885847
3.1815 -0.962143
3.42463 -1.03844
3.66776 -1.11473
3.9109 -1.19103
4.15403 -1.26733
4.39717 -1.34362
4.6403 -1.41992
4.89024 -1.49612
5.14004 -1.57232
5.38969 -1.64852
5.63916 -1.72473
5.88844 -1.80093
6.13766 -1.87714
6.38688 -1.95335
6.63609 -2.02955
6.88531 -2.10576
7.13452 -2.18197
7.38374 -2.25818
7.64088 -2.33365
7.89782 -2.40914
8.15451 -2.48466
8.41092 -2.56013
8.667 -2.63552
8.92272 -2.71078
9.17803 -2.78608
9.43289 -2.86143
9.68724 -2.93682
9.94101 -3.01227
10.1941 -3.08777
10.4466 -3.16334
10.6982 -3.23899
10.9489 -3.31471
11.1986 -3.39053
11.4473 -3.46645
11.7137 -3.48968
11.9487 -3.39839
12.179 -3.30117
12.4093 -3.20395
12.6396 -3.10673
12.87 -3.00952
13.1003 -2.9123
13.3306 -2.81508
13.5609 -2.71786
13.7913 -2.62065
14.0216 -2.52343
14.2519 -2.42621
14.4822 -2.329
14.7126 -2.23178
14.9429 -2.13456
15.1732 -2.03734
15.4035 -1.94013
15.6338 -1.84291
15.8642 -1.74569
16.0945 -1.64848
16.3248 -1.55126
16.5551 -1.45404
16.7855 -1.35682
17.0158 -1.25961
17.2461 -1.16239
17.4764 -1.06517
17.7068 -0.967955
17.9371 -0.870738
18.1674 -0.773521
18.3977 -0.676303
18.6281 -0.579086
18.8584 -0.481869
19.0887 -0.384651
19.0887 -0.384651
19.0887 -0.384651
19.0887 -0.384651
19.0887 -0.384651
19.0887 -0.384651
19.0887 -0.384651
19.0887 -0.384651
19.0887 -0.384651
19.0887 -0.384651
19.0887 -0.384651
19.0887 -0.384651
19.0887 -0.384651
19.0887 -0.384651
19.0887 -0.384651
20 0