20 4
19.9756 3.94716
19.9076 3.87356
19.781 3.80167
19.608 3.73165
19.4032 3.66413
19.2011 3.59748
19.017 3.52107
18.8439 3.4096
18.6689 3.2909
18.4939 3.17231
18.3189 3.05383
18.1438 2.93547
17.9687 2.81723
17.7936 2.6991
17.6184 2.5811
17.4432 2.46321
17.2673 2.34766
17.0915 2.23211
16.9156 2.11656
16.7397 2.00101
16.5639 1.88546
16.388 1.76991
16.2121 1.65436
16.0363 1.53881
15.8605 1.42291
15.6848 1.30683
15.5091 1.19067
15.3334 1.07446
15.1578 0.958227
14.9821 0.841994
14.8064 0.725851
14.6307 0.609849
14.4549 0.493991
14.2791 0.378278
14.1032 0.262711
13.9273 0.147293
13.7514 0.0320239
13.5754 -0.0830929
13.3994 -0.198056
13.2206 -0.313461
13.0104 -0.431818
12.7964 -0.550527
12.5798 -0.669475
12.3633 -0.788418
12.1468 -0.907358
11.9304 -1.02629
11.714 -1.14522
11.4977 -1.26415
11.2814 -1.38307
11.0652 -1.50198
10.8498 -1.62888
10.6344 -1.75577
10.419 -1.88266
10.2036 -2.00956
9.9882 -2.13645
9.7728 -2.26335
9.5574 -2.39024
9.34199 -2.51713
9.12659 -2.64403
8.91119 -2.77092
8.69579 -2.89782
8.48039 -3.02471
8.26499 -3.1516
8.04958 -3.2785
7.83418 -3.40539
7.61878 -3.53229
7.40338 -3.65918
7.18798 -3.78607
6.97258 -3.91297
6.75717 -4.03986
6.54177 -4.16676
6.32637 -4.29365
6.11097 -4.42054
5.89557 -4.54744
5.68017 -4.67433
5.46476 -4.80123
5.24936 -4.92812
5.03396 -5.05501
4.81856 -5.18191
4.60316 -5.3088
4.38776 -5.4357
4.17235 -5.56259
3.95695 -5.68948
3.74155 -5.81638
3.52615 -5.94327
3.31075 -6.07017
3.09535 -6.19706
2.87994 -6.32395
2.66454 -6.45085
2.44914 -6.57774
2.23374 -6.70464
2.01834 -6.83153
1.80294 -6.95843
1.58753 -7.08532
1.37213 -7.21221
1.15673 -7.33911
0.94133 -7.466
0.725928 -7.5929
0.650363 -7.67346
0.638942 -7.70164
0.638942 -7.70164
-0.05 -8.05