15 -2
14.9611 -1.98335
14.8521 -1.95874
14.7075 -1.93458
14.5312 -1.90965
14.3584 -1.88544
14.1867 -1.85287
14.0148 -1.81369
13.8461 -1.7546
13.6776 -1.69535
13.5091 -1.63594
13.34 -1.57757
13.1702 -1.52028
12.9997 -1.46419
12.8285 -1.40934
12.6565 -1.35576
12.4837 -1.30346
12.3101 -1.25244
12.1357 -1.20268
11.9606 -1.15419
11.7847 -1.10694
11.6081 -1.06092
11.4307 -1.0161
11.2526 -0.97247
11.0738 -0.930001
10.8943 -0.888671
10.7142 -0.848458
10.5333 -0.809336
10.3518 -0.771282
10.1702 -0.726085
9.99752 -0.643006
9.81937 -0.552158
9.6338 -0.454808
9.44085 -0.353014
9.23346 -0.246955
9.00702 -0.141004
8.78058 -0.0350529
8.55414 0.0708981
8.3277 0.176849
8.10127 0.2828
7.87483 0.388751
7.64839 0.494702
7.42195 0.600653
7.19551 0.706604
6.96907 0.812555
6.74263 0.918506
6.5162 1.02446
6.28976 1.13041
6.06332 1.23636
5.83688 1.34231
5.61044 1.44826
5.384 1.55421
5.15757 1.66016
4.93113 1.76611
4.70469 1.87206
4.47825 1.97802
4.25181 2.08397
4.02537 2.18992
3.79893 2.29587
3.5725 2.40182
3.34606 2.50777
3.11962 2.61372
2.89318 2.71967
2.66674 2.82562
2.4403 2.93157
2.21386 3.03752
1.98743 3.14348
1.76099 3.24943
1.53455 3.35538
1.30811 3.46133
1.08167 3.56728
0.855233 3.67323
0.718231 3.69468
0.673996 3.73052
0.671746 3.73682
0.671746 3.73682
0.671746 3.73682
0.671746 3.73682
0.671746 3.73682
0.671746 3.73682
0.671746 3.73682
0.671746 3.73682
0.671746 3.73682
0.671746 3.73682
0.671746 3.73682
0.671746 3.73682
0.671746 3.73682
0.671746 3.73682
0.671746 3.73682
0.671746 3.73682
0.671746 3.73682
0.671746 3.73682
0.671746 3.73682
0.671746 3.73682
0.671746 3.73682
0.671746 3.73682
0.671746 3.73682
0.671746 3.73682
0.05 4.05