20 4
19.9756 3.94716
19.9076 3.87356
19.781 3.80167
19.608 3.73165
19.4032 3.66413
19.2011 3.59748
19.017 3.52107
18.8439 3.40962
18.6689 3.29092
18.4939 3.17232
18.3189 3.05385
18.1438 2.93549
17.9687 2.81724
17.7936 2.69912
17.6184 2.58111
17.4432 2.46322
17.2672 2.34819
17.0912 2.23316
16.9151 2.11812
16.7391 2.00309
16.5631 1.88806
16.3871 1.77302
16.2111 1.65799
16.0351 1.54296
15.8592 1.42765
15.6833 1.31222
15.5074 1.19672
15.3315 1.08119
15.1556 0.965657
14.9798 0.850124
14.8039 0.734592
14.628 0.61906
14.4522 0.503528
14.2763 0.387996
14.1004 0.272463
13.9245 0.156931
13.7486 0.0415225
13.5727 -0.0737343
13.3967 -0.188837
13.2198 -0.30418
13.0097 -0.422593
12.7976 -0.541189
12.5811 -0.660197
12.3646 -0.779199
12.1482 -0.898198
11.9319 -1.01719
11.7156 -1.13618
11.4993 -1.25516
11.2831 -1.37414
11.067 -1.49312
10.8517 -1.62012
10.6363 -1.74713
10.421 -1.87414
10.2057 -2.00114
9.99032 -2.12815
9.77498 -2.25516
9.55965 -2.38216
9.34431 -2.50917
9.12897 -2.63618
8.91364 -2.76318
8.6983 -2.89019
8.48297 -3.01719
8.26763 -3.1442
8.05229 -3.27121
7.83696 -3.39821
7.62162 -3.52522
7.40629 -3.65223
7.19095 -3.77923
6.97562 -3.90624
6.76028 -4.03325
6.54495 -4.16025
6.32961 -4.28726
6.11428 -4.41427
5.89894 -4.54127
5.68361 -4.66828
5.46827 -4.79529
5.25293 -4.92229
5.0376 -5.0493
4.82226 -5.17631
4.60693 -5.30331
4.39159 -5.43032
4.17626 -5.55733
3.96092 -5.68433
3.74559 -5.81134
3.53025 -5.93834
3.31492 -6.06535
3.09958 -6.19236
2.88424 -6.31936
2.66891 -6.44637
2.45357 -6.57338
2.23824 -6.70038
2.0229 -6.82739
1.80757 -6.9544
1.59223 -7.0814
1.3769 -7.20841
1.16156 -7.33541
0.946224 -7.46242
-0.05 -8.05