0 0
0.1 0
0.197632 -0.00433821
0.299838 -0.0378571
0.434031 -0.0708439
0.564966 -0.10402
0.693441 -0.140885
0.843321 -0.211289
1.06983 -0.293168
1.30454 -0.368489
1.53909 -0.443778
1.77346 -0.519034
2.00766 -0.594255
2.24167 -0.66944
2.47549 -0.744588
2.70911 -0.819697
2.94252 -0.894766
3.18427 -0.971457
3.42601 -1.04815
3.66775 -1.12484
3.90949 -1.20153
4.15123 -1.27822
4.39297 -1.35491
4.63471 -1.4316
4.88504 -1.50818
5.13531 -1.58477
5.38549 -1.66135
5.63559 -1.73793
5.88558 -1.81452
6.13548 -1.8911
6.38531 -1.96769
6.63514 -2.04428
6.88466 -2.12087
7.13403 -2.19746
7.38324 -2.27405
7.64122 -2.34955
7.89912 -2.42483
8.15695 -2.49992
8.41467 -2.57482
8.6723 -2.64954
8.9298 -2.72409
9.18718 -2.79865
9.44442 -2.87322
9.7015 -2.94781
9.9584 -3.02241
10.2151 -3.09703
10.4716 -3.17167
10.7278 -3.24634
10.9838 -3.32103
11.2394 -3.39575
11.4948 -3.4705
11.7622 -3.48067
12.004 -3.4171
12.2458 -3.35353
12.4876 -3.28996
12.7293 -3.22638
12.9711 -3.16281
13.2129 -3.09924
13.4547 -3.03566
13.6965 -2.97209
13.9383 -2.90852
14.18 -2.84495
14.4218 -2.78137
14.6636 -2.7178
14.9054 -2.65423
15.1472 -2.59065
15.389 -2.52708
15.6307 -2.46351
15.8725 -2.39994
16.1143 -2.33636
16.3561 -2.27279
16.5979 -2.20922
16.8396 -2.14564
17.0814 -2.08207
17.3232 -2.0185
17.565 -1.95493
17.8068 -1.89135
18.0485 -1.82778
18.2903 -1.76421
18.5321 -1.70063
18.7739 -1.63706
19.0157 -1.57349
19.2575 -1.50992
19.4992 -1.44634
19.741 -1.38277
19.9828 -1.3192
20.2246 -1.25562
20.4664 -1.19205
20.7081 -1.12848
20.9499 -1.06491
21.1917 -1.00133
21.4335 -0.93776
21.6753 -0.874187
21.917 -0.810614
22.1588 -0.747041
22.4006 -0.683469
22.6424 -0.619896
22.8842 -0.556323
23.126 -0.49275
23.3677 -0.429178
23.6095 -0.365605
23.8513 -0.302032
25 0