15 -2
14.9611 -1.98335
14.8521 -1.95874
14.7075 -1.93458
14.5312 -1.90965
14.3584 -1.88544
14.1867 -1.85288
14.0148 -1.81357
13.8463 -1.75454
13.6778 -1.69536
13.5094 -1.63602
13.3404 -1.57774
13.1707 -1.52057
13.0003 -1.46461
12.8291 -1.40989
12.6571 -1.35645
12.4844 -1.30429
12.3108 -1.25342
12.1365 -1.20381
11.9614 -1.15547
11.7856 -1.10837
11.609 -1.0625
11.4317 -1.01784
11.2536 -0.974369
11.0749 -0.932057
10.8954 -0.890885
10.7153 -0.850829
10.5345 -0.811866
10.353 -0.77397
10.1716 -0.726529
9.99917 -0.642609
9.82008 -0.550752
9.63438 -0.453296
9.4402 -0.350903
9.23074 -0.244628
9.00429 -0.138698
8.77784 -0.0327687
8.55139 0.0731609
8.32495 0.179091
8.0985 0.28502
7.87205 0.39095
7.6456 0.496879
7.41915 0.602809
7.1927 0.708738
6.96626 0.814668
6.73981 0.920598
6.51336 1.02653
6.28691 1.13246
6.06046 1.23839
5.83401 1.34432
5.60756 1.45025
5.38112 1.55618
5.15467 1.6621
4.92822 1.76803
4.70177 1.87396
4.47532 1.97989
4.24887 2.08582
4.02242 2.19175
3.79598 2.29768
3.56953 2.40361
3.34308 2.50954
3.11663 2.61547
2.89018 2.7214
2.66373 2.82733
2.43728 2.93326
2.21084 3.03919
1.98439 3.14512
1.75794 3.25105
1.53149 3.35698
1.30504 3.46291
1.07859 3.56884
0.852145 3.67477
0.715127 3.69616
0.670939 3.73199
0.668722 3.73821
0.668722 3.73821
0.668722 3.73821
0.668722 3.73821
0.668722 3.73821
0.668722 3.73821
0.668722 3.73821
0.668722 3.73821
0.668722 3.73821
0.668722 3.73821
0.668722 3.73821
0.668722 3.73821
0.668722 3.73821
0.668722 3.73821
0.668722 3.73821
0.668722 3.73821
0.668722 3.73821
0.668722 3.73821
0.668722 3.73821
0.668722 3.73821
0.668722 3.73821
0.668722 3.73821
0.668722 3.73821
0.668722 3.73821
0.668722 3.73821
0.668722 3.73821
0.668722 3.73821
0.668722 3.73821
0.05 4.05