15 2
14.961 1.98362
14.8522 1.95905
14.7096 1.93526
14.5493 1.91281
14.3523 1.90232
14.139 1.8829
13.9084 1.85442
13.6731 1.804
13.4271 1.73599
13.1776 1.66223
12.9263 1.58548
12.674 1.5072
12.4212 1.42813
12.1683 1.34867
11.9152 1.26902
11.662 1.1893
11.4089 1.10957
11.1552 1.02891
10.9012 0.94777
10.647 0.866367
10.3928 0.784825
10.1385 0.703206
9.88414 0.621547
9.62981 0.539866
9.37548 0.458184
9.12114 0.376503
8.86681 0.294821
8.61247 0.21314
8.36315 0.131509
8.1204 0.0499445
7.8868 -0.0315275
7.66109 -0.11292
7.4384 -0.194281
7.21611 -0.275639
6.99458 -0.391508
6.77306 -0.507378
6.55153 -0.623247
6.33 -0.739116
6.10847 -0.854985
5.88695 -0.970854
5.66542 -1.08672
5.44389 -1.20259
5.22237 -1.31846
5.00084 -1.43433
4.77931 -1.5502
4.55778 -1.66607
4.33626 -1.78194
4.11473 -1.89781
3.8932 -2.01368
3.67167 -2.12954
3.45015 -2.24541
3.22862 -2.36128
3.00709 -2.47715
2.78556 -2.59302
2.56404 -2.70889
2.34251 -2.82476
2.12098 -2.94063
1.89946 -3.0565
1.67793 -3.17237
1.4564 -3.28823
1.23487 -3.4041
1.01335 -3.51997
0.791819 -3.63584
0.64116 -3.64247
0.569109 -3.6479
0.562841 -3.65618
0.562841 -3.65618
0.562841 -3.65618
0.562841 -3.65618
0.562841 -3.65618
0.562841 -3.65618
0.562841 -3.65618
0.562841 -3.65618
0.562841 -3.65618
0.562841 -3.65618
0.562841 -3.65618
0.562841 -3.65618
0.562841 -3.65618
0.562841 -3.65618
0.562841 -3.65618
0.562841 -3.65618
0.562841 -3.65618
0.562841 -3.65618
0.562841 -3.65618
0.562841 -3.65618
0.562841 -3.65618
0.562841 -3.65618
0.562841 -3.65618
0.562841 -3.65618
0.562841 -3.65618
0.562841 -3.65618
0.562841 -3.65618
0.562841 -3.65618
0.562841 -3.65618
0.562841 -3.65618
0.562841 -3.65618
0.562841 -3.65618
0.562841 -3.65618
0.562841 -3.65618
0.562841 -3.65618
0.562841 -3.65618
-0 -4.05