20 -4
19.9757 -3.9469
19.9078 -3.87315
19.7811 -3.80137
19.6071 -3.73131
19.3935 -3.66206
19.168 -3.59192
18.9324 -3.51648
18.6939 -3.42378
18.4562 -3.32007
18.2182 -3.2155
17.9816 -3.11567
17.7459 -3.01925
17.5111 -2.92602
17.2772 -2.83571
17.044 -2.74814
16.8116 -2.66315
16.5798 -2.58061
16.3487 -2.50043
16.1183 -2.42249
15.8884 -2.34673
15.6592 -2.27307
15.4305 -2.20143
15.2024 -2.13176
14.9748 -2.06398
14.7477 -1.99805
14.5211 -1.93392
14.2951 -1.87152
14.0695 -1.81082
13.8443 -1.75177
13.6192 -1.69263
13.3921 -1.62653
13.1625 -1.55164
12.9303 -1.46776
12.6954 -1.37394
12.4563 -1.26526
12.2105 -1.13308
11.9634 -0.996158
11.7162 -0.85886
11.4689 -0.721172
11.2238 -0.581374
11.0102 -0.429166
10.8003 -0.276448
10.6023 -0.123807
10.4043 0.0288343
10.2063 0.181475
10.0083 0.334116
9.81033 0.486757
9.61234 0.639398
9.41435 0.792039
9.21636 0.94468
9.01837 1.09732
8.82038 1.24996
8.62239 1.4026
8.42439 1.55524
8.2264 1.70789
8.02841 1.86053
7.83042 2.01317
7.63243 2.16581
7.43444 2.31845
7.23644 2.47109
7.03845 2.62373
6.84046 2.77637
6.64247 2.92901
6.44448 3.08166
6.24649 3.2343
6.04849 3.38694
5.8505 3.53958
5.65251 3.69222
5.45452 3.84486
5.25653 3.9975
5.05853 4.15014
4.86054 4.30278
4.66255 4.45542
4.46456 4.60806
4.26657 4.76071
4.06857 4.91335
3.87058 5.06599
3.67259 5.21863
3.4746 5.37127
3.27661 5.52391
3.07862 5.67655
2.88063 5.82919
2.68263 5.98183
2.48464 6.13447
2.28665 6.28711
2.08866 6.43976
1.89067 6.5924
1.69268 6.74504
1.49468 6.89768
1.29669 7.05032
1.0987 7.20296
0.900708 7.3556
0.702717 7.50824
0.634172 7.59409
0.622743 7.62409
0.622743 7.62409
0.622743 7.62409
0.622743 7.62409
0.622743 7.62409
0.622743 7.62409
0.622743 7.62409
0 8.05