10 0
9.9 0.00124998
9.80237 0.00681917
9.70018 0.0414869
9.48115 0.112663
9.24364 0.171829
9.00468 0.222676
8.7647 0.267322
8.52131 0.294238
8.27649 0.313093
8.03183 0.331916
7.78736 0.350702
7.54308 0.369451
7.29902 0.388158
7.05518 0.406821
6.81159 0.425435
6.56827 0.443997
6.32525 0.462501
6.08255 0.480942
5.8402 0.499314
5.59824 0.51761
5.35672 0.535822
5.11568 0.55394
4.87517 0.571952
4.62693 0.55334
4.3784 0.526304
4.12987 0.499267
3.88133 0.47223
3.6328 0.445194
3.38426 0.418157
3.13573 0.39112
2.8872 0.364083
2.63866 0.337047
2.39013 0.31001
2.1416 0.282973
1.89306 0.255936
1.64453 0.2289
1.39599 0.201863
1.14746 0.174826
0.898927 0.14779
0.753877 0.140661
0.707872 0.119902
0.707872 0.119902
0.707872 0.119902
0.707872 0.119902
0.707872 0.119902
0.707872 0.119902
0.707872 0.119902
0.707872 0.119902
0.707872 0.119902
0.707872 0.119902
0.707872 0.119902
0.707872 0.119902
0.707872 0.119902
0.707872 0.119902
0.707872 0.119902
0.707872 0.119902
0.707872 0.119902
0.707872 0.119902
0.707872 0.119902
0.707872 0.119902
0.707872 0.119902
0.707872 0.119902
0.707872 0.119902
0.707872 0.119902
0.707872 0.119902
0.707872 0.119902
0.707872 0.119902
0.707872 0.119902
0.707872 0.119902
0.707872 0.119902
0.707872 0.119902
0.707872 0.119902
0.707872 0.119902
0.707872 0.119902
0.707872 0.119902
0.707872 0.119902
0.707872 0.119902
0.707872 0.119902
0.707872 0.119902
0.707872 0.119902
0.707872 0.119902
0.707872 0.119902
0.707872 0.119902
0.707872 0.119902
0.707872 0.119902
0.707872 0.119902
0.707872 0.119902
0.707872 0.119902
0.707872 0.119902
0.707872 0.119902
0.707872 0.119902
0.707872 0.119902
0.707872 0.119902
0.707872 0.119902
0.707872 0.119902
0.707872 0.119902
0.707872 0.119902
0 0.05