15 2
14.961 1.98362
14.8522 1.95905
14.7096 1.93526
14.5493 1.91281
14.3523 1.90232
14.1391 1.88297
13.9085 1.85494
13.6738 1.80565
13.4282 1.73848
13.179 1.6655
12.928 1.58952
12.6761 1.512
12.4237 1.43369
12.1711 1.35501
11.9183 1.27615
11.6655 1.19722
11.4128 1.1183
11.1593 1.03826
10.9055 0.95763
10.6515 0.876685
10.3974 0.79557
10.1432 0.714364
9.88899 0.633107
9.63477 0.551824
9.38055 0.47054
9.12634 0.389257
8.87212 0.307974
8.6179 0.22669
8.36769 0.145447
8.12483 0.0642781
7.88996 -0.0168102
7.66401 -0.0978086
7.44148 -0.178773
7.21935 -0.259732
6.99782 -0.374821
6.77649 -0.491062
6.55516 -0.607304
6.33383 -0.723545
6.1125 -0.839786
5.89116 -0.956027
5.66983 -1.07227
5.4485 -1.18851
5.22717 -1.30475
5.00584 -1.42099
4.7845 -1.53723
4.56317 -1.65347
4.34184 -1.76972
4.12051 -1.88596
3.89917 -2.0022
3.67784 -2.11844
3.45651 -2.23468
3.23518 -2.35092
3.01385 -2.46716
2.79251 -2.5834
2.57118 -2.69965
2.34985 -2.81589
2.12852 -2.93213
1.90718 -3.04837
1.68585 -3.16461
1.46452 -3.28085
1.24319 -3.39709
1.02185 -3.51333
0.800523 -3.62958
0.649754 -3.63633
0.577596 -3.64186
0.571245 -3.65025
0.571245 -3.65025
0.571245 -3.65025
0.571245 -3.65025
0.571245 -3.65025
0.571245 -3.65025
0.571245 -3.65025
0.571245 -3.65025
0.571245 -3.65025
0.571245 -3.65025
0.571245 -3.65025
0.571245 -3.65025
0.571245 -3.65025
0.571245 -3.65025
0.571245 -3.65025
0.571245 -3.65025
0.571245 -3.65025
0.571245 -3.65025
0.571245 -3.65025
0.571245 -3.65025
0.571245 -3.65025
0.571245 -3.65025
0.571245 -3.65025
0.571245 -3.65025
0.571245 -3.65025
0.571245 -3.65025
0.571245 -3.65025
0.571245 -3.65025
0.571245 -3.65025
0.571245 -3.65025
0.571245 -3.65025
0.571245 -3.65025
-0 -4.05