10 0
9.9 0.00124998
9.80237 0.00681917
9.70018 0.0414869
9.48113 0.112652
9.24363 0.17181
9.00465 0.22257
8.76458 0.266803
8.521 0.292817
8.27602 0.310948
8.03121 0.329046
7.78657 0.34711
7.54212 0.365138
7.29788 0.383125
7.05385 0.401069
6.81007 0.418967
6.56655 0.436813
6.32331 0.454604
6.08038 0.472335
5.8378 0.489998
5.59559 0.507589
5.35381 0.525097
5.11248 0.542515
4.87168 0.559833
4.62337 0.541216
4.37477 0.514803
4.12617 0.48839
3.87757 0.461978
3.62896 0.435565
3.38036 0.409152
3.13176 0.382739
2.88316 0.356326
2.63456 0.329913
2.38596 0.3035
2.13736 0.277087
1.88876 0.250674
1.64016 0.224261
1.39156 0.197848
1.14296 0.171435
0.894356 0.145022
0.749316 0.13807
0.703391 0.117353
0.703391 0.117353
0.703391 0.117353
0.703391 0.117353
0.703391 0.117353
0.703391 0.117353
0.703391 0.117353
0.703391 0.117353
0.703391 0.117353
0.703391 0.117353
0.703391 0.117353
0.703391 0.117353
0.703391 0.117353
0.703391 0.117353
0.703391 0.117353
0.703391 0.117353
0.703391 0.117353
0.703391 0.117353
0.703391 0.117353
0.703391 0.117353
0.703391 0.117353
0.703391 0.117353
0.703391 0.117353
0.703391 0.117353
0.703391 0.117353
0.703391 0.117353
0.703391 0.117353
0.703391 0.117353
0.703391 0.117353
0.703391 0.117353
0.703391 0.117353
0.703391 0.117353
0.703391 0.117353
0.703391 0.117353
0.703391 0.117353
0.703391 0.117353
0.703391 0.117353
0.703391 0.117353
0.703391 0.117353
0.703391 0.117353
0.703391 0.117353
0.703391 0.117353
0.703391 0.117353
0.703391 0.117353
0.703391 0.117353
0.703391 0.117353
0.703391 0.117353
0.703391 0.117353
0.703391 0.117353
0.703391 0.117353
0.703391 0.117353
0.703391 0.117353
0.703391 0.117353
0.703391 0.117353
0.703391 0.117353
0.703391 0.117353
0.703391 0.117353
0.703391 0.117353
0.703391 0.117353
0.703391 0.117353
0.703391 0.117353
0 0.05