20 -4
19.9757 -3.9469
19.9078 -3.87315
19.7811 -3.80137
19.6071 -3.73131
19.3935 -3.66206
19.168 -3.59192
18.9324 -3.51649
18.6939 -3.42367
18.4561 -3.31974
18.218 -3.2148
17.9813 -3.1147
17.7456 -3.01803
17.5107 -2.92459
17.2767 -2.83409
17.0435 -2.74633
16.811 -2.66117
16.5792 -2.57847
16.3481 -2.49813
16.1175 -2.42004
15.8877 -2.34413
15.6584 -2.27032
15.4296 -2.19854
15.2015 -2.12872
14.9738 -2.0608
14.7467 -1.99474
14.5201 -1.93046
14.294 -1.86793
14.0684 -1.80709
13.8432 -1.74789
13.6181 -1.68908
13.3911 -1.62342
13.1618 -1.54953
12.9299 -1.4663
12.6953 -1.37364
12.4567 -1.26704
12.2115 -1.1367
11.9644 -0.999761
11.7171 -0.862442
11.4698 -0.724733
11.2232 -0.586001
11.0096 -0.433741
10.798 -0.281123
10.6001 -0.128409
10.4022 0.0243058
10.2042 0.177021
10.0063 0.329735
9.80837 0.48245
9.61044 0.635165
9.4125 0.787879
9.21457 0.940594
9.01663 1.09331
8.8187 1.24602
8.62076 1.39874
8.42283 1.55145
8.22489 1.70417
8.02696 1.85688
7.82902 2.0096
7.63109 2.16231
7.43315 2.31503
7.23522 2.46774
7.03728 2.62046
6.83934 2.77317
6.64141 2.92589
6.44348 3.0786
6.24554 3.23131
6.04761 3.38403
5.84967 3.53674
5.65174 3.68946
5.4538 3.84217
5.25587 3.99489
5.05793 4.1476
4.86 4.30032
4.66206 4.45303
4.46413 4.60575
4.26619 4.75846
4.06826 4.91118
3.87032 5.06389
3.67239 5.21661
3.47445 5.36932
3.27652 5.52204
3.07858 5.67475
2.88065 5.82747
2.68271 5.98018
2.48478 6.13289
2.28684 6.28561
2.08891 6.43832
1.89097 6.59104
1.69304 6.74375
1.4951 6.89647
1.29717 7.04918
1.09923 7.2019
0.901298 7.35461
0.703363 7.50733
0.634846 7.59316
0.623419 7.62315
0.623419 7.62315
0.623419 7.62315
0 8.05