-8 -13
-8.05 -12.9019
-8.10554 -12.7166
-8.18535 -12.585
-8.35239 -12.4524
-8.5188 -12.3196
-8.68455 -12.1866
-8.84964 -12.0534
-9.01401 -11.9199
-9.17766 -11.7861
-9.34054 -11.6521
-9.50263 -11.5178
-9.66388 -11.3832
-9.82426 -11.2483
-9.98372 -11.1131
-10.1422 -10.9775
-10.2997 -10.8416
-10.4561 -10.7053
-10.6114 -10.5686
-10.7655 -10.4315
-10.9183 -10.294
-11.0698 -10.1559
-11.2316 -9.99657
-11.3971 -9.81523
-11.5626 -9.62783
-11.7281 -9.44044
-11.8935 -9.25304
-12.059 -9.06564
-12.2245 -8.87825
-12.39 -8.69085
-12.39 -8.69085
-12.39 -8.69085
-12.39 -8.69085
-12.39 -8.69085
-12.39 -8.69085
-12.39 -8.69085
-12.39 -8.69085
-12.39 -8.69085
-12.39 -8.69085
-12.39 -8.69085
-12.39 -8.69085
-12.39 -8.69085
-12.39 -8.69085
-12.39 -8.69085
-12.39 -8.69085
-12.39 -8.69085
-12.39 -8.69085
-12.39 -8.69085
-12.39 -8.69085
-12.39 -8.69085
-12.39 -8.69085
-12.39 -8.69085
-12.39 -8.69085
-12.39 -8.69085
-12.39 -8.69085
-12.39 -8.69085
-12.39 -8.69085
-12.39 -8.69085
-12.39 -8.69085
-12.39 -8.69085
-12.39 -8.69085
-12.39 -8.69085
-12.3906 -8.69064
-12.394 -8.68961
-12.4003 -8.68806
-12.4092 -8.68638
-12.4208 -8.68511
-12.4347 -8.68495
-12.4505 -8.68675
-12.4671 -8.69149
-12.4828 -8.69987
-12.4956 -8.71168
-12.5073 -8.72409
-12.519 -8.73651
-12.5307 -8.74892
-12.5424 -8.76133
-12.5542 -8.77375
-12.5659 -8.78616
-12.5776 -8.79858
-12.5893 -8.81099
-12.601 -8.8234
-12.6128 -8.83582
-12.6245 -8.84823
-12.6362 -8.86065
-12.6479 -8.87306
-12.6596 -8.88547
-12.6714 -8.89789
-12.6831 -8.9103
-12.6948 -8.92272
-12.7065 -8.93513
-12.7182 -8.94754
-12.73 -8.95996
-12.7417 -8.97237
-12.8226 -8.91941
-12.8344 -8.93183
-12.8461 -8.94424
-12.8578 -8.95666
-12.8695 -8.96907
-12.8812 -8.98148
-12.893 -8.9939
-12.9047 -9.00631
-13.0339 -8.90775
-13.0457 -8.92017
-13.0574 -8.93258
-13.0691 -8.945
-13.0808 -8.95741
-13.0925 -8.96982
-13.1043 -8.98224
-13.116 -8.99465
-13.2363 -8.90448
-13.2481 -8.9169
-13.2598 -8.92931
-13.2598 -8.92933
-13.2598 -8.92933
-13.2598 -8.92933
-13.2598 -8.92933
-13.2598 -8.92933
-13.2598 -8.92933
-13.2598 -8.92933
-13.2598 -8.92933
-13.2598 -8.92933
-13.2598 -8.92933
-13.2598 -8.92933
-13.2598 -8.92933
-13.2598 -8.92933
-13.2598 -8.92933
-13.2598 -8.92933
-13.2598 -8.92933
-13.2598 -8.92933
-13.2598 -8.92933
-13.2598 -8.92933
-13.2598 -8.92933
-13.2598 -8.92933
-13.2598 -8.92933
-13.2598 -8.92933
-13.2598 -8.92933
-13.2598 -8.92933
-13.2598 -8.92933
-13.2598 -8.92933
-13.2598 -8.92933
-13.2598 -8.92933
-13.2598 -8.92933
-13.2598 -8.92933
-13.2598 -8.92933
-13.2598 -8.92933
-13.2598 -8.92933
-13.2598 -8.92933
-13.2598 -8.92933
-13.2598 -8.92933
-13.2598 -8.92933
-13.2598 -8.92933
-13.2598 -8.92933
-13.2598 -8.92933
-13.2598 -8.92933
-13.2598 -8.92933
-13.2598 -8.92933
-13.2598 -8.92933
-13.2598 -8.92933
-13.2598 -8.92933
-13.2598 -8.92933
-13.2598 -8.92933
-13.2598 -8.92933
-13.2598 -8.92933
-13.2598 -8.92933
-13.2598 -8.92933
-13.2598 -8.92933
-13.2598 -8.92933
-13.2598 -8.92933
-13.2598 -8.92933
-13 -8