-10 21
-10.0718 20.7605
-10.1437 20.5211
-10.2155 20.2816
-10.2873 20.0422
-10.3592 19.8027
-10.431 19.5633
-10.5029 19.3238
-10.5747 19.0844
-10.6465 18.8449
-10.7184 18.6054
-10.7902 18.366
-10.862 18.1265
-10.9339 17.8871
-11.0057 17.6476
-11.0776 17.4082
-11.1494 17.1687
-11.2212 16.9292
-11.2931 16.6898
-11.3649 16.4503
-11.4539 16.2142
-11.5429 15.9781
-11.6319 15.742
-11.7209 15.5059
-11.8099 15.2698
-11.8989 15.0336
-11.9879 14.7975
-12.0769 14.5613
-12.1659 14.3251
-12.2549 14.0889
-12.3439 13.8527
-12.4329 13.6165
-12.5219 13.3803
-12.6109 13.144
-12.6999 12.9078
-12.789 12.6715
-12.878 12.4352
-12.967 12.199
-13.0561 11.9626
-13.1451 11.7263
-13.2341 11.49
-13.3232 11.2537
-13.4122 11.0173
-13.5012 10.7809
-13.5903 10.5445
-13.6793 10.3081
-13.7684 10.0717
-13.8574 9.83529
-13.9465 9.59885
-14.0356 9.36239
-14.1031 9.1217
-14.1707 8.88101
-14.2383 8.64032
-14.3059 8.39963
-14.3735 8.15894
-14.4411 7.91825
-14.5087 7.67756
-14.5763 7.43687
-14.6438 7.19618
-14.7114 6.95549
-14.779 6.7148
-14.8466 6.47411
-14.9142 6.23342
-14.9818 5.99273
-15.0494 5.75204
-15.117 5.51135
-15.1845 5.27066
-15.2521 5.02997
-15.3197 4.78928
-15.3873 4.54858
-15.4549 4.30789
-15.5225 4.0672
-15.5901 3.82651
-15.6577 3.58582
-15.7253 3.34513
-15.7928 3.10444
-15.8604 2.86375
-15.928 2.62306
-15.9956 2.38237
-16.0632 2.14168
-16.1308 1.90099
-16.1984 1.6603
-16.266 1.41961
-16.3336 1.17892
-16.4011 0.938231
-16.4687 0.697541
-16.5363 0.456851
-16.6039 0.216161
-16.6715 -0.0245298
-16.7391 -0.26522
-16.8067 -0.50591
-16.8743 -0.746601
-16.9419 -0.987291
-17.0094 -1.22798
-17.077 -1.46867
-17.1446 -1.70936
-17.2122 -1.95005
-17.2798 -2.19074
-17.3474 -2.43143
-17.415 -2.67212
-17.4826 -2.91281
-17.5501 -3.1535
-17.6177 -3.39419
-17.6853 -3.63488
-17.7529 -3.87557
-17.8205 -4.11626
-17.8881 -4.35695
-17.9557 -4.59764
-18.0233 -4.83834
-18.0909 -5.07903
-18.1584 -5.31972
-18.226 -5.56041
-18.2936 -5.8011
-18.3612 -6.04179
-18.4288 -6.28248
-18.4964 -6.52317
-18.564 -6.76386
-18.6316 -7.00455
-18.6992 -7.24524
-18.7667 -7.48593
-18.8343 -7.72662
-18.9019 -7.96731
-18.9695 -8.208
-19.0371 -8.44869
-19.1047 -8.68938
-19.1723 -8.93007
-19.2399 -9.17076
-19.3075 -9.41145
-19.375 -9.65214
-19.4426 -9.89283
-19.5102 -10.1335
-19.5778 -10.3742
-19.6454 -10.6149
-19.713 -10.8556
-19.7806 -11.0963
-19.8482 -11.337
-19.9157 -11.5777
-19.9833 -11.8184
-20.0509 -12.059
-20.1185 -12.2997
-20.1861 -12.5404
-20.2537 -12.7811
-20.3213 -13.0218
-20.3889 -13.2625
-20.4564 -13.5032
-20.524 -13.7439
-20.5916 -13.9846
-20.6592 -14.2253
-20.7268 -14.4659
-20.7944 -14.7066
-20.862 -14.9473
-20.9296 -15.188
-20.9972 -15.4287
-21.0647 -15.6694
-21.1323 -15.9101
-21.1999 -16.1508
-21.2675 -16.3915
-21.3351 -16.6322
-21.4027 -16.8728
-21.4703 -17.1135
-21.5379 -17.3542
-21.6054 -17.5949
-21.673 -17.8356
-21.7406 -18.0763
-21.7406 -18.0763
-21.7406 -18.0763
-21.7406 -18.0763
-21.7406 -18.0763
-21.7406 -18.0763
-22 -19