-14 -13
-13.95 -12.9055
-13.9097 -12.7
-13.8519 -12.4568
-13.7271 -12.2217
-13.6022 -11.9865
-13.4772 -11.7513
-13.3521 -11.516
-13.2269 -11.2808
-13.1015 -11.0454
-12.976 -10.81
-12.8503 -10.5746
-12.7246 -10.3391
-12.5987 -10.1036
-12.4726 -9.86799
-12.3464 -9.63236
-12.2201 -9.39668
-12.0936 -9.16095
-11.9669 -8.92516
-11.8402 -8.68932
-11.7132 -8.45342
-11.5861 -8.21747
-11.4503 -8.00316
-11.3137 -7.79384
-11.177 -7.58451
-11.0403 -7.37519
-10.9036 -7.16587
-10.7669 -6.95655
-10.6302 -6.74723
-10.4935 -6.5379
-10.3568 -6.32858
-10.2201 -6.11926
-10.0834 -5.90994
-9.94674 -5.70062
-9.81005 -5.49129
-9.67336 -5.28197
-9.53667 -5.07265
-9.39998 -4.86333
-9.26329 -4.65401
-9.1266 -4.44468
-8.98991 -4.23536
-8.85322 -4.02604
-8.71653 -3.81672
-8.57983 -3.6074
-8.44314 -3.39808
-8.30645 -3.18875
-8.16976 -2.97943
-8.03307 -2.77011
-7.89638 -2.56079
-7.75969 -2.35147
-7.623 -2.14215
-7.48631 -1.93282
-7.34962 -1.7235
-7.21293 -1.51418
-7.07624 -1.30486
-6.93954 -1.09554
-6.80285 -0.886214
-6.66616 -0.676892
-6.52947 -0.467571
-6.39278 -0.258249
-6.25609 -0.0489271
-6.1194 0.160395
-5.98271 0.369717
-5.84602 0.579038
-5.70933 0.78836
-5.57264 0.997682
-5.43595 1.207
-5.29926 1.41633
-5.16257 1.62565
-5.02588 1.83497
-4.88918 2.04429
-4.75249 2.25361
-4.6158 2.46293
-4.47911 2.67226
-4.34242 2.88158
-4.20573 3.0909
-4.06904 3.30022
-3.93235 3.50954
-3.79566 3.71886
-3.65897 3.92819
-3.52228 4.13751
-3.38559 4.34683
-3.24889 4.55615
-3.1122 4.76547
-2.97551 4.9748
-2.83882 5.18412
-2.70213 5.39344
-2.56544 5.60276
-2.42875 5.81208
-2.29206 6.02141
-2.15537 6.23073
-2.01868 6.44005
-1.88199 6.64937
-1.74529 6.85869
-1.6086 7.06801
-1.47191 7.27734
-1.47191 7.27734
-1.47191 7.27734
-1.47191 7.27734
-1.47191 7.27734
-1.47191 7.27734
-1.47191 7.27734
-1.47191 7.27734
-1.47191 7.27734
-1.47191 7.27734
-1.47191 7.27734
-1.47191 7.27734
-1.47191 7.27734
-1.47191 7.27734
-1.47191 7.27734
-1.47191 7.27734
-1.47191 7.27734
-1.47191 7.27734
-1.47191 7.27734
-1.47191 7.27734
-1.47191 7.27734
-1.47191 7.27734
-1.47191 7.27734
-1.47191 7.27734
-1.47191 7.27734
-1.47191 7.27734
-1.47191 7.27734
-1.47191 7.27734
-1.47191 7.27734
-1.47191 7.27734
-1.47191 7.27734
-1.47191 7.27734
-1.47191 7.27734
-1.47191 7.27734
-1.47191 7.27734
-1.47191 7.27734
-1.47191 7.27734
-1.47191 7.27734
-1.47191 7.27734
-1.47191 7.27734
-1.47191 7.27734
-1.47191 7.27734
-1.47191 7.27734
-1.47191 7.27734
-1.47191 7.27734
-1.47191 7.27734
-1.47191 7.27734
-1.47191 7.27734
-1.47191 7.27734
-1.47191 7.27734
-1.47191 7.27734
-1.47191 7.27734
-1.47191 7.27734
-1.47191 7.27734
-1.47191 7.27734
-1.47191 7.27734
-1.47191 7.27734
-1.47191 7.27734
-1.47191 7.27734
-1.47191 7.27734
-1.47191 7.27734
-1.47191 7.27734
-1.47191 7.27734
-1.47191 7.27734
-1.47191 7.27734
-1.47191 7.27734
-1.47191 7.27734
-1.47191 7.27734
-1.47191 7.27734
-1.47191 7.27734
-1.47191 7.27734
-1.47191 7.27734
-1.47191 7.27734
-1.47191 7.27734
-1 8