-12 -3
-12.0114 -2.75026
-12.0227 -2.50052
-12.0341 -2.25077
-12.0454 -2.00103
-12.0568 -1.75129
-12.0681 -1.50155
-12.0795 -1.25181
-12.0908 -1.00206
-12.1022 -0.752321
-12.1135 -0.502579
-12.1249 -0.252837
-12.1362 -0.0030947
-12.1476 0.246647
-12.1589 0.49639
-12.1703 0.746132
-12.1816 0.995874
-12.193 1.24562
-12.2043 1.49536
-12.2157 1.7451
-12.2099 1.99147
-12.2041 2.23779
-12.1983 2.48404
-12.1926 2.73024
-12.1868 2.97636
-12.1811 3.22243
-12.1753 3.46842
-12.1696 3.71434
-12.1639 3.96019
-12.1583 4.20596
-12.1526 4.45166
-12.1469 4.69727
-12.1413 4.94279
-12.1357 5.18823
-12.1301 5.43358
-12.1245 5.67883
-12.119 5.92397
-12.1134 6.16902
-12.1079 6.41396
-12.1024 6.65878
-12.097 6.90348
-12.0915 7.14806
-12.0861 7.39251
-12.0807 7.63683
-12.0753 7.881
-12.07 8.12502
-12.0647 8.36888
-12.0594 8.61258
-12.0542 8.8561
-12.049 9.09944
-12.0729 9.3483
-12.0968 9.59715
-12.1207 9.84601
-12.1446 10.0949
-12.1685 10.3437
-12.1924 10.5926
-12.2163 10.8414
-12.2402 11.0903
-12.2641 11.3391
-12.288 11.588
-12.3119 11.8368
-12.3358 12.0857
-12.3597 12.3346
-12.3836 12.5834
-12.4075 12.8323
-12.4314 13.0811
-12.4554 13.33
-12.4793 13.5788
-12.5032 13.8277
-12.5271 14.0765
-12.551 14.3254
-12.5749 14.5742
-12.5988 14.8231
-12.6227 15.072
-12.6466 15.3208
-12.6705 15.5697
-12.6944 15.8185
-12.7183 16.0674
-12.7422 16.3162
-12.7661 16.5651
-12.79 16.8139
-12.8139 17.0628
-12.8378 17.3116
-12.8617 17.5605
-12.8856 17.8093
-12.9095 18.0582
-12.9095 18.0582
-12.9095 18.0582
-12.9095 18.0582
-12.9095 18.0582
-12.9095 18.0582
-12.9095 18.0582
-12.9095 18.0582
-12.9095 18.0582
-12.9095 18.0582
-12.9095 18.0582
-12.9095 18.0582
-12.9095 18.0582
-12.9095 18.0582
-12.9095 18.0582
-12.9095 18.0582
-12.9095 18.0582
-12.9095 18.0582
-12.9095 18.0582
-12.9095 18.0582
-12.9095 18.0582
-12.9095 18.0582
-12.9095 18.0582
-12.9095 18.0582
-12.9095 18.0582
-12.9095 18.0582
-12.9095 18.0582
-12.9095 18.0582
-12.9095 18.0582
-12.9095 18.0582
-12.9095 18.0582
-12.9095 18.0582
-12.9095 18.0582
-12.9095 18.0582
-12.9095 18.0582
-12.9095 18.0582
-12.9095 18.0582
-12.9095 18.0582
-12.9095 18.0582
-12.9095 18.0582
-12.9095 18.0582
-12.9095 18.0582
-12.9095 18.0582
-12.9095 18.0582
-12.9095 18.0582
-12.9095 18.0582
-12.9095 18.0582
-12.9095 18.0582
-12.9095 18.0582
-12.9095 18.0582
-12.9095 18.0582
-12.9095 18.0582
-12.9095 18.0582
-12.9095 18.0582
-12.9095 18.0582
-12.9095 18.0582
-12.9095 18.0582
-12.9095 18.0582
-12.9095 18.0582
-12.9095 18.0582
-12.9095 18.0582
-12.9095 18.0582
-12.9095 18.0582
-12.9095 18.0582
-12.9095 18.0582
-12.9095 18.0582
-12.9095 18.0582
-12.9095 18.0582
-12.9095 18.0582
-12.9095 18.0582
-12.9095 18.0582
-12.9095 18.0582
-12.9095 18.0582
-12.9095 18.0582
-12.9095 18.0582
-12.9095 18.0582
-12.9095 18.0582
-12.9095 18.0582
-12.9095 18.0582
-12.9095 18.0582
-12.9095 18.0582
-12.9095 18.0582
-12.9095 18.0582
-12.9095 18.0582
-13 19