10 -24
9.79657 -23.8547
9.59313 -23.7094
9.3897 -23.5641
9.18627 -23.4188
8.98283 -23.2735
8.7794 -23.1281
8.57597 -22.9828
8.37254 -22.8375
8.1691 -22.6922
7.96567 -22.5469
7.76224 -22.4016
7.5588 -22.2563
7.35537 -22.111
7.15194 -21.9657
6.9485 -21.8204
6.74507 -21.675
6.54163 -21.5297
6.3382 -21.3844
6.13477 -21.2391
5.93133 -21.0938
5.7279 -20.9485
5.52447 -20.8032
5.32103 -20.6579
5.1176 -20.5126
4.91417 -20.3673
4.71073 -20.222
4.5073 -20.0766
4.30387 -19.9313
4.10043 -19.786
3.897 -19.6407
3.69357 -19.4954
3.49013 -19.3501
3.2867 -19.2048
3.08327 -19.0595
2.87983 -18.9142
2.6764 -18.7689
2.47297 -18.6236
2.26953 -18.4782
2.0661 -18.3329
1.86267 -18.1876
1.65923 -18.0423
1.4558 -17.897
1.25237 -17.7517
1.04893 -17.6064
0.845499 -17.4611
0.642066 -17.3158
0.438633 -17.1705
0.235199 -17.0251
0.031766 -16.8798
-0.171667 -16.7345
-0.375101 -16.5892
-0.578534 -16.4439
-0.781967 -16.2986
-0.985401 -16.1533
-1.18883 -16.008
-1.39227 -15.8627
-1.5957 -15.7174
-1.79913 -15.5721
-2.00257 -15.4267
-2.206 -15.2814
-2.40943 -15.1361
-2.61226 -14.991
-2.81225 -14.8467
-3.00943 -14.703
-3.2039 -14.5594
-3.39576 -14.4154
-3.58528 -14.2704
-3.77298 -14.1234
-3.95983 -13.9736
-4.14749 -13.8201
-4.3382 -13.6631
-4.52993 -13.5056
-4.72165 -13.3481
-4.91334 -13.1905
-5.10502 -13.033
-5.29668 -12.8756
-5.48831 -12.7181
-5.67993 -12.5607
-5.87153 -12.4032
-6.06311 -12.2458
-6.25466 -12.0884
-6.44619 -11.9311
-6.6377 -11.7737
-6.82919 -11.6164
-7.02065 -11.4591
-7.21209 -11.3018
-7.4035 -11.1446
-7.59488 -10.9874
-7.78624 -10.8302
-7.97757 -10.673
-8.16887 -10.5159
-8.36014 -10.3587
-8.55138 -10.2017
-8.74259 -10.0446
-8.93377 -9.88758
-9.12491 -9.73058
-9.31602 -9.57362
-9.50709 -9.41669
-9.69813 -9.2598
-9.88912 -9.10294
-10.0801 -8.94612
-10.271 -8.78934
-10.4619 -8.6326
-10.6527 -8.4759
-10.8435 -8.31925
-11.0342 -8.16264
-11.2249 -8.00607
-11.4155 -7.84956
-11.6061 -7.69309
-11.7967 -7.53668
-11.9871 -7.38032
-12.1905 -7.23547
-12.4008 -7.10027
-12.6111 -6.96507
-12.8214 -6.82987
-13.0317 -6.69467
-13.242 -6.55947
-13.4523 -6.42427
-13.6626 -6.28907
-13.8729 -6.15387
-14.0831 -6.01867
-14.2934 -5.88348
-14.5037 -5.74828
-14.714 -5.61308
-14.9243 -5.47788
-15.1346 -5.34268
-15.3449 -5.20748
-15.5552 -5.07228
-15.7655 -4.93708
-15.9757 -4.80188
-16.186 -4.66668
-16.3963 -4.53149
-16.6066 -4.39629
-16.8169 -4.26109
-17.0272 -4.12589
-17.2375 -3.99069
-17.4478 -3.85549
-17.6581 -3.72029
-17.8683 -3.58509
-18.0786 -3.44989
-18.2889 -3.31469
-18.4992 -3.1795
-18.7095 -3.0443
-18.9198 -2.9091
-19.1301 -2.7739
-19.3404 -2.6387
-19.5507 -2.5035
-19.7609 -2.3683
-19.9712 -2.2331
-20.1815 -2.0979
-20.3918 -1.9627
-20.6021 -1.82751
-20.8124 -1.69231
-21.0227 -1.55711
-21.233 -1.42191
-21.4433 -1.28671
-21.6535 -1.15151
-21.8638 -1.01631
-22.0741 -0.881112
-22.2844 -0.745913
-22.4947 -0.610714
-22.705 -0.475515
-22.9153 -0.340316
-23.1256 -0.205116
-23.3359 -0.069917
-23.5461 0.0652823
-23.7564 0.200482
-23.9667 0.335681
-25 1