15 -16
15.031 -15.7519
15.062 -15.5039
15.093 -15.2558
15.124 -15.0077
15.155 -14.7597
15.1861 -14.5116
15.2171 -14.2635
15.2481 -14.0154
15.2791 -13.7674
15.3101 -13.5193
15.3411 -13.2712
15.3721 -13.0232
15.4031 -12.7751
15.4341 -12.527
15.4651 -12.279
15.4961 -12.0309
15.5271 -11.7828
15.5582 -11.5347
15.5892 -11.2867
15.6202 -11.0386
15.6512 -10.7905
15.6822 -10.5425
15.7132 -10.2944
15.7442 -10.0463
15.7752 -9.79826
15.8062 -9.55019
15.8372 -9.30212
15.8682 -9.05405
15.8993 -8.80598
15.9303 -8.55791
15.9613 -8.30984
15.9923 -8.06177
16.0233 -7.8137
16.0543 -7.56563
16.0853 -7.31756
16.1163 -7.06949
16.1473 -6.82142
16.1783 -6.57335
16.2093 -6.32528
16.2403 -6.07721
16.2714 -5.82914
16.3024 -5.58107
16.3334 -5.33301
16.3644 -5.08494
16.3954 -4.83687
16.4264 -4.5888
16.4574 -4.34073
16.4884 -4.09266
16.5194 -3.84459
16.5504 -3.59652
16.5814 -3.34845
16.6124 -3.10038
16.6435 -2.85231
16.6745 -2.60424
16.7055 -2.35617
16.7365 -2.1081
16.7675 -1.86003
16.7985 -1.61196
16.8295 -1.36389
16.8605 -1.11583
16.8915 -0.867756
16.9225 -0.619686
16.9535 -0.371617
16.9846 -0.123547
17.0156 0.124522
17.0466 0.372592
17.0776 0.620661
17.1086 0.868731
17.1396 1.1168
17.1706 1.36487
17.2016 1.61294
17.2326 1.86101
17.2636 2.10908
17.2946 2.35715
17.3256 2.60522
17.3567 2.85329
17.3877 3.10136
17.4187 3.34943
17.4497 3.5975
17.4807 3.84556
17.5117 4.09363
17.5427 4.3417
17.5737 4.58977
17.6047 4.83784
17.6357 5.08591
17.6667 5.33398
17.6978 5.58205
17.7288 5.83012
17.7598 6.07819
17.7908 6.32626
17.8218 6.57433
17.8528 6.8224
17.8838 7.07047
17.9148 7.31853
17.9458 7.5666
17.9768 7.81467
18.0078 8.06274
18.0388 8.31081
18.0699 8.55888
18.1009 8.80695
18.1319 9.05502
18.1629 9.30309
18.1939 9.55116
18.2249 9.79923
18.2559 10.0473
18.2869 10.2954
18.3179 10.5434
18.3489 10.7915
18.3799 11.0396
18.411 11.2877
18.442 11.5357
18.473 11.7838
18.504 12.0319
18.535 12.2799
18.566 12.528
18.597 12.7761
18.628 13.0241
18.659 13.2722
18.69 13.5203
18.721 13.7683
18.7521 14.0164
18.7831 14.2645
18.8141 14.5126
18.8451 14.7606
18.8761 15.0087
18.9071 15.2568
18.9381 15.5048
18.9691 15.7529
19.0001 16.001
19.0311 16.249
19.0621 16.4971
19.0931 16.7452
19.1242 16.9933
19.1552 17.2413
19.1862 17.4894
19.2172 17.7375
19.2482 17.9855
19.2792 18.2336
19.3102 18.4817
19.3412 18.7297
19.3722 18.9778
19.4032 19.2259
19.4342 19.474
19.4653 19.722
19.4963 19.9701
19.5273 20.2182
19.5583 20.4662
19.5893 20.7143
19.6203 20.9624
19.6513 21.2104
19.6823 21.4585
19.7133 21.7066
19.7443 21.9546
19.7753 22.2027
19.8063 22.4508
19.8374 22.6989
19.8684 22.9469
20 24