2 -8
2.24597 -7.95528
2.49193 -7.91056
2.7379 -7.86584
2.98387 -7.82112
3.22984 -7.77639
3.4758 -7.73167
3.72177 -7.68695
3.96774 -7.64223
4.21371 -7.59751
4.45967 -7.55279
4.70564 -7.50807
4.95161 -7.46334
5.19758 -7.41862
5.44354 -7.3739
5.68951 -7.32918
5.93548 -7.28446
6.18145 -7.23974
6.42741 -7.19502
6.67338 -7.15029
6.91935 -7.10557
7.16532 -7.06085
7.41128 -7.01613
7.65725 -6.97141
7.90322 -6.92669
8.14919 -6.88197
8.39515 -6.83725
8.64112 -6.79252
8.88709 -6.7478
9.13306 -6.70308
9.37902 -6.65836
9.62499 -6.61364
9.87096 -6.56892
10.1169 -6.5242
10.3629 -6.47947
10.6089 -6.43475
10.8548 -6.39003
11.1008 -6.34531
11.3468 -6.30059
11.5927 -6.25587
11.8387 -6.21115
12.0847 -6.16642
12.3306 -6.1217
12.5766 -6.07698
12.8226 -6.03226
13.0685 -5.98754
13.3145 -5.94282
13.5605 -5.8981
13.8064 -5.85337
14.0524 -5.80865
14.2984 -5.76393
14.5443 -5.71921
14.7903 -5.67449
15.0363 -5.62977
15.2823 -5.58505
15.5282 -5.54032
15.7742 -5.4956
16.0202 -5.45088
16.2661 -5.40616
16.5121 -5.36144
16.7581 -5.31672
17.004 -5.272
17.25 -5.22727
17.496 -5.18255
17.7419 -5.13783
17.9879 -5.09311
18.2339 -5.04839
18.4798 -5.00367
18.7258 -4.95895
18.9718 -4.91422
19.2177 -4.8695
19.4637 -4.82478
19.7097 -4.78006
19.9556 -4.73534
20.2016 -4.69062
20.4476 -4.6459
20.6935 -4.60117
20.9395 -4.55645
21.1855 -4.51173
21.4314 -4.46701
21.6774 -4.42229
21.9234 -4.37757
22.1694 -4.33284
22.4153 -4.28812
22.6613 -4.2434
22.9073 -4.19868
23.1532 -4.15396
23.1532 -4.15396
23.1532 -4.15396
23.1532 -4.15396
23.1532 -4.15396
23.1532 -4.15396
23.1532 -4.15396
23.1532 -4.15396
23.1532 -4.15396
23.1532 -4.15396
23.1532 -4.15396
23.1532 -4.15396
23.1532 -4.15396
23.1532 -4.15396
23.1532 -4.15396
23.1532 -4.15396
23.1532 -4.15396
23.1532 -4.15396
23.1532 -4.15396
23.1532 -4.15396
23.1532 -4.15396
23.1532 -4.15396
23.1532 -4.15396
23.1532 -4.15396
23.1532 -4.15396
23.1532 -4.15396
23.1532 -4.15396
23.1532 -4.15396
23.1532 -4.15396
23.1532 -4.15396
23.1532 -4.15396
23.1532 -4.15396
23.1532 -4.15396
23.1532 -4.15396
23.1532 -4.15396
23.1532 -4.15396
23.1532 -4.15396
23.1532 -4.15396
23.1532 -4.15396
23.1532 -4.15396
23.1532 -4.15396
23.1532 -4.15396
23.1532 -4.15396
23.1532 -4.15396
23.1532 -4.15396
23.1532 -4.15396
23.1532 -4.15396
23.1532 -4.15396
23.1532 -4.15396
23.1532 -4.15396
23.1532 -4.15396
23.1532 -4.15396
23.1532 -4.15396
23.1532 -4.15396
23.1532 -4.15396
23.1532 -4.15396
23.1532 -4.15396
23.1532 -4.15396
23.1532 -4.15396
23.1532 -4.15396
23.1532 -4.15396
23.1532 -4.15396
23.1532 -4.15396
23.1532 -4.15396
23.1532 -4.15396
23.1532 -4.15396
23.1532 -4.15396
23.1532 -4.15396
23.1532 -4.15396
23.1532 -4.15396
23.1532 -4.15396
23.1532 -4.15396
24 -4