-9 20
-9.03536 19.7525
-9.07071 19.505
-9.10607 19.2575
-9.14142 19.01
-9.17678 18.7626
-9.21213 18.5151
-9.24749 18.2676
-9.28284 18.0201
-9.3182 17.7726
-9.35356 17.5251
-9.38891 17.2776
-9.42427 17.0301
-9.45962 16.7827
-9.49498 16.5352
-9.53033 16.2877
-9.56569 16.0402
-9.60104 15.7927
-9.6364 15.5452
-9.67176 15.2977
-9.70711 15.0502
-9.74247 14.8028
-9.77782 14.5553
-9.81318 14.3078
-9.84853 14.0603
-9.88389 13.8128
-9.91924 13.5653
-9.9546 13.3178
-9.98996 13.0703
-10.0253 12.8229
-10.0607 12.5754
-10.096 12.3279
-10.1314 12.0804
-10.1667 11.8329
-10.2021 11.5854
-10.2374 11.3379
-10.2728 11.0905
-10.3082 10.843
-10.3435 10.5955
-10.3789 10.348
-10.4142 10.1005
-10.4496 9.85301
-10.4849 9.60553
-10.5203 9.35804
-10.5556 9.11055
-10.591 8.86307
-10.6264 8.61558
-10.6617 8.36809
-10.6971 8.12061
-10.7324 7.87312
-10.7678 7.62563
-10.8031 7.37814
-10.8385 7.13066
-10.8738 6.88317
-10.9092 6.63568
-10.9446 6.38819
-10.9799 6.14071
-11.0153 5.89322
-11.0506 5.64573
-11.086 5.39824
-11.1213 5.15075
-11.1567 4.90327
-11.192 4.65578
-11.2274 4.40829
-11.2628 4.1608
-11.2981 3.91332
-11.3335 3.66583
-11.3688 3.41834
-11.4042 3.17086
-11.4395 2.92337
-11.4749 2.67588
-11.5102 2.42839
-11.5456 2.18091
-11.581 1.93342
-11.6163 1.68593
-11.6517 1.43844
-11.687 1.19096
-11.7224 0.943469
-11.7577 0.695982
-11.7931 0.448494
-11.8284 0.201007
-11.8638 -0.0464805
-11.8992 -0.293968
-11.9345 -0.541455
-11.9699 -0.788943
-12.0052 -1.03643
-12.0406 -1.28392
-12.0759 -1.5314
-12.1113 -1.77889
-12.1466 -2.02638
-12.182 -2.27387
-12.2173 -2.52135
-12.2527 -2.76884
-12.2881 -3.01633
-12.3234 -3.26382
-12.3588 -3.5113
-12.3941 -3.75879
-12.4295 -4.00628
-12.4648 -4.25377
-12.5002 -4.50125
-12.5355 -4.74874
-12.5709 -4.99623
-12.6063 -5.24372
-12.6416 -5.4912
-12.677 -5.73869
-12.7123 -5.98618
-12.7477 -6.23367
-12.783 -6.48115
-12.8184 -6.72864
-12.8537 -6.97613
-12.8891 -7.22362
-12.9245 -7.4711
-12.9598 -7.71859
-12.9952 -7.96608
-13.0305 -8.21357
-13.0659 -8.46105
-13.1012 -8.70854
-13.1366 -8.95603
-13.1719 -9.20352
-13.2073 -9.451
-13.2426 -9.69849
-13.278 -9.94598
-13.3134 -10.1935
-13.3487 -10.441
-13.3841 -10.6884
-13.4194 -10.9359
-13.4548 -11.1834
-13.4901 -11.4309
-13.5255 -11.6784
-13.5608 -11.9259
-13.5962 -12.1734
-13.6316 -12.4208
-13.6669 -12.6683
-13.7023 -12.9158
-13.7376 -13.1633
-13.773 -13.4108
-13.8083 -13.6583
-13.8437 -13.9058
-13.879 -14.1533
-13.866 -14.2314
-13.866 -14.2314
-13.866 -14.2314
-13.866 -14.2314
-13.866 -14.2314
-13.866 -14.2314
-13.866 -14.2314
-13.866 -14.2314
-13.866 -14.2314
-13.866 -14.2314
-13.866 -14.2314
-13.866 -14.2314
-13.866 -14.2314
-13.866 -14.2314
-13.866 -14.2314
-13.866 -14.2314
-13.866 -14.2314
-13.866 -14.2314
-13.866 -14.2314
-14 -15