23 10
22.7501 10.0081
22.5003 10.0161
22.2504 10.0242
22.0005 10.0322
21.7506 10.0403
21.5008 10.0484
21.2509 10.0564
21.001 10.0645
20.7512 10.0725
20.5013 10.0806
20.2514 10.0887
20.0016 10.0967
19.7517 10.1048
19.5018 10.1128
19.2519 10.1209
19.0021 10.129
18.7522 10.137
18.5023 10.1451
18.2525 10.1531
18.0026 10.1612
17.7527 10.1693
17.5029 10.1773
17.253 10.1854
17.0031 10.1935
16.7532 10.2015
16.5034 10.2096
16.2535 10.2176
16.0036 10.2257
15.7538 10.2338
15.5039 10.2418
15.254 10.2499
15.0042 10.2579
14.7543 10.266
14.5044 10.2741
14.2545 10.2821
14.0047 10.2902
13.7548 10.2982
13.5049 10.3063
13.2551 10.3144
13.0052 10.3224
12.7553 10.3305
12.5054 10.3385
12.2556 10.3466
12.0057 10.3547
11.7558 10.3627
11.506 10.3708
11.2561 10.3788
11.0062 10.3869
10.7564 10.395
10.5065 10.403
10.2566 10.4111
10.0067 10.4191
9.75687 10.4272
9.507 10.4353
9.25713 10.4433
9.00726 10.4514
8.75739 10.4594
8.50752 10.4675
8.25765 10.4756
8.00778 10.4836
7.75791 10.4917
7.50804 10.4997
7.25817 10.5078
7.0083 10.5159
6.75843 10.5239
6.50856 10.532
6.25869 10.5401
6.00882 10.5481
5.75895 10.5562
5.50908 10.5642
5.25921 10.5723
5.00934 10.5804
4.75947 10.5884
4.5096 10.5965
4.25973 10.6045
4.00986 10.6126
3.75999 10.6207
3.51012 10.6287
3.26025 10.6368
3.01038 10.6448
2.76051 10.6529
2.51064 10.661
2.26077 10.669
2.0109 10.6771
1.76103 10.6851
1.51116 10.6932
1.26129 10.7013
1.01142 10.7093
0.761554 10.7174
0.511684 10.7254
0.261814 10.7335
0.0119438 10.7416
-0.237926 10.7496
-0.487796 10.7577
-0.737666 10.7657
-0.987536 10.7738
-1.23741 10.7819
-1.48728 10.7899
-1.73715 10.798
-1.98702 10.806
-2.23689 10.8141
-2.48676 10.8222
-2.73663 10.8302
-2.9865 10.8383
-3.23637 10.8463
-3.48624 10.8544
-3.73611 10.8625
-3.98598 10.8705
-4.23585 10.8786
-4.48572 10.8866
-4.73559 10.8947
-4.98546 10.9028
-5.23533 10.9108
-5.4852 10.9189
-5.73507 10.9269
-5.98494 10.935
-6.23481 10.9431
-6.48468 10.9511
-6.73455 10.9592
-6.98442 10.9672
-7.23429 10.9753
-7.23429 10.9753
-7.23429 10.9753
-7.23429 10.9753
-7.23429 10.9753
-7.23429 10.9753
-7.23429 10.9753
-7.23429 10.9753
-7.23429 10.9753
-7.23429 10.9753
-7.23429 10.9753
-7.23429 10.9753
-7.23429 10.9753
-7.23429 10.9753
-7.23429 10.9753
-7.23429 10.9753
-7.23429 10.9753
-7.23429 10.9753
-7.23429 10.9753
-7.23429 10.9753
-7.23429 10.9753
-7.23429 10.9753
-7.23429 10.9753
-7.23429 10.9753
-7.23429 10.9753
-7.23429 10.9753
-7.23429 10.9753
-7.23429 10.9753
-7.23429 10.9753
-7.23429 10.9753
-7.23429 10.9753
-7.23429 10.9753
-7.23429 10.9753
-7.23429 10.9753
-7.23429 10.9753
-7.23429 10.9753
-7.23429 10.9753
-8 11