-20 -8
-19.792 -8.13867
-19.584 -8.27735
-19.376 -8.41602
-19.168 -8.5547
-18.9599 -8.69337
-18.7519 -8.83205
-18.5439 -8.97072
-18.3359 -9.1094
-18.1279 -9.24807
-17.9199 -9.38675
-17.7119 -9.52542
-17.7119 -9.52542
-17.7119 -9.52542
-17.7119 -9.52542
-17.7119 -9.52542
-17.7119 -9.52542
-17.7119 -9.52542
-17.7119 -9.52542
-17.7119 -9.52542
-17.7119 -9.52542
-17.7119 -9.52542
-17.7119 -9.52542
-17.7119 -9.52542
-17.7119 -9.52542
-17.7119 -9.52542
-17.7119 -9.52542
-17.7119 -9.52542
-17.7119 -9.52542
-17.7119 -9.52542
-17.7119 -9.52542
-17.7119 -9.52542
-17.7119 -9.52542
-17.7119 -9.52542
-17.7119 -9.52542
-17.7119 -9.52542
-17.7119 -9.52542
-17.7119 -9.52542
-17.7119 -9.52542
-17.7119 -9.52542
-17.7119 -9.52542
-17.7119 -9.52542
-17.7119 -9.52542
-17.7119 -9.52542
-17.7119 -9.52542
-17.7119 -9.52542
-17.7119 -9.52542
-17.7119 -9.52542
-17.7119 -9.52542
-17.7119 -9.52542
-17.7119 -9.52542
-17.7119 -9.52542
-17.7119 -9.52542
-17.7119 -9.52542
-17.7119 -9.52542
-17.7119 -9.52542
-17.7119 -9.52542
-17.7119 -9.52542
-17.7119 -9.52542
-17.7119 -9.52542
-17.7119 -9.52542
-17.7119 -9.52542
-17.7119 -9.52542
-17.7119 -9.52542
-17.7119 -9.52542
-17.7119 -9.52542
-17.7119 -9.52542
-17.7119 -9.52542
-17.7119 -9.52542
-17.7119 -9.52542
-17.7119 -9.52542
-17.7119 -9.52542
-17.7119 -9.52542
-17.7119 -9.52542
-17.7119 -9.52542
-17.7119 -9.52542
-17.7119 -9.52542
-17.7119 -9.52542
-17.7119 -9.52542
-17.7119 -9.52542
-17.7119 -9.52542
-17.7119 -9.52542
-17.7119 -9.52542
-17.7119 -9.52542
-17.7119 -9.52542
-17.7119 -9.52542
-17.7119 -9.52542
-17.7119 -9.52542
-17.7119 -9.52542
-17.7119 -9.52542
-17.7119 -9.52542
-17.7119 -9.52542
-17.7119 -9.52542
-17.7119 -9.52542
-17.7119 -9.52542
-17.7119 -9.52542
-17.7119 -9.52542
-17.7119 -9.52542
-17.7119 -9.52542
-17.7119 -9.52542
-17.7119 -9.52542
-17.7119 -9.52542
-17.7119 -9.52542
-17.7119 -9.52542
-17.7119 -9.52542
-17.7119 -9.52542
-17.7119 -9.52542
-17.7119 -9.52542
-17.7119 -9.52542
-17.7119 -9.52542
-17.7119 -9.52542
-17.7119 -9.52542
-17.7119 -9.52542
-17.7119 -9.52542
-17.7119 -9.52542
-17.7119 -9.52542
-17.7119 -9.52542
-17.7119 -9.52542
-17.7119 -9.52542
-17.7119 -9.52542
-17.7119 -9.52542
-17.7119 -9.52542
-17.7119 -9.52542
-17.7119 -9.52542
-17.7119 -9.52542
-17.7119 -9.52542
-17.7119 -9.52542
-17.7119 -9.52542
-17.7119 -9.52542
-17.7119 -9.52542
-17.7119 -9.52542
-17.7119 -9.52542
-17.7119 -9.52542
-17.7119 -9.52542
-17.7119 -9.52542
-17.7119 -9.52542
-17.7119 -9.52542
-17.7119 -9.52542
-17.7119 -9.52542
-17.7119 -9.52542
-17.7119 -9.52542
-17.7119 -9.52542
-17.7119 -9.52542
-17.7119 -9.52542
-17.7119 -9.52542
-17.7119 -9.52542
-17.7119 -9.52542
-17.7119 -9.52542
-17.7119 -9.52542
-17.7119 -9.52542
-17.7119 -9.52542
-17.7119 -9.52542
-17.7119 -9.52542
-17.7119 -9.52542
-17.7119 -9.52542
-17.7119 -9.52542
-17.7119 -9.52542
-17.7119 -9.52542
-17 -10