-13 -20
-12.9311 -19.8811
-12.7516 -19.7072
-12.5721 -19.5332
-12.3925 -19.3592
-12.213 -19.1852
-12.0335 -19.0113
-11.8539 -18.8373
-11.6744 -18.6633
-11.4949 -18.4893
-11.3153 -18.3154
-11.1358 -18.1414
-10.9563 -17.9674
-10.7767 -17.7934
-10.5972 -17.6194
-10.4177 -17.4455
-10.2381 -17.2715
-10.0586 -17.0975
-9.87907 -16.9235
-9.69954 -16.7496
-9.52 -16.5756
-9.34047 -16.4016
-9.16094 -16.2276
-8.9814 -16.0537
-8.80187 -15.8797
-8.62234 -15.7057
-8.4428 -15.5317
-8.26327 -15.3577
-8.08374 -15.1838
-7.90421 -15.0098
-7.72467 -14.8358
-7.54514 -14.6618
-7.36561 -14.4879
-7.18608 -14.3139
-7.00654 -14.1399
-6.82701 -13.9659
-6.64748 -13.792
-6.46795 -13.618
-6.28841 -13.444
-6.10888 -13.27
-5.92935 -13.096
-5.74982 -12.9221
-5.57028 -12.7481
-5.39075 -12.5741
-5.21122 -12.4001
-5.03169 -12.2262
-4.85215 -12.0522
-4.67262 -11.8782
-4.49309 -11.7042
-4.31356 -11.5303
-4.13402 -11.3563
-3.95449 -11.1823
-3.77496 -11.0083
-3.59543 -10.8343
-3.41589 -10.6604
-3.23636 -10.4864
-3.05683 -10.3124
-2.8773 -10.1384
-2.69776 -9.96446
-2.51823 -9.79048
-2.3387 -9.61651
-2.15916 -9.44253
-1.97963 -9.26855
-1.8001 -9.09458
-1.62057 -8.9206
-1.44103 -8.74662
-1.2615 -8.57265
-1.08197 -8.39867
-0.902437 -8.22469
-0.722904 -8.05071
-0.543372 -7.87674
-0.363839 -7.70276
-0.184307 -7.52878
-0.00477399 -7.3548
0.174759 -7.18083
0.354291 -7.00685
0.533824 -6.83287
0.713356 -6.6589
0.892889 -6.48492
1.07242 -6.31094
1.25195 -6.13696
1.43149 -5.96299
1.61102 -5.78901
1.79055 -5.61503
1.97008 -5.44105
2.14962 -5.26708
2.32915 -5.0931
2.50868 -4.91912
2.68821 -4.74515
2.86775 -4.57117
3.04728 -4.39719
3.22681 -4.22321
3.40634 -4.04924
3.58588 -3.87526
3.76541 -3.70128
3.94494 -3.52731
4.12448 -3.35333
4.30401 -3.17935
4.48354 -3.00537
4.66307 -2.8314
4.84261 -2.65742
5.02214 -2.48344
5.20167 -2.30947
5.3812 -2.13549
5.56074 -1.96151
5.74027 -1.78753
5.9198 -1.61356
6.09933 -1.43958
6.27887 -1.2656
6.4584 -1.09163
6.63793 -0.917649
6.81746 -0.743672
6.997 -0.569695
7.17653 -0.395717
7.35606 -0.22174
7.53559 -0.0477631
7.71513 0.126214
7.89466 0.300191
8.07419 0.474168
8.25372 0.648145
8.43326 0.822123
8.61279 0.9961
8.79232 1.17008
8.97186 1.34405
9.15139 1.51803
9.33092 1.69201
9.51046 1.86599
9.68999 2.03996
9.86952 2.21394
10.0491 2.38792
10.2286 2.56189
10.4081 2.73587
10.5877 2.90985
10.7672 3.08383
10.9467 3.2578
11.1263 3.43178
11.3058 3.60576
11.4853 3.77973
11.6649 3.95371
11.8444 4.12769
12.0239 4.30167
12.2034 4.47564
12.383 4.64962
12.5625 4.8236
12.742 4.99758
12.9216 5.17155
13.1011 5.34553
13.2806 5.51951
13.4602 5.69348
13.6397 5.86746
13.8192 6.04144
13.9988 6.21542
14.1783 6.38939
14.3578 6.56337
14.5374 6.73735
14.7169 6.91133
14.8964 7.0853
15.076 7.25928
15.2555 7.43326
15.435 7.60724
15.6146 7.78121
15.7941 7.95519
15.9736 8.12917
16.1532 8.30314
16.3327 8.47712
16.5122 8.6511
16.6918 8.82508
16.8713 8.99905
17.0508 9.17303
17.2304 9.34701
17.4099 9.52098
17.5894 9.69496
17.769 9.86894
17.9485 10.0429
18.128 10.2169
18.3076 10.3909
18.4871 10.5648
18.6666 10.7388
18.8462 10.9128
19.0257 11.0868
19.2052 11.2608
19.3848 11.4347
19.5643 11.6087
19.7438 11.7827
19.9234 11.9567
20.1029 12.1306
21 13