20 -21
19.8571 -20.7949
19.7141 -20.5898
19.5712 -20.3847
19.4282 -20.1796
19.2853 -19.9745
19.1423 -19.7694
18.9994 -19.5643
18.8564 -19.3592
18.7135 -19.1541
18.5705 -18.949
18.4276 -18.7439
18.2846 -18.5388
18.1417 -18.3337
17.9987 -18.1286
17.8558 -17.9235
17.7128 -17.7184
17.5699 -17.5133
17.4269 -17.3082
17.284 -17.1031
17.141 -16.898
16.9981 -16.6929
16.8551 -16.4878
16.7122 -16.2827
16.5692 -16.0776
16.4263 -15.8725
16.2833 -15.6674
16.1404 -15.4623
15.9975 -15.2572
15.8545 -15.0521
15.7116 -14.847
15.5686 -14.6419
15.4257 -14.4368
15.2827 -14.2317
15.1398 -14.0266
14.9968 -13.8215
14.8539 -13.6164
14.7109 -13.4113
14.5686 -13.2062
14.4296 -13.0011
14.2939 -12.7959
14.1615 -12.5908
14.0321 -12.3848
13.9051 -12.1765
13.7798 -11.965
13.6551 -11.7496
13.5294 -11.5299
13.4008 -11.306
13.2666 -11.0789
13.126 -10.8518
12.9851 -10.6259
12.8439 -10.4014
12.7023 -10.1785
12.5604 -9.95742
12.4181 -9.73821
12.1261 -9.50297
11.8449 -9.26613
11.5638 -9.02929
11.2826 -8.79245
11.0015 -8.55561
10.7203 -8.31877
10.4392 -8.08193
10.158 -7.84509
9.87688 -7.60825
9.59573 -7.37141
9.31458 -7.13457
9.03343 -6.89774
8.75228 -6.6609
8.47113 -6.42406
8.18998 -6.18722
7.90883 -5.95038
7.62768 -5.71354
7.34653 -5.4767
7.06538 -5.23986
6.78423 -5.00303
6.50308 -4.76619
6.31948 -4.56594
6.18357 -4.38359
6.04789 -4.20133
5.91246 -4.01915
5.77726 -3.83707
5.64232 -3.65508
5.50763 -3.47318
5.37319 -3.29138
5.23902 -3.10968
5.10512 -2.92809
4.9715 -2.74659
4.83816 -2.5652
4.70511 -2.38392
4.57235 -2.20276
4.4399 -2.0217
4.30776 -1.84076
4.17593 -1.65994
4.04442 -1.47924
3.91325 -1.29866
3.78242 -1.11822
3.65194 -0.937901
3.52181 -0.757719
3.39205 -0.577675
3.26267 -0.397771
3.13367 -0.218012
3.00507 -0.0384013
2.87688 0.141057
2.7491 0.320358
2.62175 0.499499
2.49484 0.678474
2.36839 0.857279
2.2424 1.03591
2.11689 1.21436
1.99187 1.39263
1.86737 1.5707
1.74338 1.74858
1.61951 1.92913
1.49714 2.1267
1.37948 2.33541
1.2763 2.56312
1.17311 2.79083
1.06992 3.01855
0.966736 3.24626
0.863549 3.47397
0.760362 3.70168
0.657176 3.92939
0.553989 4.1571
0.450802 4.38481
0.347615 4.61253
0.244428 4.84024
0.141241 5.06795
0.0380545 5.29566
-0.0651323 5.52337
-0.168319 5.75108
-0.271506 5.97879
-0.374693 6.2065
-0.47788 6.43422
-0.581066 6.66193
-0.684253 6.88964
-0.78744 7.11735
-0.890627 7.34506
-0.993814 7.57277
-1.097 7.80048
-1.20019 8.02819
-1.30337 8.25591
-1.40656 8.48362
-1.50975 8.71133
-1.61293 8.93904
-1.71612 9.16675
-1.81931 9.39446
-1.92249 9.62218
-2.02568 9.84989
-2.12887 10.0776
-2.23206 10.3053
-2.33524 10.533
-2.43843 10.7607
-2.54162 10.9884
-2.6448 11.2162
-2.6448 11.2162
-2.6448 11.2162
-2.6448 11.2162
-2.6448 11.2162
-2.6448 11.2162
-2.6448 11.2162
-2.6448 11.2162
-2.6448 11.2162
-2.6448 11.2162
-2.6448 11.2162
-2.6448 11.2162
-2.6448 11.2162
-2.6448 11.2162
-2.6448 11.2162
-2.6448 11.2162
-2.6448 11.2162
-2.6448 11.2162
-2.6448 11.2162
-2.6448 11.2162
-2.6448 11.2162
-2.6448 11.2162
-2.6448 11.2162
-2.6448 11.2162
-2.6448 11.2162
-2.6448 11.2162
-2.6448 11.2162
-2.6448 11.2162
-2.6448 11.2162
-2.6448 11.2162
-2.6448 11.2162
-2.6448 11.2162
-2.6448 11.2162
-3 12