-3 -15
-2.82449 -15.0225
-2.62551 -15.0446
-2.36929 -15.1475
-2.12389 -15.278
-1.87825 -15.4089
-1.63238 -15.5402
-1.38625 -15.672
-1.13987 -15.8042
-0.893216 -15.937
-0.646286 -16.0703
-0.399067 -16.2041
-0.151547 -16.3385
0.0962854 -16.4735
0.344442 -16.609
0.592936 -16.7452
0.84178 -16.8821
1.09099 -17.0196
1.34057 -17.1578
1.55141 -17.3286
1.7351 -17.5085
1.90724 -17.6898
2.07939 -17.8711
2.25153 -18.0524
2.42368 -18.2337
2.59583 -18.415
2.76797 -18.5963
2.94012 -18.7776
3.11226 -18.9589
3.28441 -19.1402
3.45655 -19.3214
3.6287 -19.5027
3.80084 -19.684
3.97299 -19.8653
4.14513 -20.0466
4.31728 -20.2279
4.48942 -20.4092
4.66157 -20.5905
4.83371 -20.7718
5.00586 -20.953
5.178 -21.1343
5.35015 -21.3156
5.35015 -21.3156
5.35015 -21.3156
5.35015 -21.3156
5.35015 -21.3156
5.35015 -21.3156
5.35015 -21.3156
5.35015 -21.3156
5.35015 -21.3156
5.35015 -21.3156
5.35015 -21.3156
5.35015 -21.3156
5.35015 -21.3156
5.35015 -21.3156
5.35015 -21.3156
5.35015 -21.3156
5.35015 -21.3156
5.35015 -21.3156
5.35015 -21.3156
5.35015 -21.3156
5.35015 -21.3156
5.35015 -21.3156
5.35015 -21.3156
5.35015 -21.3156
5.35015 -21.3156
5.35015 -21.3156
5.35015 -21.3156
5.35015 -21.3156
5.35015 -21.3156
5.35015 -21.3156
5.35015 -21.3156
5.35015 -21.3156
5.35015 -21.3156
5.35015 -21.3156
5.35015 -21.3156
5.35015 -21.3156
5.35015 -21.3156
5.35015 -21.3156
5.35015 -21.3156
5.35015 -21.3156
5.35015 -21.3156
5.35015 -21.3156
5.35015 -21.3156
5.35015 -21.3156
5.35015 -21.3156
5.35015 -21.3156
5.35015 -21.3156
5.35015 -21.3156
5.35015 -21.3156
5.35015 -21.3156
5.35015 -21.3156
5.35015 -21.3156
5.35015 -21.3156
5.35015 -21.3156
5.35015 -21.3156
5.35015 -21.3156
5.35015 -21.3156
5.35015 -21.3156
5.35015 -21.3156
5.35015 -21.3156
5.35015 -21.3156
5.35015 -21.3156
5.35015 -21.3156
5.35015 -21.3156
5.35015 -21.3156
5.35015 -21.3156
5.35015 -21.3156
5.35015 -21.3156
5.35015 -21.3156
5.35015 -21.3156
5.35015 -21.3156
5.35015 -21.3156
5.35015 -21.3156
5.35015 -21.3156
5.35015 -21.3156
5.35015 -21.3156
5.35015 -21.3156
5.35015 -21.3156
5.35015 -21.3156
5.35015 -21.3156
5.35015 -21.3156
5.35015 -21.3156
5.35015 -21.3156
5.35015 -21.3156
5.35015 -21.3156
5.35015 -21.3156
5.35015 -21.3156
5.35015 -21.3156
5.35015 -21.3156
5.35015 -21.3156
5.35015 -21.3156
5.35015 -21.3156
5.35015 -21.3156
5.35015 -21.3156
5.35015 -21.3156
5.35015 -21.3156
5.35015 -21.3156
5.35015 -21.3156
5.35015 -21.3156
5.35015 -21.3156
5.35015 -21.3156
5.35015 -21.3156
5.35015 -21.3156
5.35015 -21.3156
5.35015 -21.3156
5.35015 -21.3156
5.35015 -21.3156
5.35015 -21.3156
5.35015 -21.3156
5.35015 -21.3156
5.35015 -21.3156
5.35015 -21.3156
5.35015 -21.3156
5.35015 -21.3156
5.35015 -21.3156
5.35015 -21.3156
5.35015 -21.3156
5.35015 -21.3156
5.35015 -21.3156
5.35015 -21.3156
5.35015 -21.3156
5.35015 -21.3156
5.35015 -21.3156
5.35015 -21.3156
5.35015 -21.3156
5.35015 -21.3156
5.35015 -21.3156
5.35015 -21.3156
5.35015 -21.3156
5.35015 -21.3156
5.35015 -21.3156
5.35015 -21.3156
5.35015 -21.3156
5.35015 -21.3156
5.35015 -21.3156
5.35015 -21.3156
5.35015 -21.3156
5.35015 -21.3156
5.35015 -21.3156
5.35015 -21.3156
5.35015 -21.3156
5.35015 -21.3156
5.35015 -21.3156
5.35015 -21.3156
5.35015 -21.3156
6 -22