-2 -21
-1.84991 -20.9232
-1.72636 -20.8468
-1.66301 -20.6861
-1.58864 -20.4984
-1.5142 -20.3107
-1.43968 -20.1232
-1.3651 -19.9359
-1.29045 -19.7486
-1.21572 -19.5615
-1.14092 -19.3745
-1.06605 -19.1877
-0.991114 -19.001
-0.9161 -18.8144
-0.841013 -18.628
-0.765853 -18.4417
-0.690619 -18.2555
-0.61531 -18.0695
-0.539927 -17.8836
-0.423983 -17.6724
-0.295269 -17.4581
-0.166554 -17.2437
-0.0378391 -17.0294
0.0908756 -16.8151
0.21959 -16.6008
0.348305 -16.3865
0.47702 -16.1721
0.605735 -15.9578
0.734449 -15.7435
0.863164 -15.5292
0.991879 -15.3149
1.12059 -15.1006
1.24931 -14.8862
1.37802 -14.6719
1.50674 -14.4576
1.63545 -14.2433
1.76417 -14.029
1.89288 -13.8146
2.02099 -13.6003
2.14573 -13.3861
2.26716 -13.1719
2.3854 -12.9605
2.5009 -12.7542
2.6143 -12.552
2.72608 -12.3531
2.83672 -12.1571
2.94674 -11.9635
3.05766 -11.7726
3.17526 -11.5853
3.30016 -11.4005
3.42736 -11.2176
3.55539 -11.0366
3.68252 -10.8575
3.80587 -10.6796
3.91996 -10.4986
4.04332 -10.319
4.16609 -10.1424
4.28876 -9.96581
4.41133 -9.78922
4.53379 -9.61261
4.65615 -9.43599
4.7784 -9.25935
4.90055 -9.08269
5.0226 -8.90602
5.14453 -8.72933
5.26636 -8.55262
5.38808 -8.3759
5.50969 -8.19917
5.63119 -8.02241
5.75258 -7.84564
5.87386 -7.66886
5.99502 -7.49205
6.11607 -7.31523
6.23701 -7.1384
6.35783 -6.96154
6.47854 -6.78467
6.60492 -6.56897
6.7313 -6.35326
6.85768 -6.13756
6.98406 -5.92186
7.11044 -5.70615
7.23683 -5.49045
7.36321 -5.27475
7.48959 -5.05905
7.61597 -4.84334
7.74235 -4.62764
7.86873 -4.41194
7.99511 -4.19623
8.1215 -3.98053
8.24788 -3.76483
8.37426 -3.54912
8.50064 -3.33342
8.62702 -3.11772
8.7534 -2.90202
8.87979 -2.68631
9.00617 -2.47061
9.13255 -2.25491
9.25893 -2.0392
9.38531 -1.8235
9.51169 -1.6078
9.63807 -1.3921
9.76446 -1.17639
9.89084 -0.96069
10.0172 -0.744987
10.1436 -0.529284
10.27 -0.313581
10.3964 -0.0978781
10.5227 0.117825
10.6491 0.333528
10.7755 0.549231
10.9019 0.764934
11.0283 0.980636
11.1547 1.19634
11.281 1.41204
11.4074 1.62775
11.5338 1.84345
11.6602 2.05915
11.7866 2.27485
11.9129 2.49056
12.0393 2.70626
12.1657 2.92196
12.2921 3.13767
12.4185 3.35337
12.5448 3.56907
12.6712 3.78477
12.7976 4.00048
12.924 4.21618
13.0504 4.43188
13.1768 4.64759
13.3031 4.86329
13.4295 5.07899
13.5559 5.2947
13.6823 5.5104
13.8087 5.7261
13.935 5.9418
14.0614 6.15751
14.1878 6.37321
14.3142 6.58891
14.4406 6.80462
14.5669 7.02032
14.6933 7.23602
14.8197 7.45173
14.9461 7.66743
15.0725 7.88313
15.1989 8.09883
15.3252 8.31454
15.4516 8.53024
15.578 8.74594
15.7044 8.96165
15.8308 9.17735
15.9571 9.39305
16.0835 9.60876
16.2099 9.82446
16.3363 10.0402
16.4627 10.2559
16.5891 10.4716
16.7154 10.6873
16.8418 10.903
16.9682 11.1187
17.0946 11.3344
17.221 11.5501
17.3473 11.7658
17.4737 11.9815
17.6001 12.1972
17.7265 12.4129
17.8529 12.6286
17.9792 12.8443
18.1056 13.06
18.232 13.2757
18.3584 13.4914
18.4848 13.7071
18.6111 13.9228
18.7375 14.1385
18.8639 14.3542
18.9903 14.5699
19.1167 14.7856
19.2431 15.0013
19.3694 15.217
19.4958 15.4327
19.6222 15.6484
19.7486 15.8641
19.875 16.0798
20.0013 16.2955
20.1277 16.5112
20.2541 16.727
20.3805 16.9427
21 18