-14 -3
-13.75 -3
-13.5 -3
-13.25 -3
-13 -3
-12.75 -3
-12.5 -3
-12.25 -3
-12 -3
-11.75 -3
-11.5 -3
-11.25 -3
-11 -3
-10.75 -3
-10.5 -3
-10.25 -3
-10 -3
-9.75 -3
-9.5 -3
-9.25 -3
-9 -3
-8.75 -3
-8.5 -3
-8.25 -3
-8 -3
-7.75 -3
-7.5 -3
-7.25 -3
-7 -3
-6.75 -3
-6.5 -3
-6.25 -3
-6 -3
-5.75 -3
-5.5 -3
-5.25 -3
-5 -3
-4.75 -3
-4.5 -3
-4.25 -3
-4 -3
-3.7503 -2.99957
-3.50207 -2.99652
-3.25466 -2.99069
-3.00746 -2.98203
-2.75979 -2.97061
-2.51086 -2.95669
-2.2598 -2.94068
-2.00613 -2.92329
-1.75233 -2.90446
-1.50078 -2.88374
-1.25049 -2.86107
-0.999631 -2.83649
-0.743348 -2.81093
-0.557807 -2.74554
-0.4681 -2.64216
-0.424898 -2.527
-0.381697 -2.41184
-0.338495 -2.29668
-0.295293 -2.18152
-0.252091 -2.06636
-0.20889 -1.9512
-0.105296 -1.8587
0.0399085 -1.78181
0.158107 -1.69479
0.256573 -1.60036
0.341128 -1.50072
0.415876 -1.39739
0.483611 -1.29144
0.546233 -1.18356
0.605057 -1.07427
0.661003 -0.963888
0.714733 -0.852679
0.766731 -0.740821
0.817355 -0.628447
0.866876 -0.515659
0.915502 -0.402535
0.963394 -0.289136
1.01068 -0.175509
1.05745 -0.0616915
1.1038 0.0522862
1.14979 0.1664
1.19547 0.280629
1.24088 0.394957
1.28607 0.509371
1.33106 0.623859
1.37588 0.738412
1.42054 0.853022
1.46507 0.967682
1.50949 1.08239
1.5538 1.19713
1.59801 1.31191
1.64215 1.42671
1.68621 1.54155
1.73021 1.65641
1.77414 1.77129
1.81803 1.8862
1.86186 2.00112
1.90565 2.11606
1.9494 2.23101
1.99311 2.34598
2.03679 2.46096
2.08044 2.57595
2.12406 2.69095
2.16765 2.80596
2.21123 2.92098
2.25477 3.03601
2.2983 3.15104
2.34181 3.26609
2.38531 3.38113
2.42879 3.49619
2.47225 3.61125
2.52447 3.72002
2.61925 3.78484
2.73118 3.8222
2.86441 3.79507
2.99662 3.70859
3.07858 3.53013
3.06383 3.30249
2.95453 3.07765
2.84523 2.85281
2.73593 2.62797
2.62662 2.40313
2.51732 2.17829
2.40802 1.95345
2.29872 1.72861
2.18942 1.50377
2.08012 1.27893
1.97081 1.05409
1.86151 0.829249
1.75221 0.604409
1.64291 0.379569
1.53361 0.154728
1.42431 -0.070112
1.31501 -0.294952
1.2057 -0.519793
1.0964 -0.744633
0.9871 -0.969473
0.877799 -1.19431
0.768497 -1.41915
0.659195 -1.64399
0.549894 -1.86883
0.440592 -2.09367
0.331291 -2.31851
0.331291 -2.31851
0.331291 -2.31851
0.331291 -2.31851
0.331291 -2.31851
0.331291 -2.31851
0.331291 -2.31851
0.331291 -2.31851
0.331291 -2.31851
0.331291 -2.31851
0.331291 -2.31851
0.331291 -2.31851
0.331291 -2.31851
0.331291 -2.31851
0.331291 -2.31851
0.331291 -2.31851
0.331291 -2.31851
0.331291 -2.31851
0.331291 -2.31851
0.331291 -2.31851
0.331291 -2.31851
0.331291 -2.31851
0.331291 -2.31851
0.331291 -2.31851
0.331291 -2.31851
0.331291 -2.31851
0.331291 -2.31851
0.331291 -2.31851
0.331291 -2.31851
0.331291 -2.31851
0.331291 -2.31851
0.331291 -2.31851
0.331291 -2.31851
0.331291 -2.31851
0.331291 -2.31851
0.331291 -2.31851
0.331291 -2.31851
0.331291 -2.31851
0.331291 -2.31851
0.331291 -2.31851
0.331291 -2.31851
0.331291 -2.31851
0.331291 -2.31851
0 -3