-4 15
-4.12257 14.7821
-4.24513 14.5642
-4.3677 14.3463
-4.49026 14.1284
-4.61283 13.9105
-4.73539 13.6926
-4.85796 13.4747
-4.98052 13.2569
-5.10309 13.039
-5.22565 12.8211
-5.34822 12.6032
-5.47078 12.3853
-5.59335 12.1674
-5.71591 11.9495
-5.83848 11.7316
-5.96104 11.5137
-6.08361 11.2958
-6.20617 11.0779
-6.32874 10.86
-6.45131 10.6421
-6.57387 10.4242
-6.69644 10.2063
-6.819 9.98845
-6.94157 9.77055
-7.06413 9.55266
-7.1867 9.33477
-7.30926 9.11687
-7.43183 8.89898
-7.55439 8.68109
-7.67696 8.46319
-7.79952 8.2453
-7.92209 8.0274
-8.04465 7.80951
-8.16722 7.59162
-8.28978 7.37372
-8.41235 7.15583
-8.53491 6.93793
-8.65748 6.72004
-8.78005 6.50215
-8.90261 6.28425
-9.02518 6.06636
-9.14774 5.84846
-9.27031 5.63057
-9.39287 5.41268
-9.51544 5.19478
-9.638 4.97689
-9.76057 4.75899
-9.88313 4.5411
-10.0057 4.32321
-10.1283 4.10531
-10.2508 3.88742
-10.3734 3.66952
-10.496 3.45163
-10.6185 3.23374
-10.7411 3.01584
-10.8637 2.79795
-10.9862 2.58005
-11.1088 2.36216
-11.2314 2.14427
-11.3539 1.92637
-11.4765 1.70848
-11.599 1.49059
-11.7216 1.27269
-11.8442 1.0548
-11.9667 0.836904
-12.0893 0.61901
-12.2119 0.401116
-12.3344 0.183222
-12.457 -0.0346718
-12.5796 -0.252566
-12.7021 -0.47046
-12.8247 -0.688353
-12.9473 -0.906247
-13.0698 -1.12414
-13.1924 -1.34204
-13.315 -1.55993
-13.4375 -1.77782
-13.5601 -1.99572
-13.6827 -2.21361
-13.8052 -2.4315
-13.9278 -2.6494
-14.0504 -2.86729
-14.1729 -3.08519
-14.2955 -3.30308
-14.418 -3.52097
-14.5406 -3.73887
-14.6632 -3.95676
-14.7857 -4.17465
-14.9083 -4.39255
-15.0309 -4.61044
-15.1534 -4.82834
-15.276 -5.04623
-15.3986 -5.26413
-15.5211 -5.48202
-15.6437 -5.69991
-15.7663 -5.91781
-15.8888 -6.1357
-16.0114 -6.3536
-16.134 -6.57149
-16.2565 -6.78938
-16.3791 -7.00728
-16.5017 -7.22517
-16.6242 -7.44307
-16.7468 -7.66096
-16.8694 -7.87885
-16.9919 -8.09675
-17.1145 -8.31464
-17.2371 -8.53254
-17.3596 -8.75043
-17.4822 -8.96832
-17.6047 -9.18622
-17.7273 -9.40411
-17.8499 -9.622
-17.9724 -9.8399
-18.095 -10.0578
-18.2176 -10.2757
-18.3401 -10.4936
-18.4627 -10.7115
-18.5853 -10.9294
-18.7078 -11.1473
-18.8304 -11.3652
-18.953 -11.583
-19.0755 -11.8009
-19.1981 -12.0188
-19.3207 -12.2367
-19.4432 -12.4546
-19.5658 -12.6725
-19.6884 -12.8904
-19.8109 -13.1083
-19.9335 -13.3262
-20.0561 -13.5441
-20.1786 -13.762
-20.3012 -13.9799
-20.4237 -14.1978
-20.5463 -14.4157
-20.6689 -14.6336
-20.7914 -14.8514
-20.914 -15.0693
-21.0366 -15.2872
-21.1591 -15.5051
-21.2817 -15.723
-21.4043 -15.9409
-21.5268 -16.1588
-21.5268 -16.1588
-22 -17