-10 -23
-9.92698 -22.9298
-9.76434 -22.7399
-9.60169 -22.55
-9.43904 -22.3602
-9.27639 -22.1703
-9.11375 -21.9805
-8.9511 -21.7906
-8.78845 -21.6008
-8.62581 -21.4109
-8.46316 -21.221
-8.30051 -21.0312
-8.13786 -20.8413
-7.97522 -20.6515
-7.81257 -20.4616
-7.64992 -20.2718
-7.48727 -20.0819
-7.32463 -19.892
-7.16198 -19.7022
-6.99933 -19.5123
-6.83668 -19.3225
-6.67403 -19.1326
-6.51139 -18.9428
-6.34874 -18.7529
-6.18609 -18.563
-6.02344 -18.3732
-5.8608 -18.1833
-5.69815 -17.9935
-5.5355 -17.8036
-5.37285 -17.6138
-5.21021 -17.4239
-5.04756 -17.234
-4.88491 -17.0442
-4.72226 -16.8543
-4.55961 -16.6645
-4.39697 -16.4746
-4.23432 -16.2847
-4.07167 -16.0949
-3.90902 -15.905
-3.74638 -15.7152
-3.58373 -15.5253
-3.42108 -15.3355
-3.25843 -15.1456
-3.09578 -14.9557
-2.93314 -14.7659
-2.77049 -14.576
-2.60784 -14.3862
-2.44519 -14.1963
-2.28255 -14.0065
-2.1199 -13.8166
-1.95725 -13.6267
-1.7946 -13.4369
-1.63196 -13.247
-1.46931 -13.0572
-1.30666 -12.8673
-1.14401 -12.6775
-0.981364 -12.4876
-0.797412 -12.3203
-0.613485 -12.153
-0.429586 -11.9858
-0.245715 -11.8185
-0.061872 -11.6513
0.12194 -11.4842
0.305722 -11.317
0.489471 -11.1499
0.673187 -10.9828
0.856868 -10.8158
1.04051 -10.6488
1.22412 -10.4818
1.40769 -10.3149
1.59122 -10.148
1.77471 -9.9811
1.95815 -9.81428
2.14155 -9.6475
2.3249 -9.48077
2.5082 -9.31408
2.69145 -9.14744
2.87464 -8.98085
3.05779 -8.81432
3.24087 -8.64784
3.42389 -8.48141
3.60685 -8.31505
3.78974 -8.14875
3.97256 -7.98251
4.15531 -7.81635
4.33799 -7.65025
4.52058 -7.48423
4.67421 -7.28696
4.82536 -7.08782
4.9765 -6.88868
5.12765 -6.68955
5.27879 -6.49041
5.42993 -6.29127
5.58108 -6.09213
5.73222 -5.893
5.88337 -5.69386
6.03451 -5.49472
6.18566 -5.29559
6.3368 -5.09645
6.48795 -4.89731
6.63909 -4.69818
6.79024 -4.49904
6.94138 -4.2999
7.09252 -4.10077
7.24367 -3.90163
7.39481 -3.70249
7.54596 -3.50336
7.6971 -3.30422
7.84825 -3.10509
7.99939 -2.90595
8.15054 -2.70681
8.30168 -2.50768
8.45282 -2.30854
8.60397 -2.1094
8.75511 -1.91027
8.90626 -1.71113
9.0574 -1.51199
9.20855 -1.31286
9.35969 -1.11372
9.51083 -0.914584
9.66198 -0.715447
9.81312 -0.516311
9.96427 -0.317174
10.1154 -0.118038
10.2666 0.0810988
10.4177 0.280235
10.5688 0.479372
10.72 0.678508
10.8711 0.877645
11.0223 1.07678
11.1734 1.27592
11.3246 1.47505
11.4757 1.67419
11.6269 1.87333
11.778 2.07246
11.9291 2.2716
12.0803 2.47074
12.2314 2.66987
12.3826 2.86901
12.5337 3.06815
12.6849 3.26728
12.836 3.46642
12.9872 3.66556
13.1383 3.86469
13.2894 4.06383
14 5