-4 -15
-3.75124 -15.0249
-3.50248 -15.0498
-3.25372 -15.0746
-3.00496 -15.0995
-2.7562 -15.1244
-2.50744 -15.1493
-2.25869 -15.1741
-2.00993 -15.199
-1.76117 -15.2239
-1.51241 -15.2488
-1.26365 -15.2736
-1.01489 -15.2985
-0.766129 -15.3234
-0.51737 -15.3483
-0.268611 -15.3731
-0.0198517 -15.398
0.228908 -15.4229
0.477667 -15.4478
0.726426 -15.4726
0.975185 -15.4975
1.22394 -15.5224
1.4727 -15.5473
1.72146 -15.5721
1.97022 -15.597
2.21898 -15.6219
2.46774 -15.6468
2.7165 -15.6716
2.96526 -15.6965
3.21402 -15.7214
3.46278 -15.7463
3.71154 -15.7712
3.9603 -15.796
4.20906 -15.8209
4.45782 -15.8458
4.70657 -15.8707
4.95533 -15.8955
5.20409 -15.9204
5.25042 -15.9511
5.25042 -15.9511
5.25042 -15.9511
5.25042 -15.9511
5.25042 -15.9511
5.25042 -15.9511
5.25042 -15.9511
5.25042 -15.9511
5.25042 -15.9511
5.25042 -15.9511
5.25042 -15.9511
5.25042 -15.9511
5.25042 -15.9511
5.25042 -15.9511
5.25042 -15.9511
5.25042 -15.9511
5.25042 -15.9511
5.25042 -15.9511
5.25042 -15.9511
5.25042 -15.9511
5.25042 -15.9511
5.25042 -15.9511
5.25042 -15.9511
5.25042 -15.9511
5.25042 -15.9511
5.25042 -15.9511
5.25042 -15.9511
5.25042 -15.9511
5.25042 -15.9511
5.25042 -15.9511
5.25042 -15.9511
5.25042 -15.9511
5.25042 -15.9511
5.25042 -15.9511
5.25042 -15.9511
5.25042 -15.9511
5.25042 -15.9511
5.25042 -15.9511
5.25042 -15.9511
5.25042 -15.9511
5.25042 -15.9511
5.25042 -15.9511
5.25042 -15.9511
5.25042 -15.9511
5.25042 -15.9511
5.25042 -15.9511
5.25042 -15.9511
5.25042 -15.9511
5.25042 -15.9511
5.25042 -15.9511
5.25042 -15.9511
5.25042 -15.9511
5.25042 -15.9511
5.25042 -15.9511
5.25042 -15.9511
5.25042 -15.9511
5.25042 -15.9511
5.25042 -15.9511
5.25042 -15.9511
5.25042 -15.9511
5.25042 -15.9511
5.25042 -15.9511
5.25042 -15.9511
5.25042 -15.9511
5.25042 -15.9511
5.25042 -15.9511
5.25042 -15.9511
5.25042 -15.9511
5.25042 -15.9511
5.25042 -15.9511
5.25042 -15.9511
5.25042 -15.9511
5.25042 -15.9511
5.25042 -15.9511
5.25042 -15.9511
5.25042 -15.9511
5.25042 -15.9511
5.25042 -15.9511
5.25042 -15.9511
5.25042 -15.9511
5.25042 -15.9511
5.25042 -15.9511
5.25042 -15.9511
5.25042 -15.9511
5.25042 -15.9511
5.25042 -15.9511
5.25042 -15.9511
5.25042 -15.9511
5.25042 -15.9511
5.25042 -15.9511
5.25042 -15.9511
5.25042 -15.9511
5.25042 -15.9511
5.25042 -15.9511
5.25042 -15.9511
5.25042 -15.9511
5.25042 -15.9511
5.25042 -15.9511
5.25042 -15.9511
5.25042 -15.9511
5.25042 -15.9511
5.25042 -15.9511
5.25042 -15.9511
5.25042 -15.9511
5.25042 -15.9511
5.25042 -15.9511
5.25042 -15.9511
6 -16