-21 24
-20.7575 23.9394
-20.5149 23.8787
-20.2724 23.8181
-20.0299 23.7575
-19.7873 23.6968
-19.5448 23.6362
-19.3022 23.5756
-19.0597 23.5149
-18.8172 23.4543
-18.5746 23.3937
-18.3321 23.333
-18.0896 23.2724
-17.847 23.2118
-17.6045 23.1511
-17.362 23.0905
-17.1194 23.0298
-16.8769 22.9692
-16.6343 22.9086
-16.3918 22.8479
-16.1493 22.7873
-15.9067 22.7267
-15.6642 22.666
-15.4217 22.6054
-15.1791 22.5448
-14.9366 22.4841
-14.6941 22.4235
-14.4515 22.3629
-14.209 22.3022
-13.9664 22.2416
-13.7239 22.181
-13.4814 22.1203
-13.2388 22.0597
-12.9963 21.9991
-12.7538 21.9384
-12.5112 21.8778
-12.2687 21.8172
-12.0262 21.7565
-11.7836 21.6959
-11.5411 21.6353
-11.2986 21.5746
-11.056 21.514
-10.8135 21.4533
-10.571 21.3927
-10.3284 21.3321
-10.0859 21.2714
-9.84334 21.2108
-9.60081 21.1502
-9.35827 21.0895
-9.11574 21.0289
-8.8732 20.9683
-8.63067 20.9076
-8.38813 20.847
-8.14559 20.7864
-7.90306 20.7257
-7.66052 20.6651
-7.41799 20.6045
-7.17545 20.5438
-6.93292 20.4832
-6.69038 20.4226
-6.44785 20.3619
-6.20531 20.3013
-5.96277 20.2407
-5.72024 20.18
-5.4777 20.1194
-5.23517 20.0588
-4.99263 19.9981
-4.7501 19.9375
-4.50756 19.8769
-4.26503 19.8162
-4.02249 19.7556
-3.77995 19.695
-3.53742 19.6343
-3.29488 19.5737
-3.05235 19.5131
-2.80981 19.4524
-2.56728 19.3918
-2.32474 19.3312
-2.0822 19.2705
-1.83967 19.2099
-1.59713 19.1493
-1.3546 19.0886
-1.11206 19.028
-0.869526 18.9674
-0.626991 18.9067
-0.384455 18.8461
-0.141919 18.7855
0.100617 18.7248
0.343152 18.6642
0.585688 18.6036
0.828224 18.5429
1.07076 18.4823
1.3133 18.4217
1.55583 18.361
1.79837 18.3004
2.0409 18.2398
2.28344 18.1791
2.52597 18.1185
2.76851 18.0579
3.01104 17.9972
3.25358 17.9366
3.49612 17.876
3.73865 17.8153
3.98119 17.7547
4.22372 17.6941
4.46626 17.6334
4.70879 17.5728
4.95133 17.5122
5.19386 17.4515
5.4364 17.3909
5.67894 17.3303
5.92147 17.2696
6.16401 17.209
6.40654 17.1484
6.64908 17.0877
6.89161 17.0271
7.13415 16.9665
7.37669 16.9058
7.61922 16.8452
7.86176 16.7846
8.10429 16.7239
8.34683 16.6633
8.58936 16.6027
8.8319 16.542
9.07443 16.4814
9.31697 16.4208
9.55951 16.3601
9.80204 16.2995
10.0446 16.2389
10.0446 16.2389
10.0446 16.2389
10.0446 16.2389
10.0446 16.2389
10.0446 16.2389
10.0446 16.2389
10.0446 16.2389
10.0446 16.2389
10.0446 16.2389
10.0446 16.2389
10.0446 16.2389
10.0446 16.2389
10.0446 16.2389
10.0446 16.2389
10.0446 16.2389
10.0446 16.2389
11 16