17 10
16.8447 9.80413
16.6893 9.60825
16.534 9.41238
16.3786 9.2165
16.2233 9.02063
16.0679 8.82475
15.9126 8.62888
15.7572 8.43301
15.6019 8.23713
15.4465 8.04126
15.2912 7.84538
15.1358 7.64951
14.9805 7.45364
14.8251 7.25776
14.6698 7.06189
14.5144 6.86601
14.3591 6.67014
14.2037 6.47426
14.0484 6.27839
13.893 6.08252
13.7377 5.88664
13.5823 5.69077
13.427 5.49489
13.2716 5.29902
13.1163 5.10314
12.9609 4.90727
12.8056 4.7114
12.6502 4.51552
12.4949 4.31965
12.3395 4.12377
12.1842 3.9279
12.0288 3.73202
11.8735 3.53615
11.7181 3.34028
11.5628 3.1444
11.4074 2.94853
11.2521 2.75265
11.0968 2.55678
10.9414 2.3609
10.7861 2.16503
10.6307 1.96915
10.4754 1.77328
10.32 1.57741
10.1647 1.38153
10.0093 1.18566
9.85396 0.989782
9.69861 0.793908
9.54326 0.598033
9.38792 0.402159
9.23257 0.206285
9.07722 0.0104101
8.92187 -0.185464
8.76652 -0.381339
8.61117 -0.577213
8.45582 -0.773088
8.30047 -0.968962
8.12382 -1.14228
7.9472 -1.31557
7.77062 -1.48882
7.59408 -1.66204
7.41757 -1.83522
7.2411 -2.00836
7.06468 -2.18146
6.8883 -2.35453
6.71196 -2.52755
6.53567 -2.70053
6.35942 -2.87347
6.18322 -3.04635
6.00707 -3.2192
5.83098 -3.39199
5.65494 -3.56473
5.47895 -3.73742
5.30303 -3.91005
5.12716 -4.08263
4.95135 -4.25515
4.77561 -4.4276
4.59994 -4.6
4.42434 -4.77233
4.24881 -4.94459
4.07335 -5.11677
3.89797 -5.28889
3.72268 -5.46092
3.54747 -5.63288
3.37235 -5.80475
3.19732 -5.97653
3.02239 -6.14823
2.87646 -6.35113
2.73285 -6.55577
2.58925 -6.76041
2.44564 -6.96504
2.30203 -7.16968
2.15842 -7.37432
2.01482 -7.57896
1.87121 -7.7836
1.7276 -7.98824
1.584 -8.19288
1.44039 -8.39752
1.29678 -8.60215
1.15317 -8.80679
1.00957 -9.01143
0.865961 -9.21607
0.722354 -9.42071
0.578747 -9.62535
0.435139 -9.82999
0.291532 -10.0346
0.147925 -10.2393
0.00431828 -10.4439
-0.139289 -10.6485
-0.282896 -10.8532
-0.426503 -11.0578
-0.57011 -11.2625
-0.713717 -11.4671
-0.857324 -11.6717
-1.00093 -11.8764
-1.14454 -12.081
-1.28815 -12.2856
-1.43175 -12.4903
-1.57536 -12.6949
-1.71897 -12.8996
-1.86257 -13.1042
-2.00618 -13.3088
-2.14979 -13.5135
-2.29339 -13.7181
-2.437 -13.9228
-2.58061 -14.1274
-2.72421 -14.332
-2.86782 -14.5367
-3.01143 -14.7413
-3.15504 -14.9459
-3.29864 -15.1506
-3.44225 -15.3552
-3.58586 -15.5599
-3.72946 -15.7645
-3.87307 -15.9691
-4.01668 -16.1738
-4.16028 -16.3784
-4.30389 -16.5831
-4.4475 -16.7877
-4.59111 -16.9923
-4.73471 -17.197
-4.87832 -17.4016
-5.02193 -17.6063
-5.16553 -17.8109
-5.30914 -18.0155
-6 -19