-14 2
-13.7582 2.06362
-13.5165 2.12725
-13.2747 2.19087
-13.0329 2.25449
-12.7912 2.31812
-12.5494 2.38174
-12.3076 2.44536
-12.0658 2.50899
-11.8241 2.57261
-11.5823 2.63623
-11.3405 2.69986
-11.0988 2.76348
-10.857 2.8271
-10.6152 2.89073
-10.3735 2.95435
-10.1317 3.01797
-9.88993 3.0816
-9.64816 3.14522
-9.40639 3.20885
-9.16462 3.27247
-8.92285 3.33609
-8.68109 3.39972
-8.43932 3.46334
-8.19755 3.52696
-7.95578 3.59059
-7.71401 3.65421
-7.47224 3.71783
-7.23047 3.78146
-6.9887 3.84508
-6.74693 3.9087
-6.50517 3.97233
-6.2634 4.03595
-6.02163 4.09957
-5.77986 4.1632
-5.53809 4.22682
-5.29632 4.29044
-5.05455 4.35407
-4.81278 4.41769
-4.57102 4.48131
-4.32925 4.54494
-4.08748 4.60856
-3.84571 4.67218
-3.60394 4.73581
-3.36217 4.79943
-3.1204 4.86305
-2.87863 4.92668
-2.63687 4.9903
-2.3951 5.05392
-2.15333 5.11755
-1.91156 5.18117
-1.66979 5.24479
-1.42802 5.30842
-1.18625 5.37204
-0.944486 5.43566
-0.702717 5.49929
-0.460948 5.56291
-0.21918 5.62653
0.0225889 5.69016
0.264358 5.75378
0.506126 5.8174
0.747895 5.88103
0.989664 5.94465
1.23143 6.00827
1.4732 6.0719
1.71497 6.13552
1.95674 6.19914
2.19851 6.26277
2.44028 6.32639
2.68204 6.39001
2.92381 6.45364
3.16558 6.51726
3.40735 6.58088
3.64912 6.64451
3.89089 6.70813
4.13266 6.77175
4.13266 6.77175
4.13266 6.77175
4.13266 6.77175
4.13266 6.77175
4.13266 6.77175
4.13266 6.77175
4.13266 6.77175
4.13266 6.77175
4.13266 6.77175
4.13266 6.77175
4.13266 6.77175
4.13266 6.77175
4.13266 6.77175
4.13266 6.77175
4.13266 6.77175
4.13266 6.77175
4.13266 6.77175
4.13266 6.77175
4.13266 6.77175
4.13266 6.77175
4.13266 6.77175
4.13266 6.77175
4.13266 6.77175
4.13266 6.77175
4.13266 6.77175
4.13266 6.77175
4.13266 6.77175
4.13266 6.77175
4.13266 6.77175
4.13266 6.77175
4.13266 6.77175
4.13266 6.77175
4.13266 6.77175
4.13266 6.77175
4.13266 6.77175
4.13266 6.77175
4.13266 6.77175
4.13266 6.77175
4.13266 6.77175
4.13266 6.77175
4.13266 6.77175
4.13266 6.77175
4.13266 6.77175
4.13266 6.77175
4.13266 6.77175
4.13266 6.77175
4.13266 6.77175
4.13266 6.77175
4.13266 6.77175
4.13266 6.77175
4.13266 6.77175
4.13266 6.77175
4.13266 6.77175
4.13266 6.77175
4.13266 6.77175
4.13266 6.77175
4.13266 6.77175
4.13266 6.77175
4.13266 6.77175
4.13266 6.77175
4.13266 6.77175
4.13266 6.77175
4.13266 6.77175
4.13266 6.77175
4.13266 6.77175
4.13266 6.77175
4.13266 6.77175
4.13266 6.77175
4.13266 6.77175
4.13266 6.77175
4.13266 6.77175
4.13266 6.77175
4.13266 6.77175
4.13266 6.77175
4.13266 6.77175
4.13266 6.77175
4.13266 6.77175
4.13266 6.77175
4.13266 6.77175
4.13266 6.77175
4.13266 6.77175
4.13266 6.77175
4.13266 6.77175
4.13266 6.77175
4.13266 6.77175
4.13266 6.77175
4.13266 6.77175
4.13266 6.77175
4.13266 6.77175
4.13266 6.77175
4.13266 6.77175
4.13266 6.77175
4.13266 6.77175
4.13266 6.77175
4.13266 6.77175
4.13266 6.77175
4.13266 6.77175
4.13266 6.77175
4.13266 6.77175
4.13266 6.77175
4.13266 6.77175
4.13266 6.77175
4.13266 6.77175
4.13266 6.77175
4.13266 6.77175
4.13266 6.77175
4.13266 6.77175
4.13266 6.77175
4.13266 6.77175
4.13266 6.77175
4.13266 6.77175
4.13266 6.77175
4.13266 6.77175
4.13266 6.77175
4.13266 6.77175
4.13266 6.77175
4.13266 6.77175
4.13266 6.77175
4.13266 6.77175
4.13266 6.77175
4.13266 6.77175
4.13266 6.77175
4.13266 6.77175
4.13266 6.77175
4.13266 6.77175
4.13266 6.77175
4.13266 6.77175
4.13266 6.77175
4.13266 6.77175
4.13266 6.77175
4.13266 6.77175
4.13266 6.77175
4.13266 6.77175
4.13266 6.77175
4.13266 6.77175
4.13266 6.77175
4.13266 6.77175
4.13266 6.77175
4.13266 6.77175
4.13266 6.77175
4.13266 6.77175
4.13266 6.77175
4.13266 6.77175
4.13266 6.77175
5 7