18 18
17.8222 17.8459
17.657 17.6583
17.4919 17.4706
17.3267 17.2829
17.1616 17.0952
16.9964 16.9075
16.8313 16.7199
16.6661 16.5322
16.501 16.3445
16.3358 16.1568
16.1706 15.9691
16.0055 15.7814
15.8403 15.5938
15.6752 15.4061
15.51 15.2184
15.3449 15.0307
15.1797 14.843
15.0146 14.6553
14.8494 14.4677
14.6843 14.28
14.5191 14.0923
14.354 13.9046
14.1888 13.7169
14.0237 13.5292
13.8585 13.3416
13.6934 13.1539
13.5282 12.9662
13.3631 12.7785
13.1979 12.5908
13.0328 12.4031
12.8676 12.2155
12.7025 12.0278
12.5373 11.8401
12.3722 11.6524
12.207 11.4647
12.0419 11.277
11.8767 11.0894
11.7116 10.9017
11.5464 10.714
11.3813 10.5263
11.2161 10.3386
11.0509 10.1509
10.8858 9.96326
10.7206 9.77558
10.5555 9.58789
10.3903 9.40021
10.2252 9.21253
10.06 9.02484
9.89489 8.83716
9.72974 8.64948
9.56458 8.46179
9.39943 8.27411
9.23428 8.08643
9.06913 7.89874
8.90398 7.71106
8.73883 7.52338
8.57368 7.33569
8.40852 7.14801
8.24337 6.96033
8.07822 6.77264
7.91307 6.58496
7.74792 6.39728
7.58277 6.20959
7.41762 6.02191
7.25247 5.83422
7.08732 5.64654
6.92216 5.45886
6.75701 5.27117
6.59186 5.08349
6.42671 4.89581
6.26156 4.70812
6.09641 4.52044
5.93126 4.33276
5.76611 4.14507
5.60096 3.95739
5.4358 3.76971
5.27065 3.58202
5.1055 3.39434
4.94035 3.20665
4.7752 3.01897
4.61005 2.83129
4.4449 2.6436
4.27975 2.45592
4.1146 2.26824
3.94944 2.08055
3.78429 1.89287
3.61914 1.70519
3.45399 1.5175
3.28884 1.32982
3.12369 1.14214
2.95854 0.954452
2.79339 0.766768
2.62824 0.579085
2.46308 0.391401
2.29793 0.203718
2.13278 0.016034
1.96763 -0.17165
1.80248 -0.359333
1.63733 -0.547017
1.47218 -0.7347
1.30703 -0.922384
1.14188 -1.11007
0.976724 -1.29775
0.811573 -1.48543
0.646422 -1.67312
0.481271 -1.8608
0.31612 -2.04848
0.150969 -2.23617
-0.0141826 -2.42385
-0.179334 -2.61154
-0.344485 -2.79922
-0.509636 -2.9869
-0.674787 -3.17459
-0.839938 -3.36227
-1.00509 -3.54995
-1.17024 -3.73764
-1.33539 -3.92532
-1.50054 -4.113
-1.66569 -4.30069
-1.83084 -4.48837
-1.996 -4.67605
-2.16115 -4.86374
-2.3263 -5.05142
-2.49145 -5.23911
-2.6566 -5.42679
-2.82175 -5.61447
-2.9869 -5.80216
-3.15205 -5.98984
-3.3172 -6.17752
-3.48236 -6.36521
-3.64751 -6.55289
-3.81266 -6.74057
-3.97781 -6.92826
-4.14296 -7.11594
-4.30811 -7.30363
-4.47326 -7.49131
-4.63841 -7.67899
-4.80357 -7.86668
-4.96872 -8.05436
-5.13387 -8.24204
-5.29902 -8.42973
-5.46417 -8.61741
-5.62932 -8.80509
-5.79447 -8.99277
-5.95962 -9.18046
-6.12477 -9.36814
-6.28993 -9.55582
-6.45508 -9.74351
-6.62023 -9.93119
-6.78538 -10.1189
-6.95053 -10.3066
-7.11568 -10.4942
-7.28083 -10.6819
-7.44598 -10.8696
-7.61113 -11.0573
-7.77629 -11.245
-7.94144 -11.4327
-8.10659 -11.6203
-8.27174 -11.808
-8.43689 -11.9957
-8.60204 -12.1834
-8.76719 -12.3711
-8.93234 -12.5588
-9.09749 -12.7464
-9.26264 -12.9341
-9.42779 -13.1218
-9.59294 -13.3095
-9.75809 -13.4972
-9.92324 -13.6849
-10.0884 -13.8725
-10.2535 -14.0602
-10.4187 -14.2479
-10.5838 -14.4356
-10.749 -14.6233
-10.9141 -14.811
-11.0793 -14.9986
-11.2444 -15.1863
-11.4096 -15.374
-11.5748 -15.5617
-11.7399 -15.7494
-11.9051 -15.937
-12.0702 -16.1247
-12.2354 -16.3124
-12.4005 -16.5001
-12.5657 -16.6878
-12.7308 -16.8755
-12.896 -17.0631
-13.0611 -17.2508
-13.2263 -17.4385
-13.3914 -17.6262
-13.5566 -17.8139
-13.7217 -18.0016
-13.8869 -18.1892
-14.052 -18.3769
-14.2172 -18.5646
-14.3823 -18.7523
-14.5475 -18.94
-14.7126 -19.1277
-14.8778 -19.3153
-15.0429 -19.503
-15.2081 -19.6907
-15.3732 -19.8784
-15.5384 -20.0661
-15.7035 -20.2538
-15.8687 -20.4414
-16.0338 -20.6291
-16.199 -20.8168
-16.3641 -21.0045
-16.5293 -21.1922
-16.6944 -21.3799
-16.8596 -21.5675
-17.0247 -21.7552
-17.1899 -21.9429
-17.355 -22.1306
-17.5202 -22.3183
-17.6853 -22.506
-17.8505 -22.6936
-18.0156 -22.8813
-18.1808 -23.069
-19 -24