21 10
20.7844 9.87345
20.5688 9.7469
20.3532 9.62035
20.1376 9.4938
19.922 9.36725
19.7064 9.2407
19.4908 9.11415
19.2752 8.9876
19.0596 8.86105
18.844 8.7345
18.6283 8.60795
18.4127 8.4814
18.1971 8.35485
17.9815 8.2283
17.7659 8.10175
17.5503 7.9752
17.3347 7.84865
17.1191 7.7221
16.9035 7.59555
16.6879 7.469
16.4723 7.34245
16.2567 7.2159
16.0411 7.08935
15.8255 6.9628
15.6099 6.83625
15.3943 6.7097
15.1787 6.58315
14.9631 6.4566
14.7475 6.33005
14.5319 6.2035
14.3163 6.07695
14.1007 5.9504
13.8851 5.82385
13.6694 5.6973
13.4538 5.57075
13.2382 5.4442
13.0226 5.31765
12.807 5.1911
12.5914 5.06455
12.3758 4.938
12.1602 4.81145
11.9446 4.6849
11.729 4.55835
11.5134 4.4318
11.2978 4.30525
11.0822 4.1787
10.8666 4.05215
10.651 3.9256
10.4354 3.79905
10.2198 3.6725
10.0042 3.54595
9.78858 3.4194
9.57298 3.29285
9.35737 3.1663
9.14177 3.03975
8.92616 2.9132
8.71056 2.78665
8.49496 2.6601
8.27935 2.53355
8.06375 2.407
7.84814 2.28045
7.63254 2.15389
7.41694 2.02734
7.20133 1.90079
6.98573 1.77424
6.77013 1.64769
6.55452 1.52114
6.33892 1.39459
6.12331 1.26804
5.90771 1.14149
5.69211 1.01494
5.4765 0.888393
5.2609 0.761843
5.04529 0.635293
4.82969 0.508742
4.61409 0.382192
4.39848 0.255642
4.18288 0.129092
3.96728 0.00254154
3.75167 -0.124009
3.53607 -0.250559
3.32046 -0.377109
3.10486 -0.503659
2.88926 -0.630209
2.67365 -0.75676
2.45805 -0.88331
2.24244 -1.00986
2.02684 -1.13641
1.81124 -1.26296
1.59563 -1.38951
1.38003 -1.51606
1.16443 -1.64261
0.948821 -1.76916
0.733218 -1.89571
0.517614 -2.02226
0.30201 -2.14881
0.0864058 -2.27536
-0.129198 -2.40191
-0.344802 -2.52846
-0.560406 -2.65501
-0.77601 -2.78156
-0.991614 -2.90811
-1.20722 -3.03466
-1.42282 -3.16121
-1.63843 -3.28776
-1.85403 -3.41431
-2.06963 -3.54086
-2.28524 -3.66741
-2.50084 -3.79396
-2.71644 -3.92051
-2.93205 -4.04706
-3.14765 -4.17361
-3.36326 -4.30017
-3.57886 -4.42672
-3.79446 -4.55327
-4.01007 -4.67982
-4.22567 -4.80637
-4.44128 -4.93292
-4.65688 -5.05947
-4.87248 -5.18602
-5.08809 -5.31257
-5.30369 -5.43912
-5.51929 -5.56567
-5.7349 -5.69222
-5.9505 -5.81877
-6.16611 -5.94532
-6.38171 -6.07187
-6.59731 -6.19842
-6.81292 -6.32497
-7.02852 -6.45152
-7.24413 -6.57807
-7.45973 -6.70462
-7.67533 -6.83117
-7.89094 -6.95772
-8.10654 -7.08427
-8.32214 -7.21082
-8.53775 -7.33737
-8.75335 -7.46392
-8.96896 -7.59047
-9.18456 -7.71702
-9.40016 -7.84357
-9.61577 -7.97012
-9.83137 -8.09667
-10.047 -8.22322
-10.2626 -8.34977
-10.4782 -8.47632
-10.6938 -8.60287
-10.9094 -8.72942
-11.125 -8.85597
-11.3406 -8.98252
-11.5562 -9.10907
-11.7718 -9.23562
-11.9874 -9.36217
-12.203 -9.48872
-12.4186 -9.61527
-12.6342 -9.74182
-12.8498 -9.86837
-13.0654 -9.99492
-13.281 -10.1215
-13.4966 -10.248
-13.7122 -10.3746
-13.9278 -10.5011
-14.1434 -10.6277
-14.3591 -10.7542
-14.5747 -10.8808
-14.7903 -11.0073
-15.0059 -11.1339
-15.2215 -11.2604
-15.4371 -11.387
-15.6527 -11.5135
-15.8683 -11.6401
-16.0839 -11.7666
-16.2995 -11.8932
-16.5151 -12.0197
-16.7307 -12.1463
-16.9463 -12.2728
-17.1619 -12.3994
-17.3775 -12.5259
-17.5931 -12.6525
-17.8087 -12.779
-18.0243 -12.9056
-18.2399 -13.0321
-18.4555 -13.1587
-18.6711 -13.2852
-18.8867 -13.4118
-19.1024 -13.5383
-19.318 -13.6649
-19.5336 -13.7914
-19.7492 -13.918
-19.9648 -14.0445
-20.1804 -14.1711
-20.396 -14.2976
-20.6116 -14.4242
-20.8272 -14.5507
-21.0428 -14.6773
-21.2584 -14.8038
-21.474 -14.9304
-21.6896 -15.0569
-21.9052 -15.1835
-22.1208 -15.31
-22.3364 -15.4366
-22.552 -15.5631
-22.7676 -15.6897
-22.9832 -15.8162
-23.1988 -15.9428
-23.4144 -16.0693
-23.63 -16.1959
-23.8457 -16.3224
-24.0613 -16.449
-24.2769 -16.5755
-24.2769 -16.5755
-24.2769 -16.5755
-24.2769 -16.5755
-24.2769 -16.5755
-24.2769 -16.5755
-24.2769 -16.5755
-24.2769 -16.5755
-24.2769 -16.5755
-24.2769 -16.5755
-25 -17