0 21
0.214373 20.8714
0.428746 20.7428
0.64312 20.6141
0.857493 20.4855
1.07187 20.3569
1.28624 20.2283
1.50061 20.0996
1.71499 19.971
1.92936 19.8424
2.14373 19.7138
2.35811 19.5851
2.57248 19.4565
2.78685 19.3279
3.00123 19.1993
3.2156 19.0706
3.42997 18.942
3.64435 18.8134
3.85872 18.6848
4.07309 18.5561
4.28747 18.4275
4.28747 18.4275
4.28747 18.4275
4.28747 18.4275
4.28747 18.4275
4.28747 18.4275
4.28747 18.4275
4.28747 18.4275
4.28747 18.4275
4.28747 18.4275
4.28747 18.4275
4.28747 18.4275
4.28747 18.4275
4.28747 18.4275
4.28747 18.4275
4.28747 18.4275
4.28747 18.4275
4.28747 18.4275
4.28747 18.4275
4.28747 18.4275
4.28747 18.4275
4.28747 18.4275
4.28747 18.4275
4.28747 18.4275
4.28747 18.4275
4.28747 18.4275
4.28747 18.4275
4.28747 18.4275
4.28747 18.4275
4.28747 18.4275
4.28747 18.4275
4.28747 18.4275
4.28747 18.4275
4.28747 18.4275
4.28747 18.4275
4.28747 18.4275
4.28747 18.4275
4.28747 18.4275
4.28747 18.4275
4.28747 18.4275
4.28747 18.4275
4.28747 18.4275
4.28747 18.4275
4.28747 18.4275
4.28747 18.4275
4.28747 18.4275
4.28747 18.4275
4.28747 18.4275
4.28747 18.4275
4.28747 18.4275
4.28747 18.4275
4.28747 18.4275
4.28747 18.4275
4.28747 18.4275
4.28747 18.4275
4.28747 18.4275
4.28747 18.4275
4.28747 18.4275
4.28747 18.4275
4.28747 18.4275
4.28747 18.4275
4.28747 18.4275
4.28747 18.4275
4.28747 18.4275
4.28747 18.4275
4.28747 18.4275
4.28747 18.4275
4.28747 18.4275
4.28747 18.4275
4.28747 18.4275
4.28747 18.4275
4.28747 18.4275
4.28747 18.4275
4.28747 18.4275
4.28747 18.4275
4.28747 18.4275
4.28747 18.4275
4.28747 18.4275
4.28747 18.4275
4.28747 18.4275
4.28747 18.4275
4.28747 18.4275
4.28747 18.4275
4.28747 18.4275
4.28747 18.4275
4.28747 18.4275
4.28747 18.4275
4.28747 18.4275
4.28747 18.4275
4.28747 18.4275
4.28747 18.4275
4.28747 18.4275
4.28747 18.4275
4.28747 18.4275
4.28747 18.4275
4.28747 18.4275
4.28747 18.4275
4.28747 18.4275
4.28747 18.4275
4.28747 18.4275
4.28747 18.4275
4.28747 18.4275
4.28747 18.4275
4.28747 18.4275
4.28747 18.4275
4.28747 18.4275
4.28747 18.4275
4.28747 18.4275
4.28747 18.4275
4.28747 18.4275
4.28747 18.4275
4.28747 18.4275
4.28747 18.4275
4.28747 18.4275
4.28747 18.4275
4.28747 18.4275
4.28747 18.4275
4.28747 18.4275
4.28747 18.4275
4.28747 18.4275
4.28747 18.4275
4.28747 18.4275
4.28747 18.4275
4.28747 18.4275
4.28747 18.4275
4.28747 18.4275
4.28747 18.4275
4.28747 18.4275
4.28747 18.4275
4.28747 18.4275
4.28747 18.4275
4.28747 18.4275
4.28747 18.4275
4.28747 18.4275
4.28747 18.4275
4.28747 18.4275
4.28747 18.4275
4.28747 18.4275
4.28747 18.4275
4.28747 18.4275
4.28747 18.4275
4.28747 18.4275
4.28747 18.4275
4.28747 18.4275
4.28747 18.4275
4.28747 18.4275
4.28747 18.4275
4.28747 18.4275
4.28747 18.4275
4.28747 18.4275
4.28747 18.4275
4.28747 18.4275
4.28747 18.4275
4.28747 18.4275
4.28747 18.4275
4.28747 18.4275
4.28747 18.4275
4.28747 18.4275
4.28747 18.4275
4.28747 18.4275
4.28747 18.4275
4.28747 18.4275
4.28747 18.4275
4.28747 18.4275
4.28747 18.4275
4.28747 18.4275
4.28747 18.4275
4.28747 18.4275
4.28747 18.4275
4.28747 18.4275
4.28747 18.4275
4.28747 18.4275
4.28747 18.4275
4.28747 18.4275
4.28747 18.4275
4.28747 18.4275
4.28747 18.4275
4.28747 18.4275
4.28747 18.4275
4.28747 18.4275
4.28747 18.4275
4.28747 18.4275
4.28747 18.4275
4.28747 18.4275
4.28747 18.4275
4.28747 18.4275
4.28747 18.4275
4.28747 18.4275
4.28747 18.4275
4.28747 18.4275
4.28747 18.4275
4.28747 18.4275
4.28747 18.4275
4.28747 18.4275
4.28747 18.4275
4.28747 18.4275
4.28747 18.4275
4.28747 18.4275
4.28747 18.4275
4.28747 18.4275
5 18