7 -2
6.77216 -1.8971
6.54431 -1.79421
6.31647 -1.69131
6.08863 -1.58841
5.86079 -1.48552
5.63294 -1.38262
5.4051 -1.27972
5.17726 -1.17683
4.94941 -1.07393
4.72157 -0.971033
4.49373 -0.868136
4.26589 -0.76524
4.03804 -0.662343
3.8102 -0.559446
3.58236 -0.45655
3.35452 -0.353653
3.12667 -0.250756
2.89883 -0.14786
2.67099 -0.0449629
2.44315 0.0579338
2.2153 0.16083
1.98746 0.263727
1.75962 0.366624
1.53177 0.469521
1.30393 0.572417
1.07609 0.675314
0.848247 0.778211
0.620404 0.881107
0.392561 0.984004
0.164719 1.0869
-0.0631238 1.1898
-0.290966 1.29269
-0.518809 1.39559
-0.746652 1.49849
-0.974494 1.60138
-1.20234 1.70428
-1.43018 1.80718
-1.65802 1.91007
-1.88587 2.01297
-2.11371 2.11587
-2.34155 2.21876
-2.56939 2.32166
-2.79724 2.42456
-3.02508 2.52745
-3.25292 2.63035
-3.48076 2.73325
-3.70861 2.83614
-3.93645 2.93904
-4.16429 3.04194
-4.39213 3.14483
-4.61998 3.24773
-4.84782 3.35063
-5.07566 3.45352
-5.3035 3.55642
-5.53135 3.65932
-5.75919 3.76221
-5.98703 3.86511
-6.21488 3.96801
-6.44272 4.0709
-6.67056 4.1738
-6.8984 4.2767
-7.12625 4.37959
-7.35409 4.48249
-7.58193 4.58539
-7.80978 4.68828
-8.03762 4.79118
-8.26546 4.89408
-8.4933 4.99697
-8.72115 5.09987
-8.94899 5.20277
-9.17683 5.30567
-9.40467 5.40856
-9.63251 5.51146
-9.86036 5.61436
-10.0882 5.71725
-10.316 5.82015
-10.5439 5.92305
-10.7717 6.02594
-10.9996 6.12884
-11.2274 6.23174
-11.4553 6.33463
-11.6831 6.43753
-11.9109 6.54043
-12.1388 6.64332
-12.3666 6.74622
-12.5945 6.84912
-12.8223 6.95201
-13.0501 7.05491
-13.278 7.15781
-13.5058 7.2607
-13.7337 7.3636
-13.9615 7.4665
-14.1894 7.56939
-14.4172 7.67229
-14.645 7.77519
-14.8729 7.87808
-15.1007 7.98098
-15.3286 8.08388
-15.5564 8.18677
-15.7843 8.28967
-16.0121 8.39257
-16.2399 8.49546
-16.4678 8.59836
-16.6956 8.70126
-16.9235 8.80415
-17.1513 8.90705
-17.3792 9.00995
-17.607 9.11284
-17.8348 9.21574
-18.0627 9.31864
-18.2905 9.42153
-18.5184 9.52443
-18.7462 9.62733
-18.9741 9.73022
-19.2019 9.83312
-19.4297 9.93602
-19.6576 10.0389
-19.8854 10.1418
-20.1133 10.2447
-20.3411 10.3476
-20.5689 10.4505
-20.7968 10.5534
-21.0246 10.6563
-21.2525 10.7592
-21.4803 10.8621
-21.7082 10.965
-21.936 11.0679
-22.1638 11.1708
-22.3917 11.2737
-22.6195 11.3766
-22.8474 11.4795
-23.0752 11.5824
-23.3031 11.6853
-23.3031 11.6853
-23.3031 11.6853
-23.3031 11.6853
-23.3031 11.6853
-23.3031 11.6853
-23.3031 11.6853
-23.3031 11.6853
-23.3031 11.6853
-23.3031 11.6853
-23.3031 11.6853
-23.3031 11.6853
-23.3031 11.6853
-23.3031 11.6853
-23.3031 11.6853
-23.3031 11.6853
-23.3031 11.6853
-23.3031 11.6853
-23.3031 11.6853
-23.3031 11.6853
-23.3031 11.6853
-23.3031 11.6853
-23.3031 11.6853
-23.3031 11.6853
-23.3031 11.6853
-23.3031 11.6853
-23.3031 11.6853
-23.3031 11.6853
-23.3031 11.6853
-23.3031 11.6853
-23.3031 11.6853
-23.3031 11.6853
-23.3031 11.6853
-23.3031 11.6853
-23.3031 11.6853
-23.3031 11.6853
-23.3031 11.6853
-23.3031 11.6853
-23.3031 11.6853
-23.3031 11.6853
-23.3031 11.6853
-23.3031 11.6853
-23.3031 11.6853
-23.3031 11.6853
-23.3031 11.6853
-23.3031 11.6853
-23.3031 11.6853
-23.3031 11.6853
-23.3031 11.6853
-23.3031 11.6853
-23.3031 11.6853
-23.3031 11.6853
-23.3031 11.6853
-23.3031 11.6853
-23.3031 11.6853
-23.3031 11.6853
-23.3031 11.6853
-23.3031 11.6853
-23.3031 11.6853
-23.3031 11.6853
-23.3031 11.6853
-23.3031 11.6853
-23.3031 11.6853
-23.3031 11.6853
-23.3031 11.6853
-23.3031 11.6853
-23.3031 11.6853
-23.3031 11.6853
-23.3031 11.6853
-23.3031 11.6853
-23.3031 11.6853
-23.3031 11.6853
-23.3031 11.6853
-23.3031 11.6853
-23.3031 11.6853
-23.3031 11.6853
-23.3031 11.6853
-23.3031 11.6853
-23.3031 11.6853
-23.3031 11.6853
-23.3031 11.6853
-23.3031 11.6853
-23.3031 11.6853
-23.3031 11.6853
-23.3031 11.6853
-23.3031 11.6853
-23.3031 11.6853
-24 12