24 -12
23.7687 -11.9051
23.5374 -11.8102
23.3061 -11.7153
23.0748 -11.6204
22.8435 -11.5256
22.6122 -11.4307
22.381 -11.3358
22.1497 -11.2409
21.9184 -11.146
21.6871 -11.0511
21.4558 -10.9562
21.2245 -10.8613
20.9932 -10.7664
20.7619 -10.6716
20.5306 -10.5767
20.2993 -10.4818
20.068 -10.3869
19.8367 -10.292
19.6054 -10.1971
19.3741 -10.1022
19.1429 -10.0073
18.9116 -9.91245
18.6803 -9.81756
18.449 -9.72267
18.2177 -9.62778
17.9864 -9.53289
17.7551 -9.438
17.5238 -9.34311
17.2925 -9.24822
17.0612 -9.15333
16.8299 -9.05844
16.5986 -8.96355
16.3673 -8.86867
16.136 -8.77378
15.9048 -8.67889
15.6735 -8.584
15.4422 -8.48911
15.2109 -8.39422
14.9796 -8.29933
14.7483 -8.20444
14.517 -8.10955
14.2857 -8.01466
14.0544 -7.91977
13.8231 -7.82488
13.5918 -7.73
13.3605 -7.63511
13.1293 -7.54022
12.898 -7.44533
12.6667 -7.35044
12.4354 -7.25555
12.2041 -7.16066
11.9728 -7.06577
11.7415 -6.97088
11.5102 -6.87599
11.2789 -6.7811
11.0476 -6.68621
10.8163 -6.59133
10.585 -6.49644
10.3538 -6.40155
10.1225 -6.30666
9.89117 -6.21177
9.65988 -6.11688
9.42859 -6.02199
9.19729 -5.9271
8.966 -5.83221
8.73471 -5.73732
8.50342 -5.64243
8.27213 -5.54754
8.04084 -5.45266
7.80954 -5.35777
7.57825 -5.26288
7.34696 -5.16799
7.11567 -5.0731
6.88437 -4.97821
6.65308 -4.88332
6.42179 -4.78843
6.1905 -4.69354
5.95921 -4.59865
5.72791 -4.50376
5.49662 -4.40887
5.26533 -4.31399
5.03404 -4.2191
4.80274 -4.12421
4.57145 -4.02932
4.34016 -3.93443
4.10887 -3.83954
3.87757 -3.74465
3.64628 -3.64976
3.41499 -3.55487
3.1837 -3.45998
2.95241 -3.36509
2.72111 -3.2702
2.48982 -3.17532
2.25853 -3.08043
2.02724 -2.98554
1.79594 -2.89065
1.56465 -2.79576
1.33336 -2.70087
1.10207 -2.60598
0.870776 -2.51109
0.639484 -2.4162
0.408192 -2.32131
0.1769 -2.22642
-0.0543922 -2.13153
-0.285684 -2.03665
-0.516976 -1.94176
-0.748269 -1.84687
-0.979561 -1.75198
-1.21085 -1.65709
-1.44214 -1.5622
-1.67344 -1.46731
-1.90473 -1.37242
-2.13602 -1.27753
-2.36731 -1.18264
-2.59861 -1.08775
-2.8299 -0.992865
-3.06119 -0.897976
-3.29248 -0.803086
-3.52377 -0.708197
-3.75507 -0.613308
-3.98636 -0.518419
-4.21765 -0.42353
-4.44894 -0.328641
-4.68024 -0.233752
-4.91153 -0.138862
-5.14282 -0.0439733
-5.37411 0.0509158
-5.6054 0.145805
-5.8367 0.240694
-6.06799 0.335583
-6.29928 0.430472
-6.53057 0.525362
-6.76187 0.620251
-6.99316 0.71514
-7.22445 0.810029
-7.45574 0.904918
-7.68704 0.999807
-7.91833 1.0947
-8.14962 1.18959
-8.38091 1.28447
-8.6122 1.37936
-8.84349 1.47425
-9.07479 1.56914
-9.30608 1.66403
-9.53737 1.75892
-9.76866 1.85381
-9.99995 1.9487
-10.2312 2.04359
-10.4625 2.13848
-10.6938 2.23337
-10.9251 2.32826
-11.1564 2.42314
-11.3877 2.51803
-11.619 2.61292
-11.8503 2.70781
-12.0816 2.8027
-12.3129 2.89759
-12.5442 2.99248
-12.7755 3.08737
-13.0067 3.18226
-13.238 3.27714
-13.4693 3.37203
-13.7006 3.46692
-13.9319 3.56181
-15 4