21 -25
20.7841 -24.874
20.5681 -24.7481
20.3522 -24.6221
20.1362 -24.4961
19.9203 -24.3702
19.7043 -24.2442
19.4884 -24.1182
19.2724 -23.9923
19.0565 -23.8663
18.8406 -23.7403
18.6246 -23.6144
18.4087 -23.4884
18.1927 -23.3624
17.9768 -23.2365
17.7608 -23.1105
17.5449 -22.9845
17.3289 -22.8586
17.113 -22.7326
16.8971 -22.6066
16.6811 -22.4807
16.4652 -22.3547
16.2492 -22.2287
16.0333 -22.1028
15.8173 -21.9768
15.6014 -21.8508
15.3854 -21.7249
15.1695 -21.5989
14.9536 -21.4729
14.7376 -21.347
14.5217 -21.221
14.3057 -21.095
14.0898 -20.9691
13.8738 -20.8431
13.6579 -20.7171
13.4419 -20.5912
13.226 -20.4652
13.0101 -20.3392
12.7941 -20.2133
12.5782 -20.0873
12.3622 -19.9613
12.1463 -19.8354
11.9303 -19.7094
11.7144 -19.5834
11.4899 -19.4624
11.2654 -19.3413
11.0409 -19.2201
10.8163 -19.0989
10.5917 -18.9776
10.3671 -18.8562
10.1424 -18.7348
9.91768 -18.6134
9.69292 -18.4918
9.46813 -18.3702
9.2433 -18.2486
9.01843 -18.1268
8.79351 -18.005
8.56855 -17.8831
8.34355 -17.7611
8.1185 -17.6391
7.89339 -17.5169
7.66824 -17.3947
7.44304 -17.2724
7.21778 -17.1499
6.99246 -17.0274
6.76709 -16.9048
6.54166 -16.7821
6.31616 -16.6593
6.0906 -16.5363
5.86497 -16.4133
5.63927 -16.2901
5.4135 -16.1668
5.18765 -16.0433
4.96172 -15.9197
4.7357 -15.796
4.5096 -15.6721
4.28341 -15.5481
4.05711 -15.4239
3.83072 -15.2995
3.60422 -15.1749
3.3929 -15.0413
3.18158 -14.9077
2.97027 -14.7742
2.75895 -14.6406
2.54763 -14.507
2.33632 -14.3734
2.125 -14.2398
1.91368 -14.1062
1.70237 -13.9726
1.49105 -13.8391
1.27973 -13.7055
1.06841 -13.5719
0.857098 -13.4383
0.645781 -13.3047
0.434464 -13.1711
0.223147 -13.0375
0.0118301 -12.904
-0.199487 -12.7704
-0.410804 -12.6368
-0.622121 -12.5032
-0.833438 -12.3696
-1.04475 -12.236
-1.25607 -12.1024
-1.46739 -11.9689
-1.67871 -11.8353
-1.89002 -11.7017
-2.10134 -11.5681
-2.31266 -11.4345
-2.34643 -11.4133
-2.34643 -11.4133
-2.34643 -11.4133
-2.34643 -11.4133
-2.34643 -11.4133
-2.34643 -11.4133
-2.34643 -11.4133
-2.34643 -11.4133
-2.34643 -11.4133
-2.34643 -11.4133
-2.34643 -11.4133
-2.34643 -11.4133
-2.34643 -11.4133
-2.34643 -11.4133
-2.34643 -11.4133
-2.34643 -11.4133
-2.34643 -11.4133
-2.34643 -11.4133
-2.34643 -11.4133
-2.34643 -11.4133
-2.34643 -11.4133
-2.34643 -11.4133
-2.34643 -11.4133
-2.34643 -11.4133
-2.34643 -11.4133
-2.34643 -11.4133
-2.34643 -11.4133
-2.34643 -11.4133
-2.34643 -11.4133
-2.34643 -11.4133
-2.34643 -11.4133
-2.34643 -11.4133
-2.34643 -11.4133
-2.34643 -11.4133
-2.34643 -11.4133
-2.34643 -11.4133
-2.34643 -11.4133
-2.34643 -11.4133
-2.34643 -11.4133
-2.34643 -11.4133
-2.34643 -11.4133
-2.34643 -11.4133
-2.34643 -11.4133
-2.34643 -11.4133
-2.34643 -11.4133
-2.34643 -11.4133
-2.34643 -11.4133
-2.34643 -11.4133
-2.34643 -11.4133
-2.34643 -11.4133
-2.34643 -11.4133
-2.34643 -11.4133
-2.34643 -11.4133
-2.34643 -11.4133
-2.34643 -11.4133
-2.34643 -11.4133
-2.34643 -11.4133
-3 -11