7 5
6.97737 4.75103
6.95473 4.50205
6.9321 4.25308
6.90946 4.00411
6.88683 3.75513
6.8642 3.50616
6.84156 3.25719
6.81893 3.00821
6.79629 2.75924
6.77366 2.51027
6.75103 2.26129
6.72839 2.01232
6.70576 1.76335
6.68312 1.51437
6.66049 1.2654
6.63786 1.01643
6.61522 0.767453
6.59259 0.51848
6.56995 0.269507
6.54732 0.0205333
6.52469 -0.22844
6.50205 -0.477413
6.47942 -0.726387
6.45678 -0.97536
6.43415 -1.22433
6.41152 -1.47331
6.38888 -1.72228
6.36625 -1.97125
6.34361 -2.22023
6.32098 -2.4692
6.29835 -2.71817
6.27571 -2.96715
6.25308 -3.21612
6.23044 -3.46509
6.20781 -3.71407
6.18517 -3.96304
6.16254 -4.21201
6.13991 -4.46099
6.11727 -4.70996
6.09464 -4.95893
6.072 -5.20791
6.04937 -5.45688
6.02674 -5.70585
6.01263 -5.94991
5.99847 -6.19388
5.98426 -6.43776
5.97 -6.68153
5.95567 -6.92521
5.94128 -7.16878
5.92683 -7.41224
5.91232 -7.65558
5.89773 -7.89881
5.88307 -8.1419
5.86834 -8.38487
5.85352 -8.6277
5.83863 -8.87039
5.82364 -9.11292
5.80857 -9.35529
5.79339 -9.5975
5.77812 -9.83953
5.76273 -10.0814
5.74723 -10.323
5.73161 -10.5644
5.71586 -10.8056
5.69998 -11.0466
5.68394 -11.2873
5.66775 -11.5277
5.65138 -11.7679
5.63484 -12.0077
5.61809 -12.2472
5.60114 -12.4863
5.58394 -12.725
5.5665 -12.9633
5.54877 -13.201
5.53073 -13.4383
5.51235 -13.6749
5.49358 -13.9109
5.47437 -14.1461
5.45467 -14.3804
5.41192 -14.6267
5.36917 -14.873
5.32641 -15.1194
5.28366 -15.3657
5.24091 -15.612
5.19816 -15.8583
5.15541 -16.1046
5.15541 -16.1046
5.15541 -16.1046
5.15541 -16.1046
5.15541 -16.1046
5.15541 -16.1046
5.15541 -16.1046
5.15541 -16.1046
5.15541 -16.1046
5.15541 -16.1046
5.15541 -16.1046
5.15541 -16.1046
5.15541 -16.1046
5.15541 -16.1046
5.15541 -16.1046
5.15541 -16.1046
5.15541 -16.1046
5.15541 -16.1046
5.15541 -16.1046
5.15541 -16.1046
5.15541 -16.1046
5.15541 -16.1046
5.15541 -16.1046
5.15541 -16.1046
5.15541 -16.1046
5.15541 -16.1046
5.15541 -16.1046
5.15541 -16.1046
5.15541 -16.1046
5.15541 -16.1046
5.15541 -16.1046
5.15541 -16.1046
5.15541 -16.1046
5.15541 -16.1046
5.15541 -16.1046
5.15541 -16.1046
5.15541 -16.1046
5.15541 -16.1046
5.15541 -16.1046
5.15541 -16.1046
5.15541 -16.1046
5.15541 -16.1046
5.15541 -16.1046
5.15541 -16.1046
5.15541 -16.1046
5.15541 -16.1046
5.15541 -16.1046
5.15541 -16.1046
5.15541 -16.1046
5.15541 -16.1046
5.15541 -16.1046
5.15541 -16.1046
5.15541 -16.1046
5.15541 -16.1046
5.15541 -16.1046
5.15541 -16.1046
5.15541 -16.1046
5.15541 -16.1046
5.15541 -16.1046
5.15541 -16.1046
5.15541 -16.1046
5.15541 -16.1046
5.15541 -16.1046
5.15541 -16.1046
5.15541 -16.1046
5.15541 -16.1046
5.15541 -16.1046
5.15541 -16.1046
5.15541 -16.1046
5.15541 -16.1046
5.15541 -16.1046
5.15541 -16.1046
5.15541 -16.1046
5.15541 -16.1046
5.15541 -16.1046
5.15541 -16.1046
5.15541 -16.1046
5.15541 -16.1046
5.15541 -16.1046
5 -17