3 21
3.1118 20.7764
3.22361 20.5528
3.33541 20.3292
3.44721 20.1056
3.55902 19.882
3.67082 19.6584
3.78262 19.4348
3.89443 19.2112
4.00623 18.9875
4.11803 18.7639
4.22984 18.5403
4.34164 18.3167
4.45344 18.0931
4.56525 17.8695
4.67705 17.6459
4.78885 17.4223
4.90066 17.1987
5.01246 16.9751
5.12427 16.7515
5.23607 16.5279
5.34787 16.3043
5.45968 16.0807
5.57148 15.8571
5.68328 15.6335
5.79509 15.4098
5.90689 15.1862
6.01869 14.9626
6.1305 14.739
6.2423 14.5154
6.3541 14.2918
6.46591 14.0682
6.57771 13.8446
6.68951 13.621
6.80132 13.3974
6.91312 13.1738
7.02493 12.9502
7.13673 12.7266
7.24853 12.503
7.36034 12.2793
7.47214 12.0557
7.58394 11.8321
7.69575 11.6085
7.80755 11.3849
7.91935 11.1613
8.03116 10.9377
8.14296 10.7141
8.25476 10.4905
8.36657 10.2669
8.47837 10.0433
8.59017 9.81967
8.70197 9.59606
8.81378 9.37245
8.92558 9.14885
9.03738 8.92524
9.14919 8.70163
9.26099 8.47803
9.37279 8.25442
9.4846 8.03081
9.5964 7.8072
9.7082 7.5836
9.82001 7.35999
9.93181 7.13638
10.0436 6.91278
10.1554 6.68917
10.2672 6.46556
10.379 6.24196
10.4908 6.01835
10.6026 5.79474
10.7144 5.57114
10.8262 5.34753
10.938 5.12393
11.0498 4.90032
11.1616 4.67671
11.2734 4.45311
11.3852 4.2295
11.4971 4.00589
11.6089 3.78229
11.7207 3.55868
11.8325 3.33507
11.9443 3.11146
12.0561 2.88786
12.1679 2.66425
12.2797 2.44064
12.3915 2.21704
12.5033 1.99343
12.6151 1.76982
12.7269 1.54622
12.8387 1.32261
12.9505 1.099
13.0623 0.875397
13.1741 0.65179
13.2859 0.428184
13.3977 0.204577
13.5095 -0.0190297
13.6213 -0.242636
13.7331 -0.466243
13.8449 -0.68985
13.9567 -0.913457
14.0685 -1.13706
14.1803 -1.36067
14.2921 -1.58428
14.4039 -1.80788
14.5157 -2.03149
14.6275 -2.2551
14.7393 -2.4787
14.8511 -2.70231
14.963 -2.92592
15.0748 -3.14952
15.1866 -3.37313
15.2984 -3.59674
15.4102 -3.82034
15.522 -4.04395
15.6338 -4.26756
15.7456 -4.49116
15.8574 -4.71477
15.9692 -4.93838
16.081 -5.16198
16.1928 -5.38559
16.3046 -5.6092
16.4164 -5.8328
16.5282 -6.05641
16.64 -6.28002
16.7518 -6.50362
16.8636 -6.72723
16.9754 -6.95084
17.0872 -7.17444
17.199 -7.39805
17.3108 -7.62166
17.4226 -7.84526
17.5344 -8.06887
17.6462 -8.29248
17.758 -8.51608
17.8698 -8.73969
17.9816 -8.96329
18.0934 -9.1869
18.2052 -9.41051
18.3171 -9.63411
18.4289 -9.85772
18.5407 -10.0813
18.6525 -10.3049
18.6525 -10.3049
18.6525 -10.3049
18.6525 -10.3049
18.6525 -10.3049
18.6525 -10.3049
18.6525 -10.3049
18.6525 -10.3049
18.6525 -10.3049
18.6525 -10.3049
18.6525 -10.3049
18.6525 -10.3049
18.6525 -10.3049
18.6525 -10.3049
18.6525 -10.3049
18.6525 -10.3049
18.6525 -10.3049
18.6525 -10.3049
18.6525 -10.3049
18.6525 -10.3049
18.6525 -10.3049
18.6525 -10.3049
18.6525 -10.3049
18.6525 -10.3049
18.6525 -10.3049
19 -11