-25 6
-24.7554 6.0515
-24.5107 6.10301
-24.2661 6.15451
-24.0215 6.20601
-23.7768 6.25751
-23.5322 6.30902
-23.2875 6.36052
-23.0429 6.41202
-22.7983 6.46352
-22.5536 6.51503
-22.309 6.56653
-22.0644 6.61803
-21.8197 6.66954
-21.5751 6.72104
-21.3305 6.77254
-21.0858 6.82404
-20.8412 6.87555
-20.5965 6.92705
-20.3519 6.97855
-20.1073 7.03005
-19.8626 7.08156
-19.618 7.13306
-19.3734 7.18456
-19.1287 7.23606
-18.8841 7.28757
-18.6395 7.33907
-18.3948 7.39057
-18.1502 7.44208
-17.9055 7.49358
-17.6609 7.54508
-17.4163 7.59658
-17.1716 7.64809
-16.927 7.69959
-16.6824 7.75109
-16.4377 7.80259
-16.1931 7.85409
-15.9484 7.9056
-15.7038 7.9571
-15.4592 8.0086
-15.2145 8.0601
-14.9699 8.11161
-14.7253 8.16311
-14.4806 8.21461
-14.236 8.26611
-13.9913 8.31762
-13.7467 8.36912
-13.5021 8.42062
-13.2574 8.47212
-13.0128 8.52362
-12.7682 8.57513
-12.5235 8.62663
-12.2789 8.67813
-12.0342 8.72963
-11.7896 8.78114
-11.545 8.83264
-11.3003 8.88414
-11.0557 8.93564
-10.8111 8.98714
-10.5664 9.03865
-10.3218 9.09015
-10.0771 9.14165
-9.83251 9.19315
-9.58787 9.24466
-9.34323 9.29616
-9.0986 9.34766
-8.85396 9.39917
-8.60932 9.45067
-8.36468 9.50217
-8.12005 9.55367
-7.87541 9.60518
-7.63077 9.65668
-7.38613 9.70818
-7.1415 9.75968
-6.89686 9.81119
-6.89686 9.81119
-6.89686 9.81119
-6.89686 9.81119
-6.89686 9.81119
-6.89686 9.81119
-6.89686 9.81119
-6.89686 9.81119
-6.89686 9.81119
-6.89686 9.81119
-6.89686 9.81119
-6.89686 9.81119
-6.89686 9.81119
-6.89686 9.81119
-6.89686 9.81119
-6.89686 9.81119
-6.89686 9.81119
-6.89686 9.81119
-6.89686 9.81119
-6.89686 9.81119
-6.89686 9.81119
-6.89686 9.81119
-6.89686 9.81119
-6.89686 9.81119
-6.89686 9.81119
-6.89686 9.81119
-6.89686 9.81119
-6.89686 9.81119
-6.89686 9.81119
-6.89686 9.81119
-6.89686 9.81119
-6.89686 9.81119
-6.89686 9.81119
-6.89686 9.81119
-6.89686 9.81119
-6.89686 9.81119
-6.89686 9.81119
-6.89686 9.81119
-6.89686 9.81119
-6.89686 9.81119
-6.89686 9.81119
-6.89686 9.81119
-6.89686 9.81119
-6.89686 9.81119
-6.89686 9.81119
-6.89686 9.81119
-6.89686 9.81119
-6.89686 9.81119
-6.89686 9.81119
-6.89686 9.81119
-6.89686 9.81119
-6.89686 9.81119
-6.89686 9.81119
-6.89686 9.81119
-6.89686 9.81119
-6.89686 9.81119
-6.89686 9.81119
-6.89686 9.81119
-6.89686 9.81119
-6.89686 9.81119
-6.89686 9.81119
-6.89686 9.81119
-6.89686 9.81119
-6.89686 9.81119
-6.89686 9.81119
-6.89686 9.81119
-6.89686 9.81119
-6.89686 9.81119
-6.89686 9.81119
-6.89686 9.81119
-6.89686 9.81119
-6.89686 9.81119
-6.89686 9.81119
-6.89686 9.81119
-6.89686 9.81119
-6.89686 9.81119
-6.89686 9.81119
-6.89686 9.81119
-6.89686 9.81119
-6.89686 9.81119
-6.89686 9.81119
-6.89686 9.81119
-6.89686 9.81119
-6.89686 9.81119
-6.89686 9.81119
-6.89686 9.81119
-6.89686 9.81119
-6.89686 9.81119
-6.89686 9.81119
-6.89686 9.81119
-6.89686 9.81119
-6 10