11 -3
10.9589 -2.7534
10.9178 -2.5068
10.8767 -2.2602
10.8356 -2.01361
10.7945 -1.76701
10.7534 -1.52041
10.7123 -1.27381
10.6712 -1.02721
10.6301 -0.780614
10.589 -0.534015
10.5479 -0.287417
10.5068 -0.0408182
10.4657 0.20578
10.4246 0.452379
10.3835 0.698977
10.3424 0.945576
10.3013 1.19217
10.2602 1.43877
10.2191 1.68537
10.178 1.93197
10.1369 2.17857
10.0958 2.42517
10.0547 2.67177
10.0136 2.91836
9.97251 3.16496
9.93141 3.41156
9.89031 3.65816
9.84921 3.90476
9.80811 4.15136
9.76701 4.39795
9.72591 4.64455
9.68481 4.89115
9.64371 5.13775
9.60262 5.38435
9.56152 5.63095
9.52042 5.87754
9.47932 6.12414
9.43822 6.37074
9.39712 6.61734
9.35602 6.86394
9.31492 7.11053
9.27382 7.35713
9.23272 7.60373
9.19162 7.85033
9.15052 8.09693
9.10942 8.34353
9.06832 8.59012
9.02722 8.83672
8.98612 9.08332
8.94502 9.32992
8.90392 9.57652
8.86282 9.82312
8.82172 10.0697
8.78062 10.3163
8.73952 10.5629
8.69843 10.8095
8.65733 11.0561
8.61623 11.3027
8.57513 11.5493
8.53403 11.7959
8.49293 12.0425
8.45183 12.2891
8.41073 12.5357
8.36963 12.7823
8.32853 13.0289
8.28743 13.2755
8.24633 13.5221
8.20523 13.7687
8.16413 14.0153
8.12303 14.2619
8.08193 14.5085
8.04083 14.7551
7.99973 15.0017
7.95863 15.2483
7.91753 15.4949
7.87643 15.7415
7.83533 15.9881
7.79423 16.2347
7.75313 16.4813
7.71203 16.7279
7.67093 16.9745
7.62983 17.2211
7.58873 17.4677
7.54763 17.7143
7.50653 17.9609
7.46543 18.2075
7.42433 18.4541
7.38323 18.7007
7.34213 18.9473
7.30103 19.1939
7.25993 19.4405
7.21883 19.6871
7.17773 19.9337
7.13663 20.1803
7.13663 20.1803
7.13663 20.1803
7.13663 20.1803
7.13663 20.1803
7.13663 20.1803
7.13663 20.1803
7.13663 20.1803
7.13663 20.1803
7.13663 20.1803
7.13663 20.1803
7.13663 20.1803
7.13663 20.1803
7.13663 20.1803
7.13663 20.1803
7.13663 20.1803
7.13663 20.1803
7.13663 20.1803
7.13663 20.1803
7.13663 20.1803
7.13663 20.1803
7.13663 20.1803
7.13663 20.1803
7.13663 20.1803
7.13663 20.1803
7.13663 20.1803
7.13663 20.1803
7.13663 20.1803
7.13663 20.1803
7.13663 20.1803
7.13663 20.1803
7.13663 20.1803
7.13663 20.1803
7.13663 20.1803
7.13663 20.1803
7.13663 20.1803
7.13663 20.1803
7.13663 20.1803
7.13663 20.1803
7 21