23 14
22.8092 13.8385
22.6183 13.677
22.4275 13.5155
22.2366 13.3541
22.0458 13.1926
21.8549 13.0311
21.6641 12.8696
21.4732 12.7081
21.2824 12.5466
21.0915 12.3851
20.9007 12.2237
20.7098 12.0622
20.519 11.9007
20.3281 11.7392
20.1373 11.5777
19.9464 11.4162
19.7556 11.2547
19.5647 11.0933
19.3739 10.9318
19.1831 10.7703
18.9922 10.6088
18.8014 10.4473
18.6105 10.2858
18.4197 10.1243
18.2288 9.96286
18.038 9.80137
17.8471 9.63989
17.6563 9.4784
17.4654 9.31692
17.2746 9.15543
17.0837 8.99394
16.8929 8.83246
16.702 8.67097
16.5112 8.50949
16.3203 8.348
16.1295 8.18652
15.9386 8.02503
15.7478 7.86354
15.557 7.70206
15.3661 7.54057
15.1753 7.37909
14.9844 7.2176
14.7936 7.05612
14.6027 6.89463
14.4119 6.73314
14.221 6.57166
14.0302 6.41017
13.8393 6.24869
13.6485 6.0872
13.4576 5.92572
13.2668 5.76423
13.076 5.60275
12.8851 5.44126
12.6943 5.27977
12.5034 5.11829
12.3126 4.9568
12.1217 4.79532
11.9309 4.63383
11.74 4.47235
11.5492 4.31086
11.3583 4.14937
11.1675 3.98789
10.9766 3.8264
10.7858 3.66492
10.5949 3.50343
10.4041 3.34195
10.2133 3.18046
10.0224 3.01897
9.83156 2.85749
9.64071 2.696
9.44987 2.53452
9.25902 2.37303
9.06818 2.21155
8.87733 2.05006
8.68648 1.88857
8.49564 1.72709
8.30479 1.5656
8.11394 1.40412
7.9231 1.24263
7.73225 1.08115
7.5414 0.919661
7.35056 0.758175
7.15971 0.596689
6.96886 0.435204
6.77802 0.273718
6.58717 0.112232
6.39633 -0.0492535
6.20548 -0.210739
6.01463 -0.372225
5.82379 -0.53371
5.63294 -0.695196
5.44209 -0.856682
5.25125 -1.01817
5.0604 -1.17965
4.86955 -1.34114
4.67871 -1.50262
4.48786 -1.66411
4.29701 -1.8256
4.10617 -1.98708
3.91532 -2.14857
3.72447 -2.31005
3.53363 -2.47154
3.34278 -2.63302
3.15194 -2.79451
2.96109 -2.956
2.77024 -3.11748
2.5794 -3.27897
2.38855 -3.44045
2.1977 -3.60194
2.00686 -3.76342
1.81601 -3.92491
1.62516 -4.0864
1.43432 -4.24788
1.24347 -4.40937
1.05262 -4.57085
0.861778 -4.73234
0.670932 -4.89382
0.480085 -5.05531
0.289239 -5.21679
0.0983923 -5.37828
-0.0924542 -5.53977
-0.283301 -5.70125
-0.474147 -5.86274
-0.664994 -6.02422
-0.85584 -6.18571
-1.04669 -6.34719
-1.23753 -6.50868
-1.42838 -6.67017
-1.61923 -6.83165
-1.81007 -6.99314
-2.00092 -7.15462
-2.19177 -7.31611
-3 -8