-20 21
-19.801 20.8487
-19.6019 20.6975
-19.4029 20.5462
-19.2038 20.3949
-19.0048 20.2437
-18.8058 20.0924
-18.6067 19.9411
-18.4077 19.7898
-18.2086 19.6386
-18.0096 19.4873
-17.8105 19.336
-17.6115 19.1848
-17.4125 19.0335
-17.2134 18.8822
-17.0144 18.7309
-16.8153 18.5797
-16.6163 18.4284
-16.4173 18.2771
-16.2182 18.1259
-16.0192 17.9746
-15.8201 17.8233
-15.6211 17.672
-15.4221 17.5208
-15.223 17.3695
-15.024 17.2182
-14.8249 17.067
-14.6259 16.9157
-14.4268 16.7644
-14.2278 16.6131
-14.0288 16.4619
-13.8297 16.3106
-13.6307 16.1593
-13.4316 16.0081
-13.2326 15.8568
-13.0336 15.7055
-12.8345 15.5542
-12.6355 15.403
-12.4364 15.2517
-12.2374 15.1004
-12.0384 14.9492
-11.8393 14.7979
-11.6403 14.6466
-11.4412 14.4953
-11.2422 14.3441
-11.0432 14.1928
-10.8441 14.0415
-10.6451 13.8903
-10.446 13.739
-10.247 13.5877
-10.048 13.4365
-9.84892 13.2852
-9.64988 13.1339
-9.45084 12.9826
-9.2518 12.8314
-9.05276 12.6801
-8.85372 12.5288
-8.65468 12.3776
-8.45564 12.2263
-8.2566 12.075
-8.05756 11.9237
-7.85852 11.7725
-7.65948 11.6212
-7.46043 11.4699
-7.26139 11.3187
-7.06235 11.1674
-6.86331 11.0161
-6.66427 10.8648
-6.46523 10.7136
-6.26619 10.5623
-6.06715 10.411
-5.86811 10.2598
-5.66907 10.1085
-5.47003 9.95722
-5.27099 9.80595
-5.07195 9.65468
-4.87291 9.50341
-4.67387 9.35214
-4.47483 9.20087
-4.27579 9.0496
-4.07675 8.89833
-3.87771 8.74706
-3.67867 8.59579
-3.47963 8.44452
-3.28059 8.29324
-3.08154 8.14197
-2.8825 7.9907
-2.68346 7.83943
-2.48442 7.68816
-2.28538 7.53689
-2.08634 7.38562
-1.8873 7.23435
-1.68826 7.08308
-1.48922 6.93181
-1.29018 6.78054
-1.09114 6.62926
-0.892098 6.47799
-0.693058 6.32672
-0.494017 6.17545
-0.294977 6.02418
-0.095936 5.87291
0.103105 5.72164
0.302145 5.57037
0.501186 5.4191
0.700226 5.26783
0.899267 5.11656
1.09831 4.96529
1.29735 4.81401
1.49639 4.66274
1.69543 4.51147
1.89447 4.3602
2.09351 4.20893
2.29255 4.05766
2.49159 3.90639
2.69063 3.75512
2.88967 3.60385
3.08871 3.45258
3.28775 3.30131
3.48679 3.15004
3.68584 2.99876
3.88488 2.84749
4.08392 2.69622
4.28296 2.54495
4.28296 2.54495
4.28296 2.54495
4.28296 2.54495
4.28296 2.54495
4.28296 2.54495
4.28296 2.54495
4.28296 2.54495
4.28296 2.54495
4.28296 2.54495
4.28296 2.54495
5 2