-5 -2
-5.14885 -1.81291
-5.29805 -1.6389
-5.44811 -1.47808
-5.60164 -1.33087
-5.76241 -1.19594
-5.92433 -1.06109
-6.08692 -0.926493
-6.24996 -0.79226
-6.41332 -0.658448
-6.57696 -0.5251
-6.74085 -0.392248
-6.90497 -0.259923
-7.06934 -0.128154
-7.23397 0.00302881
-7.39885 0.133593
-7.56401 0.263501
-7.72945 0.392714
-7.89521 0.521184
-8.0613 0.648858
-8.22775 0.775676
-8.39459 0.901565
-8.56185 1.02644
-8.72957 1.15019
-8.89782 1.27269
-9.06666 1.39377
-9.23619 1.51321
-9.23619 1.51321
-9.23619 1.51321
-9.23619 1.51321
-9.23619 1.51321
-9.23619 1.51321
-9.23619 1.51321
-9.23619 1.51321
-9.23619 1.51321
-9.23619 1.51321
-9.23619 1.51321
-9.23619 1.51321
-9.23619 1.51321
-9.23619 1.51321
-9.23619 1.51321
-9.23619 1.51321
-9.23619 1.51321
-9.23619 1.51321
-9.23619 1.51321
-9.23619 1.51321
-9.23619 1.51321
-9.23619 1.51321
-9.23619 1.51321
-9.23619 1.51321
-9.23619 1.51321
-9.23619 1.51321
-9.23619 1.51321
-9.23619 1.51321
-9.23619 1.51321
-9.23619 1.51321
-9.23619 1.51321
-9.23619 1.51321
-9.23619 1.51321
-9.23619 1.51321
-9.23619 1.51321
-9.23619 1.51321
-9.23619 1.51321
-9.23619 1.51321
-9.23619 1.51321
-9.23619 1.51321
-9.23619 1.51321
-9.23619 1.51321
-9.23619 1.51321
-9.23619 1.51321
-9.23619 1.51321
-9.23619 1.51321
-9.23619 1.51321
-9.23619 1.51321
-9.23619 1.51321
-9.23619 1.51321
-9.23619 1.51321
-9.23619 1.51321
-9.23619 1.51321
-9.23619 1.51321
-9.23619 1.51321
-9.23619 1.51321
-9.23619 1.51321
-9.23619 1.51321
-9.23619 1.51321
-9.23619 1.51321
-9.23619 1.51321
-9.23619 1.51321
-9.23619 1.51321
-9.23619 1.51321
-9.23619 1.51321
-9.23619 1.51321
-9.23619 1.51321
-9.23619 1.51321
-9.23619 1.51321
-9.23619 1.51321
-9.23619 1.51321
-9.23619 1.51321
-9.23619 1.51321
-9.23619 1.51321
-9.23619 1.51321
-9.23619 1.51321
-9.23619 1.51321
-9.23619 1.51321
-9.23619 1.51321
-9.23619 1.51321
-9.23619 1.51321
-9.23619 1.51321
-9.23619 1.51321
-9.23619 1.51321
-9.23619 1.51321
-9.23619 1.51321
-9.23619 1.51321
-9.23619 1.51321
-9.23619 1.51321
-9.23619 1.51321
-9.23619 1.51321
-9.23619 1.51321
-9.23619 1.51321
-9.23619 1.51321
-9.23619 1.51321
-9.23619 1.51321
-9.23619 1.51321
-9.23619 1.51321
-9.23619 1.51321
-9.23619 1.51321
-9.23619 1.51321
-9.23619 1.51321
-9.23619 1.51321
-9.23619 1.51321
-9.23619 1.51321
-9.23619 1.51321
-9.23619 1.51321
-10 2