-8 -4
-8.13036 -3.78668
-8.26073 -3.57336
-8.39109 -3.36004
-8.52145 -3.14672
-8.65181 -2.9334
-8.78218 -2.72008
-8.91254 -2.50676
-9.0429 -2.29344
-9.17326 -2.08012
-9.30363 -1.8668
-9.43399 -1.65347
-9.56435 -1.44015
-9.69471 -1.22683
-9.82508 -1.01351
-9.95544 -0.800193
-10.0858 -0.586872
-10.2162 -0.373552
-10.3465 -0.160231
-10.4769 0.0530893
-10.6073 0.26641
-10.7376 0.47973
-10.868 0.693051
-10.9983 0.906371
-11.1287 1.11969
-11.2591 1.33301
-11.3894 1.54633
-11.5198 1.75965
-11.6502 1.97297
-11.7805 2.18629
-11.9109 2.39961
-12.0412 2.61293
-12.1716 2.82626
-12.302 3.03958
-12.4323 3.2529
-12.5627 3.46622
-12.6931 3.67954
-12.8234 3.89286
-12.9538 4.10618
-13.0841 4.3195
-13.2145 4.53282
-13.3449 4.74614
-13.4752 4.95946
-13.6056 5.17278
-13.736 5.3861
-13.8663 5.59942
-13.9967 5.81274
-14.127 6.02606
-14.2574 6.23938
-14.3878 6.4527
-14.5181 6.66602
-14.6485 6.87934
-14.7789 7.09266
-14.9092 7.30598
-15.0396 7.5193
-15.1699 7.73262
-15.3003 7.94594
-15.4307 8.15926
-15.561 8.37259
-15.6914 8.58591
-15.8218 8.79923
-15.9521 9.01255
-16.0825 9.22587
-16.2128 9.43919
-16.3432 9.65251
-16.4736 9.86583
-16.6039 10.0792
-16.7343 10.2925
-16.8647 10.5058
-16.995 10.7191
-17.1254 10.9324
-17.2557 11.1458
-17.3861 11.3591
-17.5165 11.5724
-17.6468 11.7857
-17.7772 11.999
-17.9076 12.2124
-18.0379 12.4257
-18.1683 12.639
-18.2986 12.8523
-18.429 13.0656
-18.5594 13.279
-18.5594 13.279
-18.5594 13.279
-18.5594 13.279
-18.5594 13.279
-18.5594 13.279
-18.5594 13.279
-18.5594 13.279
-18.5594 13.279
-18.5594 13.279
-18.5594 13.279
-18.5594 13.279
-18.5594 13.279
-18.5594 13.279
-18.5594 13.279
-18.5594 13.279
-18.5594 13.279
-18.5594 13.279
-18.5594 13.279
-18.5594 13.279
-18.5594 13.279
-18.5594 13.279
-18.5594 13.279
-18.5594 13.279
-18.5594 13.279
-18.5594 13.279
-18.5594 13.279
-18.5594 13.279
-18.5594 13.279
-18.5594 13.279
-18.5594 13.279
-18.5594 13.279
-18.5594 13.279
-18.5594 13.279
-18.5594 13.279
-18.5594 13.279
-18.5594 13.279
-18.5594 13.279
-18.5594 13.279
-18.5594 13.279
-18.5594 13.279
-18.5594 13.279
-18.5594 13.279
-18.5594 13.279
-18.5594 13.279
-18.5594 13.279
-18.5594 13.279
-18.5594 13.279
-18.5594 13.279
-18.5594 13.279
-18.5594 13.279
-18.5594 13.279
-19 14