21 -8
20.8783 -7.85225
20.7251 -7.67898
20.5905 -7.45852
20.456 -7.23798
20.3214 -7.01736
20.1868 -6.79666
20.0522 -6.57588
19.9176 -6.35502
19.783 -6.13407
19.6483 -5.91304
19.5137 -5.69192
19.3791 -5.47072
19.2444 -5.24942
19.1098 -5.02803
18.9751 -4.80654
18.8405 -4.58496
18.7058 -4.36327
18.5711 -4.14149
18.4364 -3.9196
18.3017 -3.69761
18.167 -3.4755
18.0323 -3.25329
17.8976 -3.03096
17.7629 -2.80852
17.6282 -2.58596
17.4934 -2.36327
17.3587 -2.14047
17.2239 -1.91753
17.0891 -1.69446
16.9543 -1.47126
16.8195 -1.24791
16.7116 -1.02241
16.6037 -0.796912
16.4957 -0.571411
16.3878 -0.34591
16.2799 -0.120409
16.1719 0.105091
16.064 0.330592
15.9561 0.556093
15.8481 0.781594
15.7402 1.00709
15.6323 1.2326
15.5243 1.4581
15.4164 1.6836
15.3085 1.9091
15.2006 2.1346
15.0926 2.3601
14.9847 2.5856
14.8768 2.8111
14.7688 3.0366
14.6609 3.2621
14.553 3.4876
14.445 3.7131
14.3371 3.93861
14.2292 4.16411
14.1212 4.38961
14.0133 4.61511
13.9054 4.84061
13.7974 5.06611
13.6895 5.29161
13.5816 5.51711
13.4736 5.74261
13.3657 5.96811
13.2578 6.19361
13.1498 6.41911
13.0419 6.64461
12.934 6.87011
12.826 7.09561
12.7181 7.32111
12.6102 7.54661
12.5022 7.77212
12.3943 7.99762
12.2864 8.22312
12.1785 8.44862
12.0705 8.67412
11.9626 8.89962
11.8547 9.12512
11.7467 9.35062
11.6388 9.57612
11.5309 9.80162
11.4229 10.0271
11.315 10.2526
11.2071 10.4781
11.0991 10.7036
10.9912 10.9291
10.8833 11.1546
10.7753 11.3801
10.6674 11.6056
10.5595 11.8311
10.4515 12.0566
10.3436 12.2821
10.3568 12.2998
10.3568 12.2998
10.3568 12.2998
10.3568 12.2998
10.3568 12.2998
10.3568 12.2998
10.3568 12.2998
10.3568 12.2998
10.3568 12.2998
10.3568 12.2998
10.3568 12.2998
10.3568 12.2998
10 13