-14 3
-13.7984 3.14784
-13.5968 3.29568
-13.3952 3.44352
-13.1936 3.59136
-12.992 3.7392
-12.7904 3.88705
-12.5888 4.03489
-12.3872 4.18273
-12.1856 4.33057
-11.984 4.47841
-11.7824 4.62625
-11.5808 4.77409
-11.3792 4.92193
-11.1776 5.06977
-10.976 5.21761
-10.7744 5.36546
-10.5728 5.5133
-10.3712 5.66114
-10.1696 5.80898
-9.96798 5.95682
-9.76638 6.10466
-9.56478 6.2525
-9.36318 6.40034
-9.16158 6.54818
-8.95997 6.69602
-8.75837 6.84387
-8.55677 6.99171
-8.35517 7.13955
-8.15357 7.28739
-7.95197 7.43523
-7.75037 7.58307
-7.54877 7.73091
-7.34716 7.87875
-7.14556 8.02659
-6.94396 8.17443
-6.74236 8.32227
-6.54076 8.47011
-6.33916 8.61796
-6.13756 8.7658
-5.93595 8.91364
-5.73435 9.06148
-5.53275 9.20932
-5.33115 9.35716
-5.12955 9.505
-4.92795 9.65284
-4.72635 9.80068
-4.52475 9.94852
-4.32314 10.0964
-4.12154 10.2442
-3.91994 10.392
-3.71834 10.5399
-3.51674 10.6877
-3.31514 10.8356
-3.11354 10.9834
-2.91194 11.1312
-2.71034 11.2791
-2.50873 11.4269
-2.30713 11.5748
-2.10553 11.7226
-1.90393 11.8705
-1.70233 12.0183
-1.50073 12.1661
-1.29913 12.314
-1.09753 12.4618
-0.895924 12.6097
-0.694323 12.7575
-0.492722 12.9053
-0.291121 13.0532
-0.0895194 13.201
0.112082 13.3489
0.313683 13.4967
0.325023 13.6507
0.325023 13.6507
0.325023 13.6507
0.325023 13.6507
0.325023 13.6507
0.325023 13.6507
0.325023 13.6507
0.325023 13.6507
0.325023 13.6507
0.325023 13.6507
0.325023 13.6507
0.325023 13.6507
0.325023 13.6507
0.325023 13.6507
0.325023 13.6507
0.325023 13.6507
0.325023 13.6507
0.325023 13.6507
0.325023 13.6507
0.325023 13.6507
0.325023 13.6507
0.325023 13.6507
0.325023 13.6507
0.325023 13.6507
0.325023 13.6507
0.325023 13.6507
0.325023 13.6507
0.325023 13.6507
0.325023 13.6507
0.325023 13.6507
0.325023 13.6507
0.325023 13.6507
1 14