-13 0
-13.0461 -0.245718
-13.0921 -0.491436
-13.1382 -0.737154
-13.1843 -0.982872
-13.2304 -1.22859
-13.2764 -1.47431
-13.3225 -1.72003
-13.3686 -1.96574
-13.4146 -2.21146
-13.4607 -2.45718
-13.5068 -2.7029
-13.5529 -2.94862
-13.5989 -3.19433
-13.645 -3.44005
-13.6911 -3.68577
-13.7372 -3.93149
-13.7832 -4.17721
-13.8293 -4.42292
-13.8754 -4.66864
-13.9214 -4.91436
-13.9675 -5.16008
-14.0136 -5.4058
-14.0597 -5.65151
-14.1057 -5.89723
-14.1518 -6.14295
-14.1979 -6.38867
-14.2439 -6.63439
-14.29 -6.8801
-14.3361 -7.12582
-14.3822 -7.37154
-14.4282 -7.61726
-14.4743 -7.86298
-14.5204 -8.1087
-14.5664 -8.35441
-14.6125 -8.60013
-14.6586 -8.84585
-14.7047 -9.09157
-14.7507 -9.33729
-14.7968 -9.583
-14.8429 -9.82872
-14.889 -10.0744
-14.935 -10.3202
-14.9811 -10.5659
-15.0272 -10.8116
-15.0732 -11.0573
-15.1193 -11.303
-15.1654 -11.5487
-15.2115 -11.7945
-15.2575 -12.0402
-15.3036 -12.2859
-15.3497 -12.5316
-15.3957 -12.7773
-15.4418 -13.0231
-15.4879 -13.2688
-15.534 -13.5145
-15.58 -13.7602
-15.6261 -14.0059
-15.6722 -14.2516
-15.7183 -14.4974
-15.7643 -14.7431
-15.8104 -14.9888
-15.8565 -15.2345
-15.8565 -15.2345
-15.8565 -15.2345
-15.8565 -15.2345
-15.8565 -15.2345
-15.8565 -15.2345
-15.8565 -15.2345
-15.8565 -15.2345
-15.8565 -15.2345
-15.8565 -15.2345
-15.8565 -15.2345
-15.8565 -15.2345
-15.8565 -15.2345
-15.8565 -15.2345
-15.8565 -15.2345
-15.8565 -15.2345
-15.8565 -15.2345
-15.8565 -15.2345
-15.8565 -15.2345
-15.8565 -15.2345
-15.8565 -15.2345
-15.8565 -15.2345
-15.8565 -15.2345
-15.8565 -15.2345
-15.8565 -15.2345
-15.8565 -15.2345
-15.8565 -15.2345
-15.8565 -15.2345
-15.8565 -15.2345
-15.8565 -15.2345
-15.8565 -15.2345
-15.8565 -15.2345
-15.8565 -15.2345
-15.8565 -15.2345
-15.8565 -15.2345
-15.8565 -15.2345
-15.8565 -15.2345
-15.8565 -15.2345
-15.8565 -15.2345
-15.8565 -15.2345
-15.8565 -15.2345
-15.8565 -15.2345
-16 -16