22 5
21.8848 4.87047
21.8006 4.71592
21.6984 4.50456
21.5962 4.29336
21.494 4.08232
21.3918 3.87146
21.2896 3.66076
21.1874 3.45025
21.0851 3.23991
20.9828 3.02975
20.8806 2.81978
20.7783 2.61
20.676 2.40042
20.5737 2.19104
20.4713 1.98186
20.369 1.77289
20.2666 1.56413
20.1642 1.35559
20.0618 1.14728
19.9594 0.939197
19.857 0.731349
19.7545 0.523742
19.652 0.316382
19.5495 0.109275
19.447 -0.0975718
19.3445 -0.304152
19.242 -0.510458
19.1394 -0.716483
19.0368 -0.92222
18.9342 -1.12766
18.8315 -1.33279
18.6922 -1.54037
18.5529 -1.74794
18.4135 -1.95551
18.2742 -2.16309
18.1349 -2.37066
17.9955 -2.57823
17.8562 -2.78581
17.7169 -2.99338
17.5775 -3.20095
17.4382 -3.40852
17.2989 -3.6161
17.1596 -3.82367
17.0202 -4.03124
16.8809 -4.23882
16.7416 -4.44639
16.6022 -4.65396
16.4629 -4.86154
16.3236 -5.06911
16.1842 -5.27668
16.0449 -5.48425
15.9056 -5.69183
15.7662 -5.8994
15.6269 -6.10697
15.4876 -6.31455
15.3482 -6.52212
15.2089 -6.72969
15.0696 -6.93726
14.9302 -7.14484
14.7909 -7.35241
14.6516 -7.55998
14.5122 -7.76756
14.3729 -7.97513
14.2336 -8.1827
14.0943 -8.39028
13.9549 -8.59785
13.8156 -8.80542
13.6763 -9.01299
13.5369 -9.22057
13.3976 -9.42814
13.2583 -9.63571
13.1189 -9.84329
12.9796 -10.0509
12.8403 -10.2584
12.7009 -10.466
12.5616 -10.6736
12.4223 -10.8812
12.2829 -11.0887
12.1436 -11.2963
12.0043 -11.5039
11.8649 -11.7114
11.7256 -11.919
11.5863 -12.1266
11.4469 -12.3342
11.3854 -12.3422
11.3473 -12.3498
11.329 -12.3547
11.329 -12.3547
11.329 -12.3547
11.329 -12.3547
11.329 -12.3547
11.329 -12.3547
11.329 -12.3547
11.329 -12.3547
11.329 -12.3547
11.329 -12.3547
11.329 -12.3547
11.329 -12.3547
11.329 -12.3547
11.329 -12.3547
11.329 -12.3547
11.329 -12.3547
11.329 -12.3547
11 -13