10 4
10.0447 3.75403
10.0894 3.50807
10.1342 3.2621
10.1789 3.01613
10.2236 2.77016
10.2683 2.5242
10.3131 2.27823
10.3578 2.03226
10.4025 1.78629
10.4472 1.54033
10.4919 1.29436
10.5367 1.04839
10.5814 0.802423
10.6261 0.556456
10.6708 0.310488
10.7155 0.0645208
10.7603 -0.181447
10.805 -0.427414
10.8497 -0.673382
10.8944 -0.919349
10.9392 -1.16532
10.9839 -1.41128
11.0286 -1.65725
11.0733 -1.90322
11.118 -2.14919
11.1628 -2.39515
11.2075 -2.64112
11.2522 -2.88709
11.2969 -3.13306
11.3416 -3.37902
11.3864 -3.62499
11.4311 -3.87096
11.4758 -4.11693
11.5205 -4.36289
11.5653 -4.60886
11.61 -4.85483
11.6547 -5.1008
11.6994 -5.34676
11.7441 -5.59273
11.7889 -5.8387
11.8336 -6.08467
11.8594 -6.3028
11.8844 -6.50556
11.909 -6.7004
11.9333 -6.89117
11.9576 -7.07983
11.9818 -7.26741
12.0059 -7.45443
12.0301 -7.64116
12.0542 -7.82774
12.0784 -8.01424
12.1153 -8.19905
12.1475 -8.38443
12.1773 -8.57014
12.2054 -8.75604
12.2326 -8.94206
12.2591 -9.12817
12.2851 -9.31435
12.3107 -9.50057
12.3361 -9.68682
12.3613 -9.8731
12.3863 -10.0594
12.4112 -10.2457
12.436 -10.432
12.4607 -10.6184
12.4854 -10.8047
12.51 -10.9911
12.5345 -11.1775
12.559 -11.3638
12.5834 -11.5502
12.6079 -11.7366
12.6323 -11.923
12.6566 -12.1093
12.681 -12.2957
12.7053 -12.4821
12.7296 -12.6685
12.7539 -12.8549
12.8093 -13.0285
12.9209 -13.1605
13.0729 -13.232
13.244 -13.2237
13.4009 -13.1248
13.5025 -12.9428
13.5132 -12.7091
13.4492 -12.4674
13.3851 -12.2258
13.3211 -11.9841
13.257 -11.7425
13.193 -11.5008
13.1289 -11.2591
13.0649 -11.0175
13.0008 -10.7758
12.9368 -10.5342
12.8727 -10.2925
12.8086 -10.0509
12.7446 -9.80921
12.6805 -9.56756
12.6165 -9.3259
12.5524 -9.08425
12.4884 -8.84259
12.4243 -8.60094
12.3603 -8.35928
12.2962 -8.11763
12 -7