-9.5 -8
-9.46875 -7.8333
-9.37742 -7.70759
-9.25353 -7.58718
-9.1047 -7.45955
-8.93913 -7.32846
-8.76582 -7.19361
-8.59118 -7.05564
-8.41593 -6.91604
-8.2404 -6.7756
-8.06479 -6.63471
-7.88919 -6.49358
-7.71555 -6.35289
-7.54075 -6.21393
-7.36241 -6.07671
-7.17999 -5.94014
-6.99774 -5.80354
-6.81566 -5.66692
-6.63374 -5.53027
-6.452 -5.39361
-6.27044 -5.25692
-6.08906 -5.1202
-5.90785 -4.98347
-5.72683 -4.84671
-5.546 -4.70992
-5.36536 -4.57311
-5.18491 -4.43627
-5.00466 -4.29941
-4.82461 -4.16252
-4.64476 -4.02561
-4.46512 -3.88867
-4.28569 -3.7517
-4.10647 -3.6147
-3.92747 -3.47767
-3.74869 -3.34062
-3.57013 -3.20353
-3.39181 -3.06642
-3.21371 -2.92927
-3.03586 -2.7921
-2.85824 -2.65489
-2.68087 -2.51765
-2.50375 -2.38037
-2.32689 -2.24307
-2.15028 -2.10573
-1.97394 -1.96835
-1.79788 -1.83094
-1.62208 -1.69349
-1.44657 -1.556
-1.27135 -1.41848
-1.09642 -1.28092
-0.921788 -1.14332
-0.747462 -1.00568
-0.573448 -0.867997
-0.399752 -0.730273
-0.226382 -0.592506
-0.0533457 -0.454696
0.119351 -0.316841
0.291699 -0.17894
0.467764 -0.029659
0.644609 0.146814
0.821408 0.323568
0.998207 0.500323
1.17501 0.677078
1.3518 0.853832
1.5286 1.03059
1.7054 1.20734
1.8822 1.3841
2.059 1.56085
2.2358 1.73761
2.4126 1.91436
2.5894 2.09112
2.76619 2.26787
2.94299 2.44462
3.11979 2.62138
3.29659 2.79813
3.47339 2.97489
3.65019 3.15164
3.82699 3.3284
4.00422 3.50494
4.18217 3.68117
4.36082 3.85712
4.54015 4.03286
4.72017 4.20844
4.90086 4.38392
5.08222 4.55938
5.26422 4.73489
5.44685 4.91056
5.63008 5.0865
5.81388 5.26284
5.99821 5.43971
6.18297 5.61728
6.36807 5.79573
6.55336 5.97522
6.73865 6.15591
6.92372 6.33793
7.1083 6.52131
7.29266 6.70521
7.46597 6.88539
7.63928 7.06557
7.81259 7.24574
7.9859 7.42592
8.15921 7.60609
8.33252 7.78627
8.50583 7.96645
8.67914 8.14662
9.5 9