5 -8
4.9625 -7.80979
4.86778 -7.64792
4.75451 -7.46888
4.64398 -7.2865
4.53594 -7.10184
4.43024 -6.91598
4.32679 -6.73029
4.2254 -6.54667
4.12544 -6.36801
4.02586 -6.19508
3.92752 -6.02342
3.83132 -5.85141
3.73719 -5.67905
3.64501 -5.50648
3.55453 -5.33403
3.46566 -5.16179
3.37832 -4.98975
3.29247 -4.81791
3.20805 -4.64625
3.12499 -4.47478
3.04326 -4.30348
2.96277 -4.13234
2.88349 -3.96136
2.80535 -3.79053
2.7283 -3.61985
2.65227 -3.4493
2.57721 -3.27887
2.50305 -3.10857
2.42972 -2.93837
2.35717 -2.76828
2.2853 -2.59827
2.21404 -2.42835
2.1433 -2.25849
2.07296 -2.08869
2.00291 -1.91893
1.93272 -1.74914
1.86254 -1.57936
1.79236 -1.40958
1.72217 -1.2398
1.65199 -1.07001
1.58181 -0.900231
1.51162 -0.730448
1.44144 -0.560666
1.37126 -0.390883
1.30107 -0.2211
1.23089 -0.0513178
1.1607 0.118465
1.09052 0.288247
1.02034 0.45803
0.950153 0.627813
0.879969 0.797595
0.809785 0.967378
0.739601 1.13716
0.669418 1.30694
0.599234 1.47673
0.52905 1.64651
0.458867 1.81629
0.350869 1.97594
0.150094 2.11071
-0.0505738 2.24552
-0.251131 2.38036
-0.451574 2.51522
-0.651901 2.65012
-0.852106 2.78505
-1.05219 2.92001
-1.25214 3.05501
-1.45242 3.19132
-1.65513 3.33764
-1.85784 3.48395
-2.06055 3.63027
-2.26326 3.77658
-2.46597 3.9229
-2.66868 4.06921
-2.87139 4.21553
-3.07411 4.36184
-3.27682 4.50816
-3.47953 4.65447
-3.68224 4.80079
-3.88495 4.9471
-4.08766 5.09342
-4.29037 5.23973
-4.49308 5.38605
-4.6958 5.53236
-4.89851 5.67868
-5.10122 5.82499
-5.30393 5.97131
-5.50664 6.11762
-5.70935 6.26394
-5.91206 6.41025
-6.11477 6.55657
-6.31748 6.70289
-6.5202 6.8492
-6.72291 6.99552
-6.92562 7.14183
-7.12833 7.28815
-7.33104 7.43446
-7.53375 7.58078
-7.73646 7.72709
-7.93917 7.87341
-8.14188 8.01972
-8.34459 8.16604
-8.54731 8.31235
-8.75002 8.45867
-8.84333 8.50519
-9.5 9