0 -8
-0.0375 -7.76047
-0.0839339 -7.50796
-0.152526 -7.25981
-0.221183 -7.01163
-0.289906 -6.76343
-0.358696 -6.51519
-0.427556 -6.26693
-0.496486 -6.01863
-0.565489 -5.77031
-0.634566 -5.52195
-0.703718 -5.27356
-0.772949 -5.02514
-0.842259 -4.77668
-0.911651 -4.52818
-0.981126 -4.27965
-1.05069 -4.03109
-1.12034 -3.78248
-1.19008 -3.53384
-1.25991 -3.28515
-1.32984 -3.03643
-1.39987 -2.78766
-1.47 -2.53884
-1.54024 -2.28999
-1.61058 -2.04108
-1.68104 -1.79213
-1.75161 -1.54312
-1.8223 -1.29407
-1.89312 -1.04496
-1.96406 -0.795799
-2.03513 -0.546579
-2.10634 -0.2973
-2.1777 -0.0479587
-2.2492 0.201446
-2.32085 0.450917
-2.39392 0.698509
-2.46968 0.940756
-2.54678 1.17857
-2.62388 1.41639
-2.70097 1.6542
-2.77807 1.89202
-2.85517 2.12983
-2.93227 2.36765
-3.00936 2.60546
-3.08646 2.84328
-3.16356 3.08109
-3.24066 3.3189
-3.31775 3.55672
-3.39485 3.79453
-3.47195 4.03235
-3.54905 4.27016
-3.62614 4.50798
-3.70324 4.74579
-3.78034 4.98361
-3.85744 5.22142
-3.93454 5.45924
-4.01163 5.69705
-4.08873 5.93487
-4.16583 6.17268
-4.24293 6.4105
-4.32002 6.64831
-4.39712 6.88613
-4.47422 7.12394
-4.55131 7.36176
-4.62841 7.59957
-4.70551 7.83739
-4.78261 8.0752
-4.86565 8.22242
-4.89069 8.30971
-4.87613 8.32887
-4.87112 8.33538
-4.87112 8.33538
-4.87112 8.33538
-4.87112 8.33538
-4.87112 8.33538
-4.87112 8.33538
-4.87112 8.33538
-4.87112 8.33538
-4.87112 8.33538
-4.87112 8.33538
-4.87112 8.33538
-4.87112 8.33538
-4.87112 8.33538
-4.87112 8.33538
-4.87112 8.33538
-4.87112 8.33538
-4.87112 8.33538
-4.87112 8.33538
-4.87112 8.33538
-4.87112 8.33538
-4.87112 8.33538
-4.87112 8.33538
-4.87112 8.33538
-4.87112 8.33538
-4.87112 8.33538
-4.87112 8.33538
-4.87112 8.33538
-4.87112 8.33538
-4.87112 8.33538
-4.87112 8.33538
-4.87112 8.33538
-4.87112 8.33538
-4.87112 8.33538
-4.87112 8.33538
-4.87112 8.33538
-5.05 8.9