-5 -8
-4.9625 -7.78452
-4.90426 -7.60506
-4.82313 -7.42156
-4.7442 -7.23711
-4.66753 -7.05169
-4.5931 -6.86529
-4.52089 -6.67794
-4.45081 -6.48967
-4.38272 -6.30054
-4.31635 -6.11067
-4.25151 -5.92013
-4.18826 -5.72891
-4.12654 -5.53703
-4.06629 -5.34452
-4.00745 -5.15139
-3.94997 -4.95768
-3.89379 -4.76341
-3.83885 -4.5686
-3.78508 -4.37329
-3.73243 -4.17749
-3.68084 -3.98123
-3.63026 -3.78454
-3.58062 -3.58745
-3.53187 -3.38996
-3.48396 -3.19212
-3.43682 -2.99395
-3.3904 -2.79546
-3.34464 -2.59669
-3.29948 -2.39766
-3.25486 -2.19839
-3.21071 -1.99892
-3.16698 -1.79928
-3.12358 -1.59948
-3.08043 -1.39958
-3.03407 -1.19851
-2.98559 -0.996917
-2.93757 -0.795449
-2.89103 -0.594376
-2.84586 -0.393673
-2.80196 -0.193309
-2.75921 0.00674602
-2.71747 0.206529
-2.67658 0.406085
-2.63634 0.605468
-2.59645 0.804755
-2.5566 1.00404
-2.51674 1.20332
-2.47688 1.4026
-2.43702 1.60188
-2.39716 1.80116
-2.3573 2.00044
-2.31744 2.19972
-2.27758 2.399
-2.23772 2.59828
-2.19786 2.79756
-2.158 2.99684
-2.11814 3.19612
-2.07828 3.3954
-2.03842 3.59468
-1.99856 3.79396
-1.9587 3.99324
-1.91884 4.19252
-1.87898 4.3918
-1.83912 4.59108
-1.79926 4.79036
-1.7594 4.98964
-1.71608 5.18841
-1.57304 5.35851
-1.38636 5.50047
-1.17852 5.62796
-0.960586 5.74866
-0.741114 5.86838
-0.521641 5.98809
-0.302169 6.10781
-0.082697 6.22753
0.136775 6.34724
0.356247 6.46696
0.575281 6.58689
0.793603 6.70713
1.01122 6.82762
1.22813 6.9483
1.44434 7.0691
1.65986 7.18993
1.87469 7.31071
2.08884 7.43133
2.30233 7.55167
2.51518 7.67159
2.72743 7.79092
2.93913 7.90949
3.15037 8.0271
3.36127 8.14354
3.57201 8.25861
3.78279 8.37215
3.99387 8.48406
4.20551 8.59437
4.29783 8.62623
4.32156 8.62981
4.32156 8.62981
4.32156 8.62981
4.32156 8.62981
4.32156 8.62981
4.32156 8.62981
4.32156 8.62981
4.32156 8.62981
5 9