9.5 -8
9.46875 -7.78176
9.39741 -7.55159
9.27417 -7.33408
9.15074 -7.11668
9.0273 -6.89928
8.90386 -6.68188
8.78043 -6.46448
8.65699 -6.24707
8.53356 -6.02967
8.41012 -5.81227
8.28668 -5.59487
8.16325 -5.37747
8.03981 -5.16007
7.91638 -4.94267
7.79294 -4.72526
7.6695 -4.50786
7.54607 -4.29046
7.42263 -4.07306
7.29919 -3.85566
7.17576 -3.63826
7.05232 -3.42085
6.92888 -3.20345
6.80545 -2.98605
6.68201 -2.76865
6.55857 -2.55125
6.43514 -2.33385
6.3117 -2.11645
6.18827 -1.89904
6.06483 -1.68164
5.94139 -1.46424
5.81796 -1.24684
5.69452 -1.02944
5.57108 -0.812036
5.44765 -0.594634
5.32421 -0.377233
5.20077 -0.159831
5.0776 0.057863
4.95515 0.276537
4.83322 0.496165
4.71162 0.716705
4.59014 0.93809
4.46857 1.16023
4.34674 1.38298
4.22448 1.6062
4.10164 1.82969
3.97848 2.05324
3.85522 2.27681
3.73186 2.50038
3.60839 2.72398
3.4848 2.94759
3.3611 3.17122
3.23727 3.39487
3.1133 3.61853
2.9892 3.84222
2.86495 4.06593
2.74053 4.28967
2.61595 4.51343
2.49119 4.73721
2.36624 4.96103
2.24108 5.18487
2.11569 5.40875
1.99006 5.63267
1.86417 5.85662
1.73798 6.08062
1.61147 6.30467
1.4846 6.52877
1.35732 6.75293
1.22959 6.97716
1.10019 7.19397
0.970127 7.40748
0.840065 7.62098
0.710004 7.83449
0.579942 8.04799
0.449881 8.26149
0.423974 8.41629
0.397334 8.52262
0.373792 8.59836
0.353896 8.65375
0.337414 8.69469
0.324234 8.72404
0.315245 8.74141
0.314873 8.74198
0.314873 8.74198
0.314873 8.74198
0.314873 8.74198
0.314873 8.74198
0.314873 8.74198
0.314873 8.74198
0.314873 8.74198
0.314873 8.74198
0.314873 8.74198
0.314873 8.74198
0.314873 8.74198
0.314873 8.74198
0.314873 8.74198
0.314873 8.74198
0.314873 8.74198
0.314873 8.74198
0.314873 8.74198
0.314873 8.74198
0.314873 8.74198
0.314873 8.74198
0.314873 8.74198
0.314873 8.74198
0 9