24 -9
23.8662 -8.7888
23.7325 -8.57759
23.5987 -8.36639
23.465 -8.15518
23.3312 -7.94398
23.1974 -7.73277
23.0637 -7.52157
22.9299 -7.31036
22.7961 -7.09916
22.6624 -6.88795
22.5286 -6.67675
22.3949 -6.46555
22.2611 -6.25434
22.1273 -6.04314
21.9936 -5.83193
21.8598 -5.62073
21.726 -5.40952
21.5923 -5.19832
21.4585 -4.98711
21.3248 -4.77591
21.191 -4.5647
21.0572 -4.3535
20.9235 -4.14229
20.7897 -3.93109
20.6559 -3.71989
20.5222 -3.50868
20.3884 -3.29748
20.2547 -3.08627
20.1209 -2.87507
19.9871 -2.66386
19.8534 -2.45266
19.7196 -2.24145
19.5858 -2.03025
19.4521 -1.81904
19.3183 -1.60784
19.1846 -1.39663
19.0508 -1.18543
18.917 -0.974224
18.7833 -0.763019
18.6495 -0.551815
18.5157 -0.34061
18.382 -0.129405
18.2482 0.0817994
18.1145 0.293004
17.9807 0.504209
17.8469 0.715413
17.7132 0.926618
17.5794 1.13782
17.4456 1.34903
17.3119 1.56023
17.1781 1.77144
17.0444 1.98264
16.9106 2.19385
16.7768 2.40505
16.6431 2.61625
16.5093 2.82746
16.3755 3.03866
16.2418 3.24987
16.108 3.46107
15.9743 3.67228
15.8405 3.88348
15.7067 4.09469
15.573 4.30589
15.4392 4.5171
15.3054 4.7283
15.1717 4.9395
15.0379 5.15071
14.9042 5.36191
14.7704 5.57312
14.6366 5.78432
14.5029 5.99553
14.3691 6.20673
14.2353 6.41794
14.1016 6.62914
13.9678 6.84035
13.834 7.05155
13.7003 7.26275
13.5665 7.47396
13.4328 7.68516
13.299 7.89637
13.1652 8.10757
13.0315 8.31878
12.8977 8.52998
12.7639 8.74119
12.6302 8.95239
12.4964 9.1636
12.3626 9.3748
12.2289 9.586
12.0951 9.79721
11.9614 10.0084
11.8276 10.2196
11.6938 10.4308
11.5601 10.642
11.4263 10.8532
11.2925 11.0644
11.1588 11.2756
11.025 11.4868
10.8913 11.698
10.7575 11.9093
10.6237 12.1205
10.49 12.3317
10.3562 12.5429
10.2224 12.7541
10.0887 12.9653
9.95491 13.1765
9.82115 13.3877
9.68738 13.5989
9.55362 13.8101
9.41986 14.0213
9.28609 14.2325
9.15233 14.4437
9.01857 14.6549
8.8848 14.8661
8.75104 15.0773
8.61728 15.2885
8.48351 15.4997
8.34975 15.7109
8.21599 15.9221
8.08222 16.1333
7.94846 16.3445
7.8147 16.5558
7.68093 16.767
7.54717 16.9782
7.41341 17.1894
7.27964 17.4006
7.14588 17.6118
7.01212 17.823
6.87835 18.0342
6.74459 18.2454
6.61083 18.4566
6.47706 18.6678
6.3433 18.879
6.20954 19.0902
6.07577 19.3014
5.94201 19.5126
5.80825 19.7238
5.67448 19.935
5.54072 20.1462
5.40696 20.3574
5 21