-15 -12
-14.9297 -12.0059
-14.7931 -11.87
-14.5999 -11.7112
-14.4068 -11.5525
-14.2136 -11.3938
-14.0205 -11.235
-13.8274 -11.0763
-13.6342 -10.9176
-13.4411 -10.7589
-13.2479 -10.6001
-13.0548 -10.4414
-12.8616 -10.2827
-12.6685 -10.1239
-12.4753 -9.96521
-12.2822 -9.80648
-12.089 -9.64775
-11.8959 -9.48902
-11.7028 -9.33029
-11.5096 -9.17155
-11.3165 -9.01283
-11.1233 -8.85409
-10.9302 -8.69536
-10.737 -8.53663
-10.5439 -8.3779
-10.3507 -8.21917
-10.1576 -8.06044
-9.96446 -7.90171
-9.77131 -7.74298
-9.57817 -7.58425
-9.38502 -7.42552
-9.19188 -7.26679
-8.99873 -7.10806
-8.80559 -6.94933
-8.61244 -6.7906
-8.4193 -6.63187
-8.22615 -6.47314
-8.03301 -6.31441
-7.83986 -6.15568
-7.64672 -5.99695
-7.45358 -5.83822
-7.26043 -5.67949
-7.06729 -5.52076
-6.87414 -5.36203
-6.681 -5.2033
-6.48785 -5.04457
-6.29471 -4.88584
-6.10157 -4.72711
-5.90842 -4.56838
-5.71528 -4.40965
-5.52213 -4.25092
-5.32899 -4.09219
-5.13584 -3.93346
-4.9427 -3.77473
-4.74956 -3.616
-4.64821 -3.59425
-4.64565 -3.59559
-4.64565 -3.59559
-4.64565 -3.59559
-4.64565 -3.59559
-4.64565 -3.59559
-4.64565 -3.59559
-4.64565 -3.59559
-4.64565 -3.59559
-4.64565 -3.59559
-4.64565 -3.59559
-4.64565 -3.59559
-4.64565 -3.59559
-4.64565 -3.59559
-4.64565 -3.59559
-4.64565 -3.59559
-4.64565 -3.59559
-4.64565 -3.59559
-4.64565 -3.59559
-4.64565 -3.59559
-4.64565 -3.59559
-4.64565 -3.59559
-4.64565 -3.59559
-4.64565 -3.59559
-4.64565 -3.59559
-4.64565 -3.59559
-4.64565 -3.59559
-4.64565 -3.59559
-4.64565 -3.59559
-4.64565 -3.59559
-4.64565 -3.59559
-4.64565 -3.59559
-4.64565 -3.59559
-4.64565 -3.59559
-4.64565 -3.59559
-4.64565 -3.59559
-4.64565 -3.59559
-4.64565 -3.59559
-4.64565 -3.59559
-4.64565 -3.59559
-4.64565 -3.59559
-4.64565 -3.59559
-4.64565 -3.59559
-4.64565 -3.59559
-4.64565 -3.59559
-4.64565 -3.59559
-4.64565 -3.59559
-4.64565 -3.59559
-4.64565 -3.59559
-4.64565 -3.59559
-4.64565 -3.59559
-4.64565 -3.59559
-4.64565 -3.59559
-4.64565 -3.59559
-4.64565 -3.59559
-4.64565 -3.59559
-4.64565 -3.59559
-4.64565 -3.59559
-4.64565 -3.59559
-4.64565 -3.59559
-4.64565 -3.59559
-4.64565 -3.59559
-4.64565 -3.59559
-4.64565 -3.59559
-4.64565 -3.59559
-4.64565 -3.59559
-4.64565 -3.59559
-4.64565 -3.59559
-4.64565 -3.59559
-4.64565 -3.59559
-4.64565 -3.59559
-4.64565 -3.59559
-4.64565 -3.59559
-4.64565 -3.59559
-4.64565 -3.59559
-4.64565 -3.59559
-4.64565 -3.59559
-4.64565 -3.59559
-4.64565 -3.59559
-4.64565 -3.59559
-4.64565 -3.59559
-4.64565 -3.59559
-4.64565 -3.59559
-4.64565 -3.59559
-4.64565 -3.59559
-4 -3