-23 -10
-22.9125 -9.97194
-22.7433 -9.94742
-22.4935 -9.95486
-22.2439 -9.96825
-21.9943 -9.98163
-21.7446 -9.99502
-21.495 -10.0084
-21.2453 -10.0218
-20.9957 -10.0352
-20.746 -10.0486
-20.4964 -10.0619
-20.2468 -10.0753
-19.9971 -10.0887
-19.7475 -10.1021
-19.4978 -10.1155
-19.2482 -10.1289
-18.9986 -10.1422
-18.7489 -10.1556
-18.4993 -10.169
-18.2496 -10.1824
-18 -10.1958
-17.7504 -10.2092
-17.5007 -10.2226
-17.2511 -10.2359
-17.0014 -10.2493
-16.7518 -10.2627
-16.5021 -10.2761
-16.2525 -10.2895
-16.0029 -10.3029
-15.7532 -10.3162
-15.5036 -10.3296
-15.2539 -10.343
-15.0043 -10.3564
-14.7547 -10.3698
-14.505 -10.3832
-14.2554 -10.3966
-14.0057 -10.4099
-13.7561 -10.4233
-13.5064 -10.4367
-13.2568 -10.4501
-13.0072 -10.4635
-12.7575 -10.4769
-12.5079 -10.4902
-12.2582 -10.5036
-12.0086 -10.517
-11.759 -10.5304
-11.5093 -10.5438
-11.2597 -10.5572
-11.01 -10.5705
-10.7604 -10.5839
-10.5108 -10.5973
-10.2611 -10.6107
-10.0115 -10.6241
-9.76183 -10.6375
-9.51219 -10.6509
-9.26254 -10.6642
-9.0129 -10.6776
-8.76326 -10.691
-8.51362 -10.7044
-8.26398 -10.7178
-8.01434 -10.7312
-7.7647 -10.7445
-7.51505 -10.7579
-7.26541 -10.7713
-7.01577 -10.7847
-6.76613 -10.7981
-6.51649 -10.8115
-6.26685 -10.8249
-6.01721 -10.8382
-5.76756 -10.8516
-5.51792 -10.865
-5.26828 -10.8784
-5.01864 -10.8918
-4.769 -10.9052
-4.51936 -10.9185
-4.26972 -10.9319
-4.02007 -10.9453
-3.77043 -10.9587
-3.71633 -10.998
-3.71633 -10.998
-3.71633 -10.998
-3.71633 -10.998
-3.71633 -10.998
-3.71633 -10.998
-3.71633 -10.998
-3.71633 -10.998
-3.71633 -10.998
-3.71633 -10.998
-3.71633 -10.998
-3.71633 -10.998
-3.71633 -10.998
-3.71633 -10.998
-3.71633 -10.998
-3.71633 -10.998
-3.71633 -10.998
-3.71633 -10.998
-3.71633 -10.998
-3.71633 -10.998
-3.71633 -10.998
-3.71633 -10.998
-3.71633 -10.998
-3.71633 -10.998
-3.71633 -10.998
-3.71633 -10.998
-3.71633 -10.998
-3.71633 -10.998
-3.71633 -10.998
-3.71633 -10.998
-3.71633 -10.998
-3.71633 -10.998
-3.71633 -10.998
-3.71633 -10.998
-3.71633 -10.998
-3.71633 -10.998
-3.71633 -10.998
-3.71633 -10.998
-3.71633 -10.998
-3.71633 -10.998
-3.71633 -10.998
-3.71633 -10.998
-3.71633 -10.998
-3.71633 -10.998
-3.71633 -10.998
-3.71633 -10.998
-3.71633 -10.998
-3.71633 -10.998
-3.71633 -10.998
-3.71633 -10.998
-3.71633 -10.998
-3.71633 -10.998
-3.71633 -10.998
-3.71633 -10.998
-3.71633 -10.998
-3.71633 -10.998
-3.71633 -10.998
-3.71633 -10.998
-3.71633 -10.998
-3.71633 -10.998
-3.71633 -10.998
-3 -11