-12 -8
-11.75 -8
-11.5 -8
-11.25 -8
-11 -8
-10.75 -8
-10.5 -8
-10.25 -8
-10 -8
-9.75 -8
-9.5 -8
-9.25 -8
-9 -8
-8.75 -8
-8.5 -8
-8.25 -8
-8 -8
-7.75 -8
-7.5 -8
-7.25 -8
-7 -8
-6.75 -8
-6.5 -8
-6.25 -8
-6 -8
-5.75 -8
-5.5 -8
-5.25 -8
-5 -8
-4.75 -8
-4.5 -8
-4.25 -8
-4 -8
-3.75 -8
-3.5 -8
-3.25 -8
-3 -8
-2.75 -8
-2.5 -8
-2.25 -8
-2 -8
-1.75 -8
-1.5 -8
-1.25 -8
-1 -8
-0.75 -8
-0.5 -8
-0.25 -8
0 -8
0.25 -8
0.5 -8
0.75 -8
1 -8
1.25 -8
1.5 -8
1.75 -8
2 -8
2.25 -8
2.5 -8
2.75 -8
3 -8
3.25 -8
3.5 -8
3.75 -8
4 -8
4.25 -8
4.5 -8
4.75 -8
5 -8
5.25 -8
5.5 -8
5.75 -8
6 -8
6.25 -8
6.5 -8
6.75 -8
7 -8
7.25 -8
7.5 -8
7.75 -8
8 -8
8.25 -8
8.5 -8
8.75 -8
9 -8
9.25 -8
9.5 -8
9.75 -8
10 -8
10.25 -8
10.5 -8
10.75 -8
11 -8
11.25 -8
11.5 -8
11.75 -8
12 -8
12.25 -8
12.5 -8
12.75 -8
13 -8
13.25 -8
13.5 -8
13.75 -8
14 -8
14.25 -8
14.5 -8
14.75 -8
15 -8
15.25 -8
15.5 -8
15.75 -8
16 -8
16 -8
16 -8
16 -8
16 -8
16 -8
16 -8
16 -8
16 -8
16 -8
16 -8
16 -8
16 -8
16 -8
16 -8
16 -8
16 -8
16 -8
16 -8
16 -8
16 -8
16 -8
16 -8
16 -8
16 -8
16 -8
16 -8
16 -8
17 -8