-19 -16
-19.0023 -15.933
-18.9459 -15.8315
-18.8344 -15.7324
-18.7581 -15.5971
-18.6816 -15.4619
-18.6051 -15.3266
-18.5285 -15.1914
-18.4518 -15.0563
-18.3751 -14.9213
-18.2983 -14.7863
-18.2214 -14.6513
-18.1444 -14.5164
-18.0674 -14.3816
-17.9903 -14.2468
-17.9132 -14.1121
-17.8359 -13.9775
-17.7586 -13.8429
-17.6813 -13.7084
-17.6038 -13.5739
-17.5263 -13.4395
-17.4487 -13.3051
-17.3711 -13.1708
-17.2934 -13.0366
-17.2156 -12.9025
-17.1377 -12.7684
-17.0598 -12.6343
-16.9818 -12.5003
-16.9037 -12.3664
-16.8256 -12.2326
-16.7473 -12.0988
-16.669 -11.965
-16.5907 -11.8313
-16.5119 -11.6911
-16.4223 -11.5206
-16.3074 -11.3268
-16.166 -11.1206
-16.0246 -10.9145
-15.8833 -10.7083
-15.7419 -10.5021
-15.6005 -10.2959
-15.4592 -10.0897
-15.3178 -9.88349
-15.1764 -9.6773
-15.0351 -9.4711
-14.8937 -9.26491
-14.7523 -9.05872
-14.611 -8.85252
-14.4696 -8.64633
-14.3282 -8.44014
-14.1869 -8.23395
-14.0455 -8.02775
-13.9041 -7.82156
-13.7628 -7.61537
-13.6214 -7.40917
-13.48 -7.20298
-13.3387 -6.99679
-13.1973 -6.7906
-13.0559 -6.5844
-12.9146 -6.37821
-12.7732 -6.17202
-12.6318 -5.96582
-12.4905 -5.75963
-12.3491 -5.55344
-12.2077 -5.34724
-12.0664 -5.14105
-11.925 -4.93486
-11.7836 -4.72867
-11.6423 -4.52247
-11.5009 -4.31628
-11.3595 -4.11009
-11.2182 -3.90389
-11.0768 -3.6977
-10.9354 -3.49151
-10.7941 -3.28532
-10.6527 -3.07912
-10.5113 -2.87293
-10.37 -2.66674
-10.2286 -2.46054
-10.0872 -2.25435
-9.94587 -2.04816
-9.8045 -1.84197
-9.66313 -1.63577
-9.52177 -1.42958
-9.3804 -1.22339
-9.23903 -1.01719
-9.09767 -0.811002
-8.9563 -0.604809
-8.81493 -0.398616
-8.67356 -0.192423
-8.5322 0.0137694
-8.39083 0.219962
-8.24946 0.426155
-8.1081 0.632348
-7.96673 0.838541
-7.82536 1.04473
-7.684 1.25093
-7.54263 1.45712
-7.40126 1.66331
-7.2599 1.86951
-7.11853 2.0757
-6.97717 2.28189
-6.8358 2.48808
-6.69443 2.69428
-6.55307 2.90047
-6.4117 3.10666
-6.27033 3.31286
-6.12897 3.51905
-5.9876 3.72524
-5.84623 3.93143
-5.70487 4.13763
-5.5635 4.34382
-5.42213 4.55001
-5.28077 4.75621
-5.1394 4.9624
-4.99803 5.16859
-4.85667 5.37479
-4.7153 5.58098
-4.57394 5.78717
-4.43257 5.99336
-4.2912 6.19956
-4.14984 6.40575
-4.00847 6.61194
-3.8671 6.81814
-3.72574 7.02433
-3.58437 7.23052
-3.443 7.43672
-3.30164 7.64291
-3.16027 7.8491
-3.0189 8.05529
-2.87754 8.26149
-2.73617 8.46768
-2.5948 8.67387
-2.45344 8.88007
-2.31207 9.08626
-2.1707 9.29245
-2.02934 9.49864
-1.88797 9.70484
-1.7466 9.91103
-1.60524 10.1172
-1 11