-20 -7
-19.9641 -7.03417
-19.7284 -7.0334
-19.4792 -7.01388
-19.2299 -6.99436
-18.9807 -6.97483
-18.7315 -6.95531
-18.4822 -6.93579
-18.233 -6.91627
-17.9837 -6.89675
-17.7345 -6.87723
-17.4853 -6.85771
-17.236 -6.83819
-16.9868 -6.81866
-16.7376 -6.79914
-16.4883 -6.77962
-16.2391 -6.7601
-15.9898 -6.74058
-15.7406 -6.72106
-15.4914 -6.70154
-15.2421 -6.68202
-14.9929 -6.66249
-14.7437 -6.64297
-14.4944 -6.62345
-14.2452 -6.60393
-13.996 -6.58441
-13.7467 -6.56489
-13.4975 -6.54537
-13.2482 -6.52585
-12.999 -6.50632
-12.7498 -6.4868
-12.5005 -6.46728
-12.2513 -6.44776
-12.0021 -6.42824
-11.7528 -6.40872
-11.5036 -6.38919
-11.2543 -6.36967
-11.0051 -6.35015
-10.7559 -6.33063
-10.5066 -6.31111
-10.2574 -6.29159
-10.0082 -6.27207
-9.75892 -6.25254
-9.50969 -6.23302
-9.26045 -6.2135
-9.01121 -6.19398
-8.76197 -6.17446
-8.51274 -6.15494
-8.2635 -6.13542
-8.01426 -6.11589
-7.76503 -6.09637
-7.51579 -6.07685
-7.26655 -6.05733
-7.01732 -6.03781
-6.76808 -6.01829
-6.51884 -5.99876
-6.26961 -5.97924
-6.02037 -5.95972
-5.77113 -5.9402
-5.5219 -5.92068
-5.27266 -5.90116
-5.02342 -5.88164
-4.77419 -5.86211
-4.52495 -5.84259
-4.27571 -5.82307
-4.02648 -5.80355
-3.77724 -5.78403
-3.528 -5.76451
-3.27877 -5.74499
-3.02953 -5.72546
-2.78029 -5.70594
-2.53106 -5.68642
-2.28182 -5.6669
-2.03259 -5.64738
-1.78335 -5.62786
-1.53411 -5.60834
-1.28488 -5.58881
-1.03564 -5.56929
-0.786402 -5.54977
-0.537165 -5.53025
-0.287928 -5.51073
-0.0386917 -5.49121
0.210545 -5.47168
0.459782 -5.45216
0.709018 -5.43264
0.958255 -5.41312
1.20749 -5.3936
1.45673 -5.37408
1.70596 -5.35456
1.9552 -5.33503
2.20444 -5.31551
2.45367 -5.29599
2.70291 -5.27647
2.95215 -5.25695
3.20138 -5.23743
3.45062 -5.21791
3.69986 -5.19838
3.94909 -5.17886
4.19833 -5.15934
4.44757 -5.13982
4.6968 -5.1203
4.94604 -5.10078
5.19528 -5.08126
5.44451 -5.06173
5.69375 -5.04221
5.94299 -5.02269
6.19222 -5.00317
6.44146 -4.98365
6.6907 -4.96413
6.93993 -4.94461
7.18917 -4.92508
7.43841 -4.90556
7.68764 -4.88604
7.93688 -4.86652
8.18612 -4.847
8.43535 -4.82748
8.68459 -4.80795
8.93383 -4.78843
9.18306 -4.76891
9.4323 -4.74939
9.68154 -4.72987
9.93078 -4.71035
10.18 -4.69083
10.4292 -4.6713
10.6785 -4.65178
10.9277 -4.63226
11.177 -4.61274
11.4262 -4.59322
11.6754 -4.5737
11.9247 -4.55418
12.1739 -4.53465
12.4231 -4.51513
12.6724 -4.49561
12.9216 -4.47609
13.1709 -4.45657
13.4201 -4.43705
13.6693 -4.41752
13.9186 -4.398
14.1678 -4.37848
14.417 -4.35896
14.6663 -4.33944
14.9155 -4.31992
15.1648 -4.3004
15.414 -4.28087
15.6632 -4.26135
15.9125 -4.24183
16.1617 -4.22231
16.4109 -4.20279
16.6602 -4.18327
16.9094 -4.16375
17.1586 -4.14422
17.4079 -4.1247
17.6571 -4.10518
17.9064 -4.08566
19 -4