-16 -6
-15.8658 -5.78908
-15.7316 -5.57817
-15.5973 -5.36725
-15.4631 -5.15634
-15.3289 -4.94542
-15.1947 -4.73451
-15.0605 -4.52359
-14.9262 -4.31268
-14.792 -4.10176
-14.6578 -3.89084
-14.5236 -3.67993
-14.3894 -3.46901
-14.2552 -3.2581
-14.1209 -3.04718
-13.9867 -2.83627
-13.8525 -2.62535
-13.7183 -2.41444
-13.5841 -2.20352
-13.4498 -1.99261
-13.3156 -1.78169
-13.1814 -1.57078
-13.0472 -1.35986
-12.913 -1.14894
-12.7787 -0.938029
-12.6476 -0.721075
-12.5164 -0.504103
-12.3851 -0.287114
-12.2539 -0.070107
-12.1226 0.146918
-11.9912 0.363961
-11.8599 0.581023
-11.7284 0.798105
-11.597 1.01521
-11.4655 1.23233
-11.334 1.44947
-11.2024 1.66663
-11.0708 1.88382
-10.9391 2.10103
-10.8074 2.31826
-10.6756 2.53551
-10.5438 2.75279
-10.412 2.9701
-10.2801 3.18743
-10.1481 3.40478
-10.0161 3.62216
-9.88402 3.83958
-9.7519 4.05701
-9.61972 4.27448
-9.48748 4.49198
-9.35517 4.70952
-9.2228 4.92708
-9.09037 5.14468
-8.95787 5.36231
-8.82529 5.57998
-8.69264 5.79768
-8.55992 6.01542
-8.42712 6.23321
-8.29423 6.45103
-8.16081 6.66803
-8.02549 6.88152
-7.88767 7.0901
-7.74984 7.29868
-7.61201 7.50725
-7.47418 7.71583
-7.33636 7.9244
-7.19853 8.13298
-7.0607 8.34155
-6.92288 8.55013
-6.78505 8.7587
-6.64722 8.96728
-6.5094 9.17585
-6.37157 9.38443
-6.23374 9.59301
-6.09592 9.80158
-5.95809 10.0102
-5.82026 10.2187
-5.68244 10.4273
-5.54461 10.6359
-5.40678 10.8445
-5.26895 11.053
-5.13113 11.2616
-4.9933 11.4702
-4.85547 11.6788
-4.71765 11.8873
-4.57982 12.0959
-4.44199 12.3045
-4.30417 12.5131
-4.16634 12.7216
-4.02852 12.9302
-3.89069 13.1388
-3.75286 13.3474
-3.61504 13.5559
-3.47721 13.7645
-3.33938 13.9731
-3.20156 14.1817
-3.06373 14.3902
-2.9259 14.5988
-2.78808 14.8074
-2.65025 15.016
-2.51242 15.2245
-2.50441 15.2423
-2.50441 15.2423
-2.50441 15.2423
-2.50441 15.2423
-2.50441 15.2423
-2.50441 15.2423
-2.50441 15.2423
-2.50441 15.2423
-2.50441 15.2423
-2.50441 15.2423
-2.50441 15.2423
-2.50441 15.2423
-2.50441 15.2423
-2.50441 15.2423
-2.50441 15.2423
-2.50441 15.2423
-2.50441 15.2423
-2.50441 15.2423
-2.50441 15.2423
-2.50441 15.2423
-2.50441 15.2423
-2.50441 15.2423
-2.50441 15.2423
-2.50441 15.2423
-2.50441 15.2423
-2.50441 15.2423
-2.50441 15.2423
-2.50441 15.2423
-2.50441 15.2423
-2.50441 15.2423
-2.50441 15.2423
-2.50441 15.2423
-2.50441 15.2423
-2.50441 15.2423
-2.50441 15.2423
-2.50441 15.2423
-2.50441 15.2423
-2.50441 15.2423
-2.50441 15.2423
-2.50441 15.2423
-2.50441 15.2423
-2.50441 15.2423
-2.50441 15.2423
-2.50441 15.2423
-2.50441 15.2423
-2.50441 15.2423
-2.50441 15.2423
-2.50441 15.2423
-2.50441 15.2423
-2.50441 15.2423
-2.50441 15.2423
-2.50441 15.2423
-2.50441 15.2423
-2 16