7 3
6.75219 3.03304
6.50439 3.06608
6.25658 3.09912
6.00877 3.13216
5.76096 3.16521
5.51316 3.19825
5.27425 3.23818
5.0354 3.27803
4.79662 3.3178
4.55791 3.35748
4.31926 3.39706
4.08069 3.43656
3.8422 3.47596
3.60378 3.51526
3.36544 3.55445
3.12718 3.59355
2.889 3.63253
2.65092 3.6714
2.41292 3.71016
2.17501 3.7488
1.9372 3.78731
1.6995 3.82569
1.46189 3.86394
1.22439 3.90205
0.991118 3.93471
0.757843 3.96737
0.524568 4.00003
0.291293 4.03269
0.0580183 4.06535
-0.175257 4.09801
-0.408532 4.13067
-0.641807 4.16334
-0.875082 4.196
-1.10836 4.22866
-1.34163 4.26132
-1.57491 4.29398
-1.80818 4.32664
-2.04146 4.3593
-2.2475 4.40573
-2.45355 4.45216
-2.65959 4.49859
-2.86564 4.54503
-3.07168 4.59146
-3.27773 4.63789
-3.48377 4.68432
-3.68982 4.73075
-3.89586 4.77718
-4.10191 4.82361
-4.30795 4.87004
-4.514 4.91647
-4.72004 4.9629
-4.92609 5.00934
-5.13213 5.05577
-5.33818 5.1022
-5.54422 5.14863
-5.75027 5.19506
-5.95631 5.24149
-6.16078 5.287
-6.36029 5.3296
-6.5537 5.36864
-6.73955 5.40325
-6.91602 5.43237
-7.08093 5.45472
-7.23183 5.46887
-7.30235 5.52765
-7.35795 5.56402
-7.39186 5.58037
-7.39798 5.58236
-7.39798 5.58236
-7.39798 5.58236
-7.39798 5.58236
-7.39798 5.58236
-7.39798 5.58236
-7.39798 5.58236
-7.39798 5.58236
-7.39798 5.58236
-7.39798 5.58236
-7.39798 5.58236
-7.39798 5.58236
-7.39798 5.58236
-7.39798 5.58236
-7.39798 5.58236
-7.39798 5.58236
-7.39798 5.58236
-7.39798 5.58236
-7.39798 5.58236
-7.39798 5.58236
-7.39798 5.58236
-7.39798 5.58236
-7.39798 5.58236
-7.39798 5.58236
-7.39798 5.58236
-7.39798 5.58236
-7.39798 5.58236
-7.39798 5.58236
-7.39798 5.58236
-7.39798 5.58236
-7.39798 5.58236
-7.39798 5.58236
-7.39798 5.58236
-7.39798 5.58236
-7.39798 5.58236
-7.39798 5.58236
-7.39798 5.58236
-7.39798 5.58236
-7.39798 5.58236
-7.39798 5.58236
-7.39798 5.58236
-7.39798 5.58236
-7.39798 5.58236
-7.39798 5.58236
-7.39798 5.58236
-7.39798 5.58236
-7.39798 5.58236
-7.39798 5.58236
-7.39798 5.58236
-7.39798 5.58236
-7.39798 5.58236
-7.39798 5.58236
-7.39798 5.58236
-7.39798 5.58236
-7.39798 5.58236
-7.39798 5.58236
-7.39798 5.58236
-7.39798 5.58236
-7.39798 5.58236
-7.39798 5.58236
-7.39798 5.58236
-7.39798 5.58236
-7.39798 5.58236
-7.39798 5.58236
-7.39798 5.58236
-7.39798 5.58236
-7.39798 5.58236
-7.39798 5.58236
-7.39798 5.58236
-7.39798 5.58236
-7.39798 5.58236
-7.39798 5.58236
-7.39798 5.58236
-7.39798 5.58236
-7.39798 5.58236
-7.39798 5.58236
-7.39798 5.58236
-7.39798 5.58236
-7.39798 5.58236
-7.39798 5.58236
-7.39798 5.58236
-7.39798 5.58236
-7.39798 5.58236
-7.39798 5.58236
-7.39798 5.58236
-7.39798 5.58236
-8 5