-23 16
-22.8062 15.8421
-22.6124 15.6842
-22.4186 15.5262
-22.2248 15.3683
-22.031 15.2104
-21.8371 15.0525
-21.6433 14.8946
-21.4495 14.7367
-21.2557 14.5787
-21.0619 14.4208
-20.8681 14.2629
-20.6743 14.105
-20.4805 13.9471
-20.2867 13.7891
-20.0929 13.6312
-19.899 13.4733
-19.7052 13.3154
-19.5114 13.1575
-19.3176 12.9996
-19.1238 12.8416
-18.93 12.6837
-18.7362 12.5258
-18.5424 12.3679
-18.3486 12.21
-18.1548 12.0521
-17.961 11.8941
-17.7671 11.7362
-17.5733 11.5783
-17.3795 11.4204
-17.1857 11.2625
-16.9919 11.1045
-16.7981 10.9466
-16.6043 10.7887
-16.4105 10.6308
-16.2167 10.4729
-16.0229 10.315
-15.829 10.157
-15.6352 9.99912
-15.4773 9.83246
-15.2983 9.65354
-15.1194 9.47463
-14.9384 9.29452
-14.7574 9.11439
-14.5764 8.93424
-14.3953 8.75407
-14.2142 8.57388
-14.0331 8.39366
-13.8519 8.21343
-13.6707 8.03317
-13.4894 7.85289
-13.3081 7.67259
-13.1268 7.49228
-12.9455 7.31198
-12.7642 7.13167
-12.5829 6.95136
-12.4016 6.77105
-12.2203 6.59075
-12.0387 6.41028
-11.8571 6.22978
-11.6755 6.04926
-11.4938 5.86872
-11.312 5.68815
-11.1302 5.50755
-10.9484 5.32692
-10.7665 5.14627
-10.5669 4.99565
-10.3674 4.84504
-10.1679 4.69442
-9.96832 4.5438
-9.76878 4.39319
-9.56925 4.24257
-9.36971 4.09195
-9.17018 3.94133
-8.97064 3.79072
-8.77111 3.6401
-8.57157 3.48948
-8.37204 3.33887
-8.1725 3.18825
-7.97296 3.03763
-7.77343 2.88702
-7.57389 2.7364
-7.37436 2.58578
-7.17482 2.43517
-6.97528 2.28455
-6.77575 2.13393
-6.57621 1.98331
-6.37668 1.8327
-6.17714 1.68208
-5.97761 1.53146
-5.77807 1.38085
-5.57853 1.23023
-5.379 1.07961
-5.17946 0.928996
-4.97993 0.778379
-4.78039 0.627762
-4.58085 0.477145
-4.38132 0.326528
-4.18178 0.175911
-3.98225 0.0252941
-3.78271 -0.125323
-3.58318 -0.27594
-3.38364 -0.426557
-3.1841 -0.577174
-2.98457 -0.727791
-2.78503 -0.878408
-2.5855 -1.02902
-2.38596 -1.17964
-2.18642 -1.33026
-1.98689 -1.48088
-1.78735 -1.63149
-1.58782 -1.78211
-1.38828 -1.93273
-1.18875 -2.08334
-0.98921 -2.23396
-0.789674 -2.38458
-0.590138 -2.53519
-0.390602 -2.68581
-0.191067 -2.83643
0.00846921 -2.98705
0.208005 -3.13766
0.407541 -3.28828
0.607077 -3.4389
0.806612 -3.58951
1.00615 -3.74013
1.20568 -3.89075
1.40522 -4.04136
1.60476 -4.19198
1.80429 -4.3426
2.00383 -4.49322
2.20336 -4.64383
2.4029 -4.79445
2.60243 -4.94507
2.80197 -5.09568
3.00151 -5.2463
3.20104 -5.39692
3.40058 -5.54753
3.40058 -5.54753
3.40058 -5.54753
3.40058 -5.54753
3.40058 -5.54753
3.40058 -5.54753
3.40058 -5.54753
3.40058 -5.54753
3.40058 -5.54753
3.40058 -5.54753
3.40058 -5.54753
3.40058 -5.54753
3.40058 -5.54753
3.40058 -5.54753
3.40058 -5.54753
3.40058 -5.54753
3.40058 -5.54753
3.40058 -5.54753
4 -6