-5 15
-5 14.75
-5 14.5
-5 14.25
-5 14
-5 13.75
-5 13.5
-5.0089 13.2431
-5.01768 12.9861
-5.02634 12.7289
-5.03486 12.4715
-5.04326 12.214
-5.0515 11.9562
-5.05959 11.6983
-5.06751 11.4401
-5.07525 11.1818
-5.0828 10.9231
-5.09014 10.6642
-5.09724 10.405
-5.1041 10.1455
-5.11068 9.8856
-5.11695 9.62532
-5.12289 9.36461
-5.12844 9.1034
-5.13356 8.84163
-5.13819 8.57923
-5.14224 8.31608
-5.14561 8.05206
-5.14817 7.787
-5.14973 7.52063
-5.15002 7.25263
-5.14862 6.98245
-5.20009 6.7805
-5.27928 6.61433
-5.37304 6.46694
-5.47447 6.32946
-5.57994 6.1972
-5.68755 6.06769
-5.79629 5.93964
-5.90563 5.81237
-5.99831 5.68957
-6.05161 5.53094
-6.11084 5.38701
-6.17325 5.25101
-6.23716 5.11905
-6.30176 4.98915
-6.36665 4.86029
-6.43167 4.73194
-6.49672 4.60385
-6.56176 4.47588
-6.62679 4.34796
-6.69178 4.22005
-6.75676 4.09214
-6.8217 3.96423
-6.88663 3.83631
-6.94959 3.70798
-6.95639 3.56769
-6.87499 3.40864
-6.72449 3.2996
-6.59544 3.26419
-6.43977 3.29914
-6.28081 3.39516
-6.13165 3.5423
-6.00042 3.73096
-5.89605 3.94777
-5.79601 4.17689
-5.69598 4.406
-5.59594 4.63511
-5.4959 4.86423
-5.39587 5.09334
-5.34567 5.16666
-5.31716 5.16955
-5.30452 5.16838
-5.29994 5.16757
-5.29936 5.16745
-5.29936 5.16745
-5.29936 5.16745
-5.29936 5.16745
-5.29936 5.16745
-5.29936 5.16745
-5.29936 5.16745
-5.29936 5.16745
-5.29936 5.16745
-5.29936 5.16745
-5.29936 5.16745
-5.29936 5.16745
-5.29936 5.16745
-5.29936 5.16745
-5.29936 5.16745
-5.29936 5.16745
-5.29936 5.16745
-5.29936 5.16745
-5.29936 5.16745
-5.29936 5.16745
-5.29936 5.16745
-5.29936 5.16745
-5.29936 5.16745
-5.29936 5.16745
-5.29936 5.16745
-5.29936 5.16745
-5.29936 5.16745
-5.29936 5.16745
-5.29936 5.16745
-5.29936 5.16745
-5.29936 5.16745
-5.29936 5.16745
-5.29936 5.16745
-5.29936 5.16745
-5.29936 5.16745
-5.29936 5.16745
-5.29936 5.16745
-5.29936 5.16745
-5.29936 5.16745
-5.29936 5.16745
-5.29936 5.16745
-5.29936 5.16745
-5.29936 5.16745
-5.29936 5.16745
-5.29936 5.16745
-5.29936 5.16745
-5.29936 5.16745
-5.29936 5.16745
-5.29936 5.16745
-5.29936 5.16745
-5.29936 5.16745
-5.29936 5.16745
-5.29936 5.16745
-5.29936 5.16745
-5.29936 5.16745
-5.29936 5.16745
-5.29936 5.16745
-5.29936 5.16745
-5.29936 5.16745
-5.29936 5.16745
-5.29936 5.16745
-5.29936 5.16745
-5.29936 5.16745
-5.29936 5.16745
-5.29936 5.16745
-5.29936 5.16745
-5.29936 5.16745
-5.29936 5.16745
-5.29936 5.16745
-5.29936 5.16745
-5.29936 5.16745
-5.29936 5.16745
-5.29936 5.16745
-5.29936 5.16745
-5.29936 5.16745
-5.29936 5.16745
-5.29936 5.16745
-5.29936 5.16745
-5.29936 5.16745
-5.29936 5.16745
-5 6