15 -11
15.0249 -10.7512
15.0498 -10.5025
15.0746 -10.2537
15.0995 -10.005
15.1244 -9.7562
15.1493 -9.50744
15.1741 -9.25869
15.199 -9.00993
15.2239 -8.76117
15.2488 -8.51241
15.2736 -8.26365
15.2985 -8.01489
15.3234 -7.76613
15.3483 -7.51737
15.3731 -7.26861
15.398 -7.01985
15.4229 -6.77109
15.4478 -6.52233
15.4726 -6.27357
15.4975 -6.02481
15.5224 -5.77606
15.5473 -5.5273
15.5721 -5.27854
15.597 -5.02978
15.6219 -4.78102
15.6468 -4.53226
15.6716 -4.2835
15.6965 -4.03474
15.7214 -3.78598
15.7463 -3.53722
15.7711 -3.28846
15.796 -3.0397
15.8209 -2.79094
15.8458 -2.54218
15.8706 -2.29343
15.8955 -2.04467
15.9204 -1.79591
15.9453 -1.54715
15.9702 -1.29839
15.995 -1.04963
16.0199 -0.80087
16.0448 -0.552111
16.0697 -0.303351
16.0945 -0.0545921
16.1194 0.194167
16.1443 0.442926
16.1692 0.691686
16.194 0.940445
16.2189 1.1892
16.2438 1.43796
16.2687 1.68672
16.2935 1.93548
16.3184 2.18424
16.3433 2.433
16.3682 2.68176
16.393 2.93052
16.4179 3.17928
16.4428 3.42804
16.4677 3.6768
16.4925 3.92556
16.5174 4.17432
16.5423 4.42307
16.5672 4.67183
16.592 4.92059
16.6169 5.16935
16.6418 5.41811
16.6667 5.66687
16.6916 5.91563
16.7164 6.16439
16.7413 6.41315
16.7662 6.66191
16.7911 6.91067
16.8159 7.15943
16.8408 7.40819
16.8657 7.65695
16.8906 7.9057
16.9154 8.15446
16.9154 8.15446
16.9154 8.15446
16.9154 8.15446
16.9154 8.15446
16.9154 8.15446
16.9154 8.15446
16.9154 8.15446
16.9154 8.15446
16.9154 8.15446
16.9154 8.15446
16.9154 8.15446
16.9154 8.15446
16.9154 8.15446
16.9154 8.15446
16.9154 8.15446
16.9154 8.15446
16.9154 8.15446
16.9154 8.15446
16.9154 8.15446
16.9154 8.15446
16.9154 8.15446
16.9154 8.15446
16.9154 8.15446
16.9154 8.15446
16.9154 8.15446
16.9154 8.15446
16.9154 8.15446
16.9154 8.15446
17 9