-5 -3
-4.7534 -2.9589
-4.5068 -2.9178
-4.2602 -2.8767
-4.01361 -2.8356
-3.76701 -2.7945
-3.52041 -2.7534
-3.27381 -2.7123
-3.02721 -2.6712
-2.78061 -2.6301
-2.53402 -2.589
-2.28742 -2.5479
-2.04082 -2.5068
-1.79422 -2.4657
-1.54762 -2.4246
-1.30102 -2.3835
-1.05442 -2.3424
-0.807826 -2.3013
-0.561227 -2.2602
-0.314629 -2.2191
-0.0680303 -2.178
0.178568 -2.1369
0.208622 -2.1393
0.208622 -2.1393
0.208622 -2.1393
0.208622 -2.1393
0.208622 -2.1393
0.208622 -2.1393
0.208622 -2.1393
0.208622 -2.1393
0.208622 -2.1393
0.208622 -2.1393
0.208622 -2.1393
0.208622 -2.1393
0.208622 -2.1393
0.208622 -2.1393
0.208622 -2.1393
0.208622 -2.1393
0.208622 -2.1393
0.208622 -2.1393
0.208622 -2.1393
0.208622 -2.1393
0.208622 -2.1393
0.208622 -2.1393
0.208622 -2.1393
0.208622 -2.1393
0.208622 -2.1393
0.208622 -2.1393
0.208622 -2.1393
0.208622 -2.1393
0.208622 -2.1393
0.208622 -2.1393
0.208622 -2.1393
0.208622 -2.1393
0.208622 -2.1393
0.208622 -2.1393
0.208622 -2.1393
0.208622 -2.1393
0.208622 -2.1393
0.208622 -2.1393
0.208622 -2.1393
0.208622 -2.1393
0.208622 -2.1393
0.208622 -2.1393
0.208622 -2.1393
0.208622 -2.1393
0.208622 -2.1393
0.208622 -2.1393
0.208622 -2.1393
0.208622 -2.1393
0.208622 -2.1393
0.208622 -2.1393
0.208622 -2.1393
0.208622 -2.1393
0.208622 -2.1393
0.208622 -2.1393
0.208622 -2.1393
0.208622 -2.1393
0.208622 -2.1393
0.208622 -2.1393
0.208622 -2.1393
0.208622 -2.1393
0.208622 -2.1393
0.208622 -2.1393
0.208622 -2.1393
0.208622 -2.1393
0.208622 -2.1393
0.208622 -2.1393
0.208622 -2.1393
0.208622 -2.1393
0.208622 -2.1393
0.208622 -2.1393
0.208622 -2.1393
0.208622 -2.1393
0.208622 -2.1393
0.208622 -2.1393
0.208622 -2.1393
0.208622 -2.1393
0.208622 -2.1393
0.208622 -2.1393
0.208622 -2.1393
0.208622 -2.1393
0.208622 -2.1393
0.208622 -2.1393
0.208622 -2.1393
0.208622 -2.1393
1 -2