-7 -14
-7.05315 -13.8737
-7.08378 -13.6256
-7.1144 -13.3775
-7.14503 -13.1294
-7.17565 -12.8812
-7.20628 -12.6331
-7.23691 -12.385
-7.26753 -12.1369
-7.29816 -11.8888
-7.32879 -11.6406
-7.35941 -11.3925
-7.39004 -11.1444
-7.42066 -10.8963
-7.45129 -10.6482
-7.48192 -10.4001
-7.51254 -10.1519
-7.54317 -9.90383
-7.5738 -9.65571
-7.60442 -9.4076
-7.63505 -9.15948
-7.66567 -8.91136
-7.6963 -8.66325
-7.72693 -8.41513
-7.75755 -8.16701
-7.78818 -7.9189
-7.81881 -7.67078
-7.84943 -7.42266
-7.88006 -7.17455
-7.91069 -6.92643
-7.94131 -6.67831
-7.97194 -6.43019
-8.00256 -6.18208
-8.03319 -5.93396
-8.06382 -5.68584
-8.09444 -5.43773
-8.12507 -5.18961
-8.1557 -4.94149
-8.18632 -4.69338
-8.21695 -4.44526
-8.24757 -4.19714
-8.2782 -3.94902
-8.30883 -3.70091
-8.33945 -3.45279
-8.37008 -3.20467
-8.40071 -2.95656
-8.43133 -2.70844
-8.46196 -2.46032
-8.49259 -2.21221
-8.52321 -1.96409
-8.55384 -1.71597
-8.58446 -1.46785
-8.61509 -1.21974
-8.64572 -0.971621
-8.67634 -0.723504
-8.70697 -0.475387
-8.7376 -0.22727
-8.76822 0.0208468
-8.79885 0.268964
-8.82947 0.517081
-8.8601 0.765198
-8.89073 1.01331
-8.92135 1.26143
-8.95198 1.50955
-8.98261 1.75767
-9.01323 2.00578
-9.04386 2.2539
-9.07448 2.50202
-9.10511 2.75013
-9.13574 2.99825
-9.16636 3.24637
-9.19699 3.49448
-9.22762 3.7426
-9.25824 3.99072
-9.28887 4.23884
-9.3195 4.48695
-9.35012 4.73507
-9.38075 4.98319
-9.41137 5.2313
-9.442 5.47942
-9.47263 5.72754
-9.50325 5.97565
-9.53388 6.22377
-9.56451 6.47189
-9.59513 6.72001
-9.62576 6.96812
-9.65638 7.21624
-9.68701 7.46436
-9.71764 7.71247
-9.74826 7.96059
-9.77889 8.20871
-9.80952 8.45682
-9.84092 8.70409
-9.87375 8.95015
-9.90787 9.19539
-9.90787 9.19539
-9.90787 9.19539
-9.90787 9.19539
-9.90787 9.19539
-9.90787 9.19539
-9.90787 9.19539
-9.90787 9.19539
-9.90787 9.19539
-9.90787 9.19539
-9.90787 9.19539
-9.90787 9.19539
-10 10