11 -18
10.7712 -17.8993
10.5423 -17.7986
10.3135 -17.6979
10.0847 -17.5973
9.85586 -17.4966
9.62703 -17.3959
9.3982 -17.2952
9.16937 -17.1945
8.94054 -17.0938
8.71172 -16.9931
8.48289 -16.8925
8.25406 -16.7918
8.02523 -16.6911
7.7964 -16.5904
7.56757 -16.4897
7.33874 -16.389
7.10991 -16.2884
6.88109 -16.1877
6.65226 -16.087
6.42343 -15.9863
6.1946 -15.8856
5.96577 -15.7849
5.73694 -15.6842
5.50811 -15.5836
5.27928 -15.4829
5.05045 -15.3822
4.82163 -15.2815
4.5928 -15.1808
4.36397 -15.0801
4.13514 -14.9795
3.90631 -14.8788
3.67748 -14.7781
3.44865 -14.6774
3.21982 -14.5767
2.991 -14.476
2.76217 -14.3754
2.53334 -14.2747
2.30451 -14.174
2.07568 -14.0733
1.84685 -13.9726
1.61802 -13.8719
1.38919 -13.7712
1.16037 -13.6706
0.931537 -13.5699
0.702708 -13.4692
0.473879 -13.3685
0.24505 -13.2678
0.0162217 -13.1671
-0.212607 -13.0665
-0.441436 -12.9658
-0.670265 -12.8651
-0.899093 -12.7644
-1.12792 -12.6637
-1.35675 -12.563
-1.58558 -12.4623
-1.81441 -12.3617
-2.04324 -12.261
-2.27207 -12.1603
-2.50089 -12.0596
-2.72972 -11.9589
-2.95855 -11.8582
-3.18738 -11.7576
-3.41621 -11.6569
-3.64504 -11.5562
-3.87387 -11.4555
-4.1027 -11.3548
-4.33152 -11.2541
-4.56035 -11.1534
-4.78918 -11.0528
-5.01801 -10.9521
-5.24684 -10.8514
-5.47567 -10.7507
-5.7045 -10.65
-5.93333 -10.5493
-6.16216 -10.4487
-6.39098 -10.348
-6.61981 -10.2473
-6.84864 -10.1466
-7.07747 -10.0459
-7.3063 -9.94523
-7.53513 -9.84454
-7.76396 -9.74386
-7.99279 -9.64317
-8.22162 -9.54249
-8.45044 -9.4418
-8.67927 -9.34112
-8.9081 -9.24043
-9.13693 -9.13975
-9.36576 -9.03907
-9.59459 -8.93838
-9.82341 -8.8377
-10.0522 -8.73701
-10.2811 -8.63633
-10.5099 -8.53564
-10.7387 -8.43496
-10.9676 -8.33427
-11.1964 -8.23359
-11.4252 -8.13291
-11.654 -8.03222
-11.8829 -7.93154
-12.1117 -7.83085
-12.3405 -7.73017
-12.5694 -7.62948
-12.7982 -7.5288
-13.027 -7.42811
-14 -7