-8 25
-8.07906 24.7628
-8.15811 24.5257
-8.23717 24.2885
-8.31623 24.0513
-8.39528 23.8141
-8.47434 23.577
-8.5534 23.3398
-8.63245 23.1026
-8.71151 22.8655
-8.79057 22.6283
-8.86962 22.3911
-8.94868 22.1539
-9.02774 21.9168
-9.1068 21.6796
-9.18585 21.4424
-9.26491 21.2053
-9.34397 20.9681
-9.42303 20.7309
-9.50208 20.4937
-9.58114 20.2566
-9.6602 20.0194
-9.73925 19.7822
-9.73925 19.7822
-9.73925 19.7822
-9.73925 19.7822
-9.73925 19.7822
-9.73925 19.7822
-9.73925 19.7822
-9.73925 19.7822
-9.73925 19.7822
-9.73925 19.7822
-9.73925 19.7822
-9.73925 19.7822
-9.73925 19.7822
-9.73925 19.7822
-9.73925 19.7822
-9.73925 19.7822
-9.73925 19.7822
-9.73925 19.7822
-9.73925 19.7822
-9.73925 19.7822
-9.73925 19.7822
-9.73925 19.7822
-9.73925 19.7822
-9.73925 19.7822
-9.73925 19.7822
-9.73925 19.7822
-9.73925 19.7822
-9.73925 19.7822
-9.73925 19.7822
-9.73925 19.7822
-9.73925 19.7822
-9.73925 19.7822
-9.73925 19.7822
-9.73925 19.7822
-9.73925 19.7822
-9.73925 19.7822
-9.73925 19.7822
-9.73925 19.7822
-9.73925 19.7822
-9.73925 19.7822
-9.73925 19.7822
-9.73925 19.7822
-9.73925 19.7822
-9.73925 19.7822
-9.73925 19.7822
-9.73925 19.7822
-9.73925 19.7822
-9.73925 19.7822
-9.73925 19.7822
-9.73925 19.7822
-9.73925 19.7822
-9.73925 19.7822
-9.73925 19.7822
-9.73925 19.7822
-9.73925 19.7822
-9.73925 19.7822
-9.73925 19.7822
-9.73925 19.7822
-9.73925 19.7822
-9.73925 19.7822
-9.73925 19.7822
-9.73925 19.7822
-9.73925 19.7822
-9.73925 19.7822
-9.73925 19.7822
-9.73925 19.7822
-9.73925 19.7822
-9.73925 19.7822
-9.73925 19.7822
-9.73925 19.7822
-9.73847 19.7831
-9.73621 19.7851
-9.7325 19.7877
-9.72749 19.7903
-9.72749 19.7903
-9.72749 19.7903
-9.72749 19.7903
-9.72749 19.7903
-9.72749 19.7903
-9.72749 19.7903
-9.72749 19.7903
-9.72749 19.7903
-9.72749 19.7903
-9.72749 19.7903
-10 19