-7 -1
-7.17269 -1.12365
-7.30914 -1.27732
-7.44354 -1.46343
-7.58464 -1.65395
-7.72941 -1.84631
-7.88326 -2.04335
-8.03712 -2.2404
-8.19098 -2.43745
-8.34484 -2.6345
-8.49869 -2.83155
-8.65255 -3.02859
-8.80641 -3.22564
-8.96027 -3.42269
-9.11413 -3.61974
-9.26798 -3.81678
-9.42184 -4.01383
-9.5757 -4.21088
-9.72956 -4.40793
-9.88342 -4.60498
-10.0373 -4.80202
-10.1911 -4.99907
-10.345 -5.19612
-10.4988 -5.39317
-10.6527 -5.59021
-10.8066 -5.78726
-10.9604 -5.98431
-11.1143 -6.18136
-11.2681 -6.3784
-11.422 -6.57545
-11.5758 -6.7725
-11.7297 -6.96955
-11.8836 -7.1666
-12.0374 -7.36364
-12.1913 -7.56069
-12.3451 -7.75774
-12.499 -7.95479
-12.6529 -8.15183
-12.8067 -8.34888
-12.9606 -8.54593
-13.1144 -8.74298
-13.2683 -8.94003
-13.4221 -9.13708
-13.576 -9.33412
-13.7299 -9.53117
-13.8837 -9.72822
-14.0376 -9.92527
-14.1914 -10.1223
-14.3453 -10.3194
-14.4991 -10.5164
-14.653 -10.7135
-14.8069 -10.9105
-14.9607 -11.1076
-15.1146 -11.3046
-15.2684 -11.5017
-15.4223 -11.6987
-15.5762 -11.8957
-15.73 -12.0928
-15.8839 -12.2898
-16.0377 -12.4869
-16.1916 -12.6839
-16.3454 -12.881
-16.4993 -13.078
-16.6532 -13.2751
-16.807 -13.4721
-16.9609 -13.6692
-17.1147 -13.8662
-17.2686 -14.0633
-17.4225 -14.2603
-17.4225 -14.2603
-17.4225 -14.2603
-17.4225 -14.2603
-17.4225 -14.2603
-17.4225 -14.2603
-17.4225 -14.2603
-17.4225 -14.2603
-17.4225 -14.2603
-17.4225 -14.2603
-17.4225 -14.2603
-17.4225 -14.2603
-17.4225 -14.2603
-17.4225 -14.2603
-17.4225 -14.2603
-17.4225 -14.2603
-17.4225 -14.2603
-17.4225 -14.2603
-17.4225 -14.2603
-17.4225 -14.2603
-17.4225 -14.2603
-17.4225 -14.2603
-17.4225 -14.2603
-17.4225 -14.2603
-17.4225 -14.2603
-17.4225 -14.2603
-17.4225 -14.2603
-17.4225 -14.2603
-17.4225 -14.2603
-17.4225 -14.2603
-17.4225 -14.2603
-17.4225 -14.2603
-17.4225 -14.2603
-17.4225 -14.2603
-17.4225 -14.2603
-17.4225 -14.2603
-17.4225 -14.2603
-17.4225 -14.2603
-17.4225 -14.2603
-17.4225 -14.2603
-17.4225 -14.2603
-17.4225 -14.2603
-17.4225 -14.2603
-17.4225 -14.2603
-17.4225 -14.2603
-17.4225 -14.2603
-17.4225 -14.2603
-17.4225 -14.2603
-17.4225 -14.2603
-17.4225 -14.2603
-17.4225 -14.2603
-17.4225 -14.2603
-17.4225 -14.2603
-17.4225 -14.2603
-17.4225 -14.2603
-17.4225 -14.2603
-17.4225 -14.2603
-18 -15