19 11
18.884 10.7785
18.768 10.5571
18.652 10.3356
18.536 10.1142
18.42 9.89271
18.304 9.67126
18.188 9.4498
18.072 9.22834
17.956 9.00688
17.84 8.78543
17.724 8.56397
17.608 8.34251
17.492 8.12105
17.376 7.89959
17.26 7.67814
17.144 7.45668
17.028 7.23522
16.912 7.01376
16.796 6.7923
16.68 6.57085
16.564 6.34939
16.448 6.12793
16.332 5.90647
16.216 5.68502
16.1 5.46356
15.984 5.2421
15.868 5.02064
15.752 4.79918
15.636 4.57773
15.52 4.35627
15.404 4.13481
15.288 3.91335
15.172 3.69189
15.056 3.47044
14.94 3.24898
14.8239 3.02752
14.7079 2.80606
14.5919 2.58461
14.4759 2.36315
14.3599 2.14169
14.2439 1.92023
14.1279 1.69877
14.0119 1.47732
13.8959 1.25586
13.7799 1.0344
13.6639 0.812943
13.5479 0.591485
13.4319 0.370027
13.3159 0.148569
13.1999 -0.0728884
13.0839 -0.294346
12.9679 -0.515804
12.8519 -0.737262
12.7359 -0.95872
12.6199 -1.18018
12.5039 -1.40164
12.3879 -1.62309
12.2719 -1.84455
12.1559 -2.06601
12.0399 -2.28747
11.9239 -2.50892
11.8079 -2.73038
11.6919 -2.95184
11.5759 -3.1733
11.4599 -3.39476
11.3439 -3.61621
11.2279 -3.83767
11.1119 -4.05913
10.9959 -4.28059
10.8799 -4.50205
10.7639 -4.7235
10.6479 -4.94496
10.5319 -5.16642
10.4159 -5.38788
10.2999 -5.60934
10.1839 -5.83079
10.0679 -6.05225
9.95186 -6.27371
9.83586 -6.49517
9.71986 -6.71663
9.60386 -6.93808
9.48786 -7.15954
9.37185 -7.381
9.25585 -7.60246
9.13985 -7.82392
9.02385 -8.04537
8.90785 -8.26683
8.79185 -8.48829
8.67585 -8.70975
8.55984 -8.93121
8.44384 -9.15266
8.44245 -9.15988
8.44245 -9.15988
8.44245 -9.15988
8.44245 -9.15988
8.44245 -9.15988
8.44245 -9.15988
8.44245 -9.15988
8.44245 -9.15988
8.44245 -9.15988
8.44245 -9.15988
8.44245 -9.15988
8.44245 -9.15988
8.44245 -9.15988
8.44245 -9.15988
8.44245 -9.15988
8.44245 -9.15988
8.44245 -9.15988
8.44245 -9.15988
8.44245 -9.15988
8.44245 -9.15988
8.44245 -9.15988
8.44245 -9.15988
8.44245 -9.15988
8.44245 -9.15988
8.44245 -9.15988
8.44245 -9.15988
8.44245 -9.15988
8.44245 -9.15988
8.44245 -9.15988
8.44245 -9.15988
8.44245 -9.15988
8.44245 -9.15988
8.44245 -9.15988
8 -10