-5 -9
-5.25 -9
-5.5 -9
-5.75 -9
-6 -9
-6.19267 -9.10076
-6.20321 -9.20052
-6.20321 -9.20052
-6.20321 -9.20052
-6.20321 -9.20052
-6.20321 -9.20052
-6.20321 -9.20052
-6.20321 -9.20052
-6.20321 -9.20052
-6.20321 -9.20052
-6.20321 -9.20052
-6.20321 -9.20052
-6.20321 -9.20052
-6.20321 -9.20052
-6.20321 -9.20052
-6.20321 -9.20052
-6.20321 -9.20052
-6.20321 -9.20052
-6.20321 -9.20052
-6.20321 -9.20052
-6.20321 -9.20052
-6.20321 -9.20052
-6.20321 -9.20052
-6.20321 -9.20052
-6.20321 -9.20052
-6.20321 -9.20052
-6.20321 -9.20052
-6.20321 -9.20052
-6.20321 -9.20052
-6.20321 -9.20052
-6.20321 -9.20052
-6.20321 -9.20052
-6.20321 -9.20052
-6.20321 -9.20052
-6.20321 -9.20052
-6.20321 -9.20052
-6.20321 -9.20052
-6.20321 -9.20052
-6.20321 -9.20052
-6.20321 -9.20052
-6.20321 -9.20052
-6.20321 -9.20052
-6.20321 -9.20052
-6.20321 -9.20052
-6.20321 -9.20052
-6.20321 -9.20052
-6.20321 -9.20052
-6.20321 -9.20052
-6.20321 -9.20052
-6.20321 -9.20052
-6.20321 -9.20052
-6.20321 -9.20052
-6.20321 -9.20052
-6.20321 -9.20052
-6.20321 -9.20052
-6.20321 -9.20052
-6.20321 -9.20052
-6.20321 -9.20052
-6.20321 -9.20052
-6.20321 -9.20052
-6.20321 -9.20052
-6.20321 -9.20052
-6.20321 -9.20052
-6.20321 -9.20052
-6.20321 -9.20052
-6.20321 -9.20052
-6.20321 -9.20052
-6.20321 -9.20052
-6.20321 -9.20052
-6.20321 -9.20052
-6.20321 -9.20052
-6.20321 -9.20052
-6.20321 -9.20052
-6.20321 -9.20052
-6.20321 -9.20052
-6.20321 -9.20052
-6.20321 -9.20052
-6.20321 -9.20052
-6.20321 -9.20052
-6.20321 -9.20052
-6.20321 -9.20052
-6.20321 -9.20052
-6.20321 -9.20052
-6.20321 -9.20052
-6.20321 -9.20052
-6.20321 -9.20052
-6.20321 -9.20052
-6.20321 -9.20052
-6.20321 -9.20052
-6.20321 -9.20052
-6.20321 -9.20052
-6.20321 -9.20052
-6.20321 -9.20052
-6.20321 -9.20052
-6.20321 -9.20052
-6.20321 -9.20052
-6.20321 -9.20052
-6.20321 -9.20052
-6.20321 -9.20052
-6.20321 -9.20052
-6.20321 -9.20052
-6.20321 -9.20052
-6.20321 -9.20052
-6.20321 -9.20052
-6.20321 -9.20052
-6.20321 -9.20052
-6.20321 -9.20052
-6.20321 -9.20052
-6.20321 -9.20052
-6.20321 -9.20052
-6.20321 -9.20052
-6.20321 -9.20052
-6.20321 -9.20052
-6.20321 -9.20052
-6.20321 -9.20052
-6.20321 -9.20052
-6.20321 -9.20052
-6.20321 -9.20052
-6.20321 -9.20052
-6.20321 -9.20052
-7 -9