-24 -6
-23.7579 -5.93753
-23.5159 -5.87506
-23.2738 -5.81259
-23.0317 -5.75012
-22.7897 -5.68765
-22.5476 -5.62518
-22.3055 -5.56271
-22.0634 -5.50024
-21.8214 -5.43777
-21.5793 -5.37531
-21.3372 -5.31284
-21.0952 -5.25037
-20.8531 -5.1879
-20.611 -5.12543
-20.369 -5.06296
-20.1269 -5.00049
-19.8848 -4.93802
-19.6428 -4.87555
-19.4007 -4.81308
-19.1586 -4.75061
-18.9165 -4.68814
-18.6745 -4.62567
-18.4324 -4.5632
-18.1903 -4.50073
-17.9483 -4.43826
-17.7062 -4.37579
-17.4641 -4.31332
-17.2221 -4.25085
-16.98 -4.18839
-16.7379 -4.12592
-16.4959 -4.06345
-16.2538 -4.00098
-16.0117 -3.93851
-15.7696 -3.87604
-15.5276 -3.81357
-15.2855 -3.7511
-15.0434 -3.68863
-14.8014 -3.62616
-14.5593 -3.56369
-14.3172 -3.50122
-14.0752 -3.43875
-13.8331 -3.37628
-13.591 -3.31381
-13.349 -3.25134
-13.1069 -3.18887
-12.8648 -3.1264
-12.6227 -3.06393
-12.3807 -3.00146
-12.1386 -2.939
-11.8965 -2.87653
-11.6545 -2.81406
-11.4124 -2.75159
-11.1703 -2.68912
-10.9283 -2.62665
-10.6862 -2.56418
-10.4441 -2.50171
-10.2021 -2.43924
-9.95998 -2.37677
-9.71791 -2.3143
-9.47585 -2.25183
-9.23378 -2.18936
-8.99171 -2.12689
-8.74964 -2.06442
-8.50757 -2.00195
-8.2655 -1.93948
-8.02343 -1.87701
-7.78136 -1.81454
-7.53929 -1.75208
-7.29722 -1.68961
-7.05515 -1.62714
-6.81308 -1.56467
-6.57101 -1.5022
-6.32895 -1.43973
-6.08688 -1.37726
-5.84481 -1.31479
-5.60274 -1.25232
-5.36067 -1.18985
-5.1186 -1.12738
-4.87653 -1.06491
-4.63446 -1.00244
-4.39239 -0.939972
-4.15032 -0.877502
-3.90825 -0.815033
-3.66618 -0.752563
-3.42411 -0.690094
-3.18204 -0.627625
-2.93998 -0.565155
-2.69791 -0.502686
-2.45584 -0.440216
-2.21377 -0.377747
-1.9717 -0.315277
-1.72963 -0.252807
-1.48756 -0.190338
-1.24549 -0.127868
-1.00342 -0.065399
-0.761352 -0.00292949
-0.519283 0.05954
-0.277213 0.12201
-0.0351439 0.184479
0.206925 0.246949
0.448995 0.309418
0.691064 0.371888
0.933133 0.434357
1.1752 0.496827
1.41727 0.559296
1.65934 0.621766
1.90141 0.684235
2.14348 0.746705
2.38555 0.809174
2.62762 0.871643
2.86969 0.934113
3.11176 0.996583
3.35383 1.05905
3.5959 1.12152
3.83797 1.18399
4.08003 1.24646
4.3221 1.30893
4.56417 1.3714
4.80624 1.43387
5.04831 1.49634
5.29038 1.55881
5.53245 1.62128
5.77452 1.68375
6.01659 1.74622
7 2