-8 19
-8.06868 18.7596
-8.13736 18.5192
-8.20604 18.2789
-8.27472 18.0385
-8.3434 17.7981
-8.41208 17.5577
-8.48076 17.3173
-8.54944 17.077
-8.61812 16.8366
-8.6868 16.5962
-8.75548 16.3558
-8.82416 16.1154
-8.89284 15.875
-8.96152 15.6347
-9.0302 15.3943
-9.09889 15.1539
-9.16757 14.9135
-9.23625 14.6731
-9.30493 14.4328
-9.37361 14.1924
-9.44229 13.952
-9.51097 13.7116
-9.57965 13.4712
-9.64833 13.2309
-9.71701 12.9905
-9.78569 12.7501
-9.78569 12.7501
-9.78569 12.7501
-9.78569 12.7501
-9.78569 12.7501
-9.78569 12.7501
-9.78569 12.7501
-9.78569 12.7501
-9.78569 12.7501
-9.78569 12.7501
-9.78569 12.7501
-9.78569 12.7501
-9.78569 12.7501
-9.78569 12.7501
-9.78569 12.7501
-9.78569 12.7501
-9.78569 12.7501
-9.78569 12.7501
-9.78569 12.7501
-9.78569 12.7501
-9.78569 12.7501
-9.78569 12.7501
-9.78569 12.7501
-9.78569 12.7501
-9.78569 12.7501
-9.78569 12.7501
-9.78569 12.7501
-9.78569 12.7501
-9.78569 12.7501
-9.78569 12.7501
-9.78569 12.7501
-9.78569 12.7501
-9.78569 12.7501
-9.78569 12.7501
-9.78569 12.7501
-9.78569 12.7501
-9.78569 12.7501
-9.78569 12.7501
-9.78569 12.7501
-9.78569 12.7501
-9.78569 12.7501
-9.78569 12.7501
-9.78569 12.7501
-9.78569 12.7501
-9.78569 12.7501
-9.78569 12.7501
-9.78569 12.7501
-9.78569 12.7501
-9.78569 12.7501
-9.78569 12.7501
-9.78569 12.7501
-9.78569 12.7501
-9.78569 12.7501
-9.78569 12.7501
-9.78569 12.7501
-9.78569 12.7501
-9.78569 12.7501
-9.78569 12.7501
-9.78569 12.7501
-9.78569 12.7501
-9.78569 12.7501
-9.78569 12.7501
-9.78569 12.7501
-9.78569 12.7501
-9.78569 12.7501
-9.78569 12.7501
-9.78569 12.7501
-9.78569 12.7501
-9.78569 12.7501
-9.78569 12.7501
-9.78569 12.7501
-9.78569 12.7501
-9.78569 12.7501
-9.78569 12.7501
-9.78569 12.7501
-9.78569 12.7501
-9.78569 12.7501
-9.78569 12.7501
-9.78569 12.7501
-9.78569 12.7501
-9.78569 12.7501
-9.78569 12.7501
-9.78569 12.7501
-9.78569 12.7501
-9.78569 12.7501
-9.78569 12.7501
-9.78569 12.7501
-9.78569 12.7501
-9.78569 12.7501
-9.78569 12.7501
-9.78569 12.7501
-9.78569 12.7501
-9.78569 12.7501
-9.78569 12.7501
-9.78569 12.7501
-9.78569 12.7501
-9.78569 12.7501
-9.78569 12.7501
-9.78569 12.7501
-10 12