6 -9
6.24038 -9.06868
6.48076 -9.13736
6.72114 -9.20604
6.96152 -9.27472
7.2019 -9.3434
7.44229 -9.41208
7.68267 -9.48076
7.92305 -9.54944
8.16343 -9.61812
8.40381 -9.6868
8.64419 -9.75548
8.88457 -9.82416
9.12495 -9.89284
9.36533 -9.96152
9.61039 -10.0236
9.8556 -10.0857
10.101 -10.148
10.3465 -10.2104
10.5923 -10.2729
10.8384 -10.3357
11.0847 -10.3986
11.3314 -10.4619
11.5787 -10.5254
11.8265 -10.5894
12.0751 -10.654
12.1272 -10.58
12.1764 -10.5043
12.2284 -10.4303
12.2805 -10.3564
12.3325 -10.2825
12.3846 -10.2086
12.6321 -10.2724
12.6842 -10.1986
12.7363 -10.1247
12.7883 -10.0508
12.8404 -9.97689
13.0345 -10.0031
13.0866 -9.92921
13.2425 -9.92851
13.3725 -9.90953
13.482 -9.87608
13.5764 -9.83203
13.6601 -9.78043
13.7362 -9.72346
13.8068 -9.66262
13.8733 -9.59895
13.9369 -9.53318
13.9983 -9.46583
14.0579 -9.39726
14.1162 -9.32776
14.1734 -9.25751
14.2298 -9.18667
14.2856 -9.11535
14.3407 -9.04365
14.3955 -8.97164
14.4498 -8.89937
14.5039 -8.82688
14.5577 -8.75421
14.6113 -8.68139
14.6647 -8.60844
14.7179 -8.53538
14.771 -8.46223
14.824 -8.389
14.9014 -8.3617
14.9884 -8.38383
15.0573 -8.48402
15.0702 -8.64518
15.0037 -8.8374
14.8522 -9.02585
14.6811 -9.20817
14.5101 -9.39049
14.339 -9.57281
14.168 -9.75513
13.9969 -9.93745
13.8259 -10.1198
13.6548 -10.3021
13.6548 -10.3021
13.6548 -10.3021
13.6548 -10.3021
13.6548 -10.3021
13.6548 -10.3021
13.6548 -10.3021
13.6548 -10.3021
13.6548 -10.3021
13.6548 -10.3021
13.6548 -10.3021
13.6548 -10.3021
13.6548 -10.3021
13.6548 -10.3021
13.6548 -10.3021
13.6548 -10.3021
13.6548 -10.3021
13.6548 -10.3021
13.6548 -10.3021
13.6548 -10.3021
13.6548 -10.3021
13.6548 -10.3021
13.6548 -10.3021
13.6548 -10.3021
13.6548 -10.3021
13.6548 -10.3021
13.6548 -10.3021
13.6548 -10.3021
13.6548 -10.3021
13.6548 -10.3021
13.6548 -10.3021
13.6548 -10.3021
13.6548 -10.3021
13.6548 -10.3021
13.6548 -10.3021
13.6548 -10.3021
13.6548 -10.3021
13.6548 -10.3021
13.6548 -10.3021
13.6548 -10.3021
13.6548 -10.3021
13.6548 -10.3021
13.6548 -10.3021
13 -11