-5 7
-4.9747 7.06434
-4.81821 7.25931
-4.66173 7.45428
-4.50524 7.64924
-4.34875 7.84421
-4.19227 8.03918
-4.03578 8.23414
-3.87929 8.42911
-3.72281 8.62407
-3.56632 8.81904
-3.40983 9.01401
-3.25335 9.20897
-3.09686 9.40394
-2.94037 9.59891
-2.78389 9.79387
-2.6274 9.98884
-2.47091 10.1838
-2.31443 10.3788
-2.15794 10.5737
-2.00145 10.7687
-1.84496 10.9637
-1.68848 11.1586
-1.53199 11.3536
-1.3755 11.5486
-1.21902 11.7435
-1.06253 11.9385
-0.906044 12.1335
-0.749558 12.3284
-0.593071 12.5234
-0.436584 12.7184
-0.280098 12.9133
-0.123611 13.1083
0.0328758 13.3033
0.189363 13.4982
0.345849 13.6932
0.502336 13.8882
0.658823 14.0831
0.815309 14.2781
0.971796 14.4731
1.12828 14.668
1.28477 14.863
1.44126 15.058
1.59774 15.2529
1.75423 15.4479
1.91072 15.6429
2.0672 15.8378
2.22369 16.0328
2.38018 16.2278
2.38018 16.2278
2.38018 16.2278
2.38018 16.2278
2.38018 16.2278
2.38018 16.2278
2.38018 16.2278
2.38018 16.2278
2.38018 16.2278
2.38018 16.2278
2.38018 16.2278
2.38018 16.2278
2.38018 16.2278
2.38018 16.2278
2.38018 16.2278
2.38018 16.2278
2.38018 16.2278
2.38018 16.2278
2.38018 16.2278
2.38018 16.2278
2.38018 16.2278
2.38018 16.2278
2.38018 16.2278
2.38018 16.2278
2.38018 16.2278
2.38018 16.2278
2.38018 16.2278
2.38018 16.2278
2.38018 16.2278
2.38018 16.2278
2.38018 16.2278
2.38018 16.2278
2.38018 16.2278
2.38018 16.2278
2.38018 16.2278
2.38018 16.2278
2.38018 16.2278
2.38018 16.2278
2.38018 16.2278
2.38018 16.2278
2.38018 16.2278
2.38018 16.2278
2.38018 16.2278
2.38018 16.2278
2.38018 16.2278
2.38018 16.2278
2.38018 16.2278
2.38018 16.2278
2.38018 16.2278
2.38018 16.2278
2.38018 16.2278
2.38018 16.2278
2.38018 16.2278
2.38018 16.2278
2.38018 16.2278
2.38018 16.2278
2.38018 16.2278
2.38018 16.2278
2.38018 16.2278
2.38018 16.2278
2.38018 16.2278
2.38018 16.2278
2.38018 16.2278
2.38018 16.2278
2.38018 16.2278
2.38018 16.2278
2.38018 16.2278
2.38018 16.2278
2.38018 16.2278
2.38018 16.2278
2.38018 16.2278
3 17