-14 -4
-13.8536 -4.20267
-13.7073 -4.40534
-13.5609 -4.60801
-13.4145 -4.81068
-13.2681 -5.01335
-13.1218 -5.21602
-12.9754 -5.41869
-12.829 -5.62136
-12.6826 -5.82403
-12.5363 -6.0267
-12.3899 -6.22937
-12.2435 -6.43204
-12.0972 -6.63471
-11.9508 -6.83737
-11.8044 -7.04004
-11.658 -7.24271
-11.5117 -7.44538
-11.3653 -7.64805
-11.2189 -7.85072
-11.0725 -8.05339
-10.9262 -8.25606
-10.7798 -8.45873
-10.6334 -8.6614
-10.4871 -8.86407
-10.3407 -9.06674
-10.1943 -9.26941
-10.0479 -9.47208
-9.90156 -9.67475
-9.75519 -9.87742
-9.60882 -10.0801
-9.46244 -10.2828
-9.31607 -10.4854
-9.1697 -10.6881
-9.02332 -10.8908
-8.87695 -11.0934
-8.73058 -11.2961
-8.58421 -11.4988
-8.43783 -11.7015
-8.29146 -11.9041
-8.14509 -12.1068
-7.99872 -12.3095
-7.85234 -12.5121
-7.70597 -12.7148
-7.5596 -12.9175
-7.41322 -13.1201
-7.26685 -13.3228
-7.12048 -13.5255
-6.97411 -13.7282
-6.82773 -13.9308
-6.68136 -14.1335
-6.53499 -14.3362
-6.38861 -14.5388
-6.24224 -14.7415
-6.09587 -14.9442
-5.9495 -15.1468
-5.80312 -15.3495
-5.65675 -15.5522
-5.51038 -15.7549
-5.36401 -15.9575
-5.21763 -16.1602
-5.07126 -16.3629
-4.92489 -16.5655
-4.77851 -16.7682
-4.63214 -16.9709
-4.48577 -17.1735
-4.3394 -17.3762
-4.19303 -17.5789
-4.04665 -17.7815
-3.90028 -17.9842
-3.75391 -18.1869
-3.60754 -18.3896
-3.46116 -18.5922
-3.31479 -18.7949
-3.16842 -18.9976
-3.02205 -19.2002
-2.87567 -19.4029
-2.7293 -19.6056
-2.58293 -19.8082
-2.43656 -20.0109
-2.29019 -20.2136
-2.14381 -20.4163
-1.99744 -20.6189
-1.85107 -20.8216
-1.7047 -21.0243
-1.55832 -21.2269
-1.55832 -21.2269
-1.55832 -21.2269
-1.55832 -21.2269
-1.55832 -21.2269
-1.55832 -21.2269
-1.55832 -21.2269
-1.55832 -21.2269
-1.55832 -21.2269
-1.55832 -21.2269
-1.55832 -21.2269
-1.55832 -21.2269
-1.55832 -21.2269
-1.55832 -21.2269
-1.55832 -21.2269
-1.55832 -21.2269
-1.55832 -21.2269
-1.55832 -21.2269
-1.55832 -21.2269
-1.55832 -21.2269
-1.55832 -21.2269
-1.55832 -21.2269
-1.55832 -21.2269
-1.55832 -21.2269
-1.55832 -21.2269
-1.55832 -21.2269
-1.55832 -21.2269
-1.55832 -21.2269
-1.55832 -21.2269
-1.55832 -21.2269
-1.55832 -21.2269
-1.55832 -21.2269
-1.55832 -21.2269
-1.55832 -21.2269
-1 -22