0 12
0.232119 11.9072
0.464238 11.8143
0.696358 11.7215
0.928477 11.6286
1.1606 11.5358
1.39272 11.4429
1.62483 11.3501
1.85695 11.2572
2.08907 11.1644
2.32119 11.0715
2.55331 10.9787
2.78543 10.8858
3.01755 10.793
3.24967 10.7001
3.48179 10.6073
3.71391 10.5144
3.94603 10.4216
4.17814 10.3287
4.41026 10.2359
4.64238 10.143
4.8745 10.0502
5.10662 9.95735
5.33874 9.8645
5.57086 9.77165
5.80298 9.6788
6.0351 9.58596
6.26722 9.49311
6.49934 9.40026
6.73145 9.30741
6.96357 9.21457
7.19569 9.12172
7.42781 9.02887
7.65993 8.93602
7.89205 8.84317
8.12417 8.75033
8.35629 8.65748
8.58841 8.56463
8.82053 8.47178
9.05265 8.37893
9.28477 8.28609
9.51689 8.19324
9.74901 8.10039
9.98113 8.00754
10.2132 7.9147
10.4454 7.82185
10.6775 7.729
10.9096 7.63615
11.1417 7.54331
11.3738 7.45046
11.606 7.35761
11.8381 7.26476
12.0702 7.17192
12.3023 7.07907
12.5344 6.98622
12.7666 6.89337
12.9987 6.80053
13.2308 6.70768
13.4629 6.61483
13.695 6.52198
13.9272 6.42914
14.1593 6.33629
14.1593 6.33629
14.1593 6.33629
14.1593 6.33629
14.1593 6.33629
14.1593 6.33629
14.1593 6.33629
14.1593 6.33629
14.1593 6.33629
14.1593 6.33629
14.1593 6.33629
14.1593 6.33629
14.1593 6.33629
14.1593 6.33629
14.1593 6.33629
14.1593 6.33629
14.1593 6.33629
14.1593 6.33629
14.1593 6.33629
14.1593 6.33629
14.1593 6.33629
14.1593 6.33629
14.1593 6.33629
14.1593 6.33629
14.1593 6.33629
14.1593 6.33629
14.1593 6.33629
14.1593 6.33629
14.1593 6.33629
14.1593 6.33629
14.1593 6.33629
14.1593 6.33629
14.1593 6.33629
14.1593 6.33629
14.1593 6.33629
14.1593 6.33629
14.1593 6.33629
14.1593 6.33629
14.1593 6.33629
14.1593 6.33629
14.1593 6.33629
14.1593 6.33629
14.1593 6.33629
14.1593 6.33629
14.1593 6.33629
14.1593 6.33629
14.1593 6.33629
14.1593 6.33629
14.1593 6.33629
14.1593 6.33629
14.1593 6.33629
14.1593 6.33629
14.1593 6.33629
14.1593 6.33629
14.1593 6.33629
14.1593 6.33629
14.1593 6.33629
14.1593 6.33629
15 6