22 -23
21.869 -22.7871
21.738 -22.5742
21.6069 -22.3613
21.4759 -22.1483
21.3449 -21.9354
21.2139 -21.7225
21.0828 -21.5096
20.9518 -21.2967
20.8208 -21.0838
20.6898 -20.8708
20.5587 -20.6579
20.4277 -20.445
20.2967 -20.2321
20.1657 -20.0192
20.03 -19.8129
19.8943 -19.6066
19.7586 -19.4004
19.623 -19.1942
19.4874 -18.988
19.3518 -18.7818
19.2162 -18.5756
19.0807 -18.3694
18.9452 -18.1633
18.8097 -17.9572
18.6742 -17.7511
18.5388 -17.545
18.4037 -17.3391
18.2683 -17.1331
18.1329 -16.9271
17.9976 -16.7211
17.8623 -16.5152
17.727 -16.3093
17.5917 -16.1034
17.4565 -15.8975
17.3213 -15.6917
17.1861 -15.4858
17.051 -15.28
16.9159 -15.0743
16.7808 -14.8685
16.6458 -14.6628
16.5108 -14.4571
16.3759 -14.2514
16.241 -14.0458
16.1061 -13.8402
15.9713 -13.6346
15.8365 -13.429
15.7018 -13.2235
15.5671 -13.018
15.4324 -12.8125
15.2978 -12.6071
15.1633 -12.4017
15.0288 -12.1963
14.8943 -11.991
14.7599 -11.7857
14.6255 -11.5804
14.4912 -11.3752
14.357 -11.17
14.2228 -10.9649
14.0887 -10.7598
13.9546 -10.5547
13.8206 -10.3497
13.6867 -10.1448
13.5528 -9.93985
13.4268 -9.72394
13.3007 -9.50803
13.1747 -9.29212
13.0487 -9.0762
12.9227 -8.86029
12.7966 -8.64438
12.6706 -8.42847
12.5446 -8.21256
12.4186 -7.99664
12.2925 -7.78073
12.1665 -7.56482
12.0405 -7.34891
11.9145 -7.133
11.7884 -6.91708
11.6624 -6.70117
11.5364 -6.48526
11.4104 -6.26935
11.2843 -6.05344
11.1583 -5.83753
11.0323 -5.62161
10.9063 -5.4057
10.7803 -5.18979
10.6542 -4.97388
10.5282 -4.75797
10.4022 -4.54205
10.2762 -4.32614
10.1501 -4.11023
10.0241 -3.89432
9.89808 -3.67841
9.77206 -3.4625
9.64603 -3.24658
9.52001 -3.03067
9.39398 -2.81476
9.26796 -2.59885
9.14194 -2.38294
9.01591 -2.16703
8.88989 -1.95111
8.76386 -1.7352
8.63784 -1.51929
8.51181 -1.30338
8.38579 -1.08747
8.25977 -0.871555
8.13374 -0.655643
8.00772 -0.439731
7.88169 -0.223819
7.75567 -0.00790766
7.62964 0.208004
7.50362 0.423916
7.3776 0.639828
7.25157 0.855739
7.12555 1.07165
6.99952 1.28756
6.8735 1.50347
6.74747 1.71939
6.62145 1.9353
6 3