1 25
1.01136 24.9285
1.08631 24.7074
1.16832 24.4713
1.25032 24.2351
1.33233 23.999
1.41434 23.7628
1.49635 23.5266
1.57836 23.2905
1.66037 23.0543
1.74238 22.8181
1.82439 22.582
1.9064 22.3458
1.98841 22.1096
2.07041 21.8735
2.15242 21.6373
2.23443 21.4011
2.31644 21.165
2.39845 20.9288
2.48046 20.6926
2.56247 20.4565
2.64448 20.2203
2.72648 19.9841
2.80849 19.748
2.8905 19.5118
2.97251 19.2756
3.05452 19.0395
3.13653 18.8033
3.21854 18.5671
3.30055 18.331
3.38256 18.0948
3.46456 17.8586
3.54657 17.6225
3.62858 17.3863
3.71059 17.1501
3.7926 16.914
3.87461 16.6778
3.95662 16.4416
4.03863 16.2055
4.12064 15.9693
4.20264 15.7331
4.28465 15.497
4.36666 15.2608
4.44867 15.0246
4.53068 14.7885
4.61269 14.5523
4.6947 14.3161
4.77671 14.08
4.85871 13.8438
4.94072 13.6076
5.02273 13.3715
5.10474 13.1353
5.18675 12.8991
5.26876 12.663
5.35077 12.4268
5.43278 12.1907
5.51479 11.9545
5.59679 11.7183
5.6788 11.4822
5.76081 11.246
5.84282 11.0098
5.92483 10.7737
6.00684 10.5375
6.08885 10.3013
6.17086 10.0652
6.25286 9.82899
6.33487 9.59282
6.41688 9.35666
6.49889 9.12049
6.5809 8.88433
6.66291 8.64816
6.74492 8.41199
6.82693 8.17583
6.90893 7.93966
6.99094 7.7035
7.07295 7.46733
7.15496 7.23116
7.23697 6.995
7.31898 6.75883
7.40099 6.52266
7.483 6.2865
7.56501 6.05033
7.64701 5.81416
7.72902 5.578
7.81103 5.34183
7.89304 5.10566
7.97505 4.8695
8.05706 4.63333
8.13907 4.39716
8.22108 4.161
8.30309 3.92483
8.3851 3.68867
8.4671 3.4525
8.54911 3.21633
8.63112 2.98017
8.71313 2.744
8.79514 2.50783
8.87715 2.27167
8.95916 2.0355
9.04117 1.79933
9.12318 1.56317
9.20519 1.327
9.2872 1.09084
9.36921 0.854669
9.45122 0.618503
9.53323 0.382336
9.61524 0.14617
9.69724 -0.0899962
9.77925 -0.326163
9.86126 -0.562329
9.94327 -0.798495
10.0253 -1.03466
10.1073 -1.27083
10.1893 -1.50699
10.2713 -1.74316
10.3533 -1.97933
10.4353 -2.21549
10.5173 -2.45166
10.5993 -2.68783
10.6814 -2.92399
10.7634 -3.16016
10.8454 -3.39633
10.9274 -3.63249
11.0094 -3.86866
11.0914 -4.10482
11.1734 -4.34099
11.2554 -4.57716
11.3374 -4.81332
11.4194 -5.04949
11.5014 -5.28566
11.5834 -5.52182
11.6655 -5.75799
11.7475 -5.99416
11.8295 -6.23032
11.9115 -6.46649
11.9935 -6.70266
12.0755 -6.93882
12.1575 -7.17499
12.2395 -7.41116
12.3215 -7.64732
12.4035 -7.88349
12.4855 -8.11965
12.5676 -8.35582
12.6496 -8.59199
12.7316 -8.82815
12.8136 -9.06432
12.8956 -9.30048
12.9776 -9.53665
13.0596 -9.77282
13.1416 -10.009
13.2236 -10.2451
13.3056 -10.4813
13.3876 -10.7175
13.4697 -10.9536
13.5517 -11.1898
13.6337 -11.426
13.7157 -11.6621
13.7977 -11.8983
13.8797 -12.1345
13.9617 -12.3706
14.0437 -12.6068
14.1257 -12.843
14.2077 -13.0791
14.2897 -13.3153
14.3717 -13.5515
14.4538 -13.7876
14.5358 -14.0238
14.6178 -14.26
14.6998 -14.4961
14.7818 -14.7323
14.8638 -14.9685
14.9458 -15.2046
15.0278 -15.4408
15.1098 -15.677
15.1918 -15.9131
15.2738 -16.1493
15.3559 -16.3855
15.4379 -16.6216
15.5199 -16.8578
15.6019 -17.094
15.6839 -17.3301
15.7659 -17.5663
15.8479 -17.8025
15.9299 -18.0386
16.0119 -18.2748
16.0939 -18.511
16.1759 -18.7471
16.2579 -18.9833
16.34 -19.2195
16.422 -19.4556
16.504 -19.6918
16.586 -19.928
16.668 -20.1641
16.75 -20.4003
16.832 -20.6365
16.914 -20.8726
16.996 -21.1088
17.078 -21.345
17.16 -21.5811
17.242 -21.8173
17.3241 -22.0534
17.4061 -22.2896
17.4881 -22.5258
17.5701 -22.7619
17.6521 -22.9981
18 -24