-11 -21
-10.983 -20.7506
-10.966 -20.5012
-10.949 -20.2517
-10.932 -20.0023
-10.915 -19.7529
-10.898 -19.5035
-10.881 -19.2541
-10.864 -19.0046
-10.8469 -18.7552
-10.8299 -18.5058
-10.8129 -18.2564
-10.7959 -18.007
-10.7789 -17.7575
-10.7619 -17.5081
-10.7449 -17.2587
-10.7279 -17.0093
-10.7109 -16.7599
-10.6939 -16.5104
-10.6769 -16.261
-10.6599 -16.0116
-10.6429 -15.7622
-10.6259 -15.5128
-10.6089 -15.2633
-10.6115 -15.0271
-10.6141 -14.7909
-10.6167 -14.5547
-10.6192 -14.3186
-10.6217 -14.0826
-10.6242 -13.8467
-10.6266 -13.6108
-10.6289 -13.375
-10.6313 -13.1392
-10.6335 -12.9036
-10.6357 -12.6679
-10.6379 -12.4324
-10.64 -12.1969
-10.6421 -11.9615
-10.6442 -11.7262
-10.6404 -11.4871
-10.6336 -11.246
-10.6252 -11.0039
-10.6159 -10.7612
-10.6061 -10.5183
-10.596 -10.2752
-10.5858 -10.0321
-10.5754 -9.78892
-10.565 -9.54576
-10.5545 -9.3026
-10.544 -9.05945
-10.5334 -8.81632
-10.5227 -8.57321
-10.512 -8.33011
-10.5013 -8.08704
-10.4905 -7.84398
-10.4796 -7.60093
-10.4687 -7.3579
-10.4577 -7.11488
-10.4466 -6.87185
-10.4262 -6.62269
-10.4058 -6.37352
-10.3854 -6.12436
-10.365 -5.87519
-10.3446 -5.62603
-10.3242 -5.37686
-10.3038 -5.1277
-10.2834 -4.87853
-10.263 -4.62936
-10.2426 -4.3802
-10.2221 -4.13103
-10.2017 -3.88187
-10.1813 -3.6327
-10.1609 -3.38354
-10.1405 -3.13437
-10.1201 -2.88521
-10.0997 -2.63604
-10.0793 -2.38687
-10.0589 -2.13771
-10.0385 -1.88854
-10.0181 -1.63938
-9.99766 -1.39021
-9.97725 -1.14105
-9.95685 -0.89188
-9.93644 -0.642715
-9.91603 -0.393549
-9.89562 -0.144383
-9.87522 0.104782
-9.85481 0.353948
-9.8344 0.603114
-9.81399 0.852279
-9.79358 1.10144
-9.77318 1.35061
-9.75277 1.59978
-9.73236 1.84894
-9.71195 2.09811
-9.69155 2.34727
-9.67114 2.59644
-9.65073 2.8456
-9.63032 3.09477
-9.60992 3.34394
-9.58951 3.5931
-9.5691 3.84227
-9.54869 4.09143
-9.52829 4.3406
-9.50788 4.58976
-9.48747 4.83893
-9.46706 5.08809
-9.44665 5.33726
-9.42625 5.58643
-9.40584 5.83559
-9.38543 6.08476
-9.36502 6.33392
-9.34462 6.58309
-9.32421 6.83225
-9.3038 7.08142
-9.28339 7.33058
-9.26299 7.57975
-9.24258 7.82892
-9.22217 8.07808
-9.20176 8.32725
-9.18135 8.57641
-9.16095 8.82558
-9.14054 9.07474
-9.12013 9.32391
-9.09972 9.57307
-9.07932 9.82224
-9.05891 10.0714
-9.0385 10.3206
-9.01809 10.5697
-8.99769 10.8189
-8.97728 11.0681
-8.95687 11.3172
-8.93646 11.5664
-8.91605 11.8156
-8.89565 12.0647
-8.87524 12.3139
-8.85483 12.5631
-8.83442 12.8122
-8.81402 13.0614
-8.79361 13.3106
-8.7732 13.5597
-8.75279 13.8089
-8.73239 14.0581
-8.71198 14.3072
-8.69157 14.5564
-8.67116 14.8056
-8.65075 15.0547
-8.63035 15.3039
-8.60994 15.553
-8.58953 15.8022
-8.56912 16.0514
-8.54872 16.3005
-8.52831 16.5497
-8.5079 16.7989
-8.48749 17.048
-8.46709 17.2972
-8.44668 17.5464
-8.42627 17.7955
-8.40586 18.0447
-8.38546 18.2939
-8.36505 18.543
-8.34464 18.7922
-8.32423 19.0414
-8.30382 19.2905
-8.28342 19.5397
-8.26301 19.7889
-8.2426 20.038
-8.22219 20.2872
-8.20179 20.5364
-8.18138 20.7855
-8.16097 21.0347
-8.14056 21.2839
-8.12015 21.533
-8.09974 21.7822
-8.07934 22.0314
-8.06508 22.0579
-8.06508 22.0579
-8.06508 22.0579
-8.06508 22.0579
-8.06508 22.0579
-8.06508 22.0579
-8.06508 22.0579
-8.06508 22.0579
-8.06508 22.0579
-8.06508 22.0579
-8.06508 22.0579
-8.06508 22.0579
-8.06508 22.0579
-8.06508 22.0579
-8.06508 22.0579
-8.06508 22.0579
-8.06508 22.0579
-8.06508 22.0579
-8.06508 22.0579
-8.06508 22.0579
-8.06508 22.0579
-8.06508 22.0579
-8.06508 22.0579
-8.06508 22.0579
-8.06508 22.0579
-8.06508 22.0579
-8.06508 22.0579
-8.06508 22.0579
-8.06508 22.0579
-8.06508 22.0579
-8 23