-22 1
-21.7863 0.870255
-21.5726 0.740511
-21.3589 0.610766
-21.1452 0.481022
-20.9315 0.351277
-20.7178 0.221533
-20.5041 0.0917883
-20.2904 -0.0379563
-20.0767 -0.167701
-19.863 -0.297445
-19.6493 -0.42719
-19.4356 -0.556935
-19.2219 -0.686679
-19.0082 -0.816424
-18.7945 -0.946168
-18.5808 -1.07591
-18.3671 -1.20566
-18.1534 -1.3354
-17.9397 -1.46515
-17.7261 -1.59489
-17.5124 -1.72464
-17.2987 -1.85438
-17.085 -1.98412
-16.8516 -2.10072
-16.6182 -2.21738
-16.3847 -2.33411
-16.1512 -2.45091
-15.9177 -2.56779
-15.6841 -2.68475
-15.4504 -2.80178
-15.2167 -2.91888
-14.9829 -3.03607
-14.7491 -3.15334
-14.5153 -3.27069
-14.2813 -3.38812
-14.0474 -3.50563
-13.8133 -3.62323
-13.5727 -3.72699
-13.3321 -3.83082
-13.0914 -3.93471
-12.8506 -4.03867
-12.6098 -4.14271
-12.3689 -4.24681
-12.1279 -4.35098
-11.8868 -4.45523
-11.6457 -4.55955
-11.4045 -4.66395
-11.1632 -4.76842
-10.9218 -4.87297
-10.6804 -4.97759
-10.4389 -5.0823
-10.1972 -5.18709
-9.95556 -5.29195
-9.7138 -5.3969
-9.47194 -5.50194
-9.23001 -5.60706
-8.98798 -5.71226
-8.74587 -5.81755
-8.50367 -5.92293
-8.26138 -6.0284
-8.019 -6.13396
-7.77652 -6.23962
-7.53395 -6.34536
-7.29129 -6.4512
-7.04854 -6.55713
-6.80568 -6.66316
-6.56273 -6.76929
-6.31968 -6.87551
-6.08104 -6.9889
-5.88065 -7.13837
-5.68025 -7.28784
-5.47986 -7.43731
-5.27946 -7.58679
-5.07907 -7.73626
-4.87867 -7.88573
-4.67828 -8.0352
-4.47788 -8.18468
-4.27749 -8.33415
-4.07709 -8.48362
-3.8767 -8.63309
-3.6763 -8.78256
-3.47591 -8.93204
-3.27551 -9.08151
-3.07512 -9.23098
-2.87472 -9.38045
-2.67433 -9.52993
-2.47393 -9.6794
-2.27354 -9.82887
-2.07314 -9.97834
-1.87275 -10.1278
-1.67236 -10.2773
-1.47196 -10.4268
-1.27157 -10.5762
-1.07117 -10.7257
-0.870776 -10.8752
-0.670381 -11.0246
-0.469986 -11.1741
-0.269591 -11.3236
-0.0691961 -11.4731
0.131199 -11.6225
0.331594 -11.772
0.531989 -11.9215
0.732384 -12.071
0.932779 -12.2204
1.13317 -12.3699
1.33357 -12.5194
1.53396 -12.6688
1.73436 -12.8183
1.93475 -12.9678
2.13515 -13.1173
2.33554 -13.2667
2.53594 -13.4162
2.73633 -13.5657
2.93673 -13.7151
3.13712 -13.8646
3.33752 -14.0141
3.53791 -14.1636
3.73831 -14.313
3.9387 -14.4625
4.1391 -14.612
4.33949 -14.7615
4.53989 -14.9109
4.74028 -15.0604
4.94068 -15.2099
5.14107 -15.3593
5.34147 -15.5088
5.33415 -15.5552
5.33415 -15.5552
5.33415 -15.5552
5.33415 -15.5552
5.33415 -15.5552
5.33415 -15.5552
5.33415 -15.5552
5.33415 -15.5552
5.33415 -15.5552
5.33415 -15.5552
5.33415 -15.5552
5.33415 -15.5552
5.33415 -15.5552
5.33415 -15.5552
5.33415 -15.5552
5.33415 -15.5552
5.33415 -15.5552
5.33415 -15.5552
5.33415 -15.5552
5.33415 -15.5552
5.33415 -15.5552
5.33415 -15.5552
5.33415 -15.5552
5.33415 -15.5552
5.33415 -15.5552
5.33415 -15.5552
5.33415 -15.5552
5.33415 -15.5552
5.33415 -15.5552
5.33415 -15.5552
5.33415 -15.5552
5.33415 -15.5552
5.33415 -15.5552
5.33415 -15.5552
5.33415 -15.5552
5.33415 -15.5552
5.33415 -15.5552
5.33415 -15.5552
5.33415 -15.5552
5.33415 -15.5552
5.33415 -15.5552
5.33415 -15.5552
5.33415 -15.5552
5.33415 -15.5552
5.33415 -15.5552
5.33415 -15.5552
5.33415 -15.5552
5.33415 -15.5552
5.33415 -15.5552
5.33415 -15.5552
5.33415 -15.5552
5.33415 -15.5552
5.33415 -15.5552
5.33415 -15.5552
5.33415 -15.5552
5.33415 -15.5552
5.33415 -15.5552
5.33415 -15.5552
5.33415 -15.5552
5.33415 -15.5552
5.33415 -15.5552
5.33415 -15.5552
5.33415 -15.5552
5.33415 -15.5552
5.33415 -15.5552
5.33415 -15.5552
5.33415 -15.5552
5.33415 -15.5552
5.33415 -15.5552
5.33415 -15.5552
5.33415 -15.5552
5.33415 -15.5552
5.33415 -15.5552
5.33415 -15.5552
5.33415 -15.5552
5.33415 -15.5552
5.33415 -15.5552
5.33415 -15.5552
6 -16