4 18
4.09285 17.7679
4.1857 17.5358
4.27854 17.3036
4.37139 17.0715
4.46424 16.8394
4.55709 16.6073
4.64993 16.3752
4.74278 16.1431
4.83563 15.9109
4.92848 15.6788
5.02133 15.4467
5.11417 15.2146
5.20702 14.9825
5.29987 14.7503
5.39272 14.5182
5.48556 14.2861
5.57841 14.054
5.67126 13.8219
5.76411 13.5897
5.85696 13.3576
5.9498 13.1255
6.04265 12.8934
6.1355 12.6613
6.22835 12.4291
6.32119 12.197
6.41404 11.9649
6.50689 11.7328
6.59974 11.5007
6.69258 11.2685
6.78543 11.0364
6.87828 10.8043
6.97113 10.5722
7.06398 10.3401
7.15682 10.1079
7.24967 9.87582
7.34252 9.6437
7.43537 9.41158
7.52821 9.17946
7.62106 8.94734
7.71391 8.71523
7.8005 8.56473
7.89317 8.47692
7.97481 8.45937
8.02555 8.47078
8.06423 8.47962
8.09667 8.48709
8.12586 8.49385
8.15337 8.50023
8.18 8.50642
8.20617 8.5125
8.2321 8.51853
8.25791 8.52454
8.28365 8.53052
8.30936 8.5365
8.33505 8.54248
8.36073 8.54846
8.3864 8.55443
8.41207 8.5604
8.43774 8.56638
8.46341 8.57235
8.48907 8.57832
8.51474 8.58429
8.54041 8.59027
8.56608 8.59624
8.59174 8.60221
8.61741 8.60818
8.64308 8.61415
8.66874 8.62013
8.69441 8.6261
8.72008 8.63207
8.74575 8.63804
8.77141 8.64401
8.82149 8.54403
8.82149 8.54403
8.82149 8.54403
8.82149 8.54403
8.82149 8.54403
8.82149 8.54403
8.82149 8.54403
8.82149 8.54403
8.82149 8.54403
8.82149 8.54403
8.82149 8.54403
8.82149 8.54403
8.82149 8.54403
8.82149 8.54403
8.82149 8.54403
8.82149 8.54403
8.82149 8.54403
8.82149 8.54403
8.82149 8.54403
8.82149 8.54403
8.82149 8.54403
8.82149 8.54403
8.82149 8.54403
8.82149 8.54403
8.82149 8.54403
8.82149 8.54403
8.82149 8.54403
8.82149 8.54403
8.82149 8.54403
8.82149 8.54403
8.82149 8.54403
8.82149 8.54403
8.82149 8.54403
8.82149 8.54403
8.82149 8.54403
8.82149 8.54403
8.82149 8.54403
8.82149 8.54403
8.82149 8.54403
8.82149 8.54403
8.82149 8.54403
8.82149 8.54403
8.82149 8.54403
8.82149 8.54403
8.82149 8.54403
8.82149 8.54403
8.82149 8.54403
8.82149 8.54403
8.82149 8.54403
8.82149 8.54403
8.82149 8.54403
8.82149 8.54403
8.82149 8.54403
8.82149 8.54403
8.82149 8.54403
8.82149 8.54403
8.82149 8.54403
8.82149 8.54403
8.82149 8.54403
8.82149 8.54403
8.82149 8.54403
8.82149 8.54403
8.82149 8.54403
8.82149 8.54403
8.82149 8.54403
8.82149 8.54403
8.82149 8.54403
8.82149 8.54403
8.82149 8.54403
8.82149 8.54403
8.82149 8.54403
8.82149 8.54403
8.82149 8.54403
8.82149 8.54403
8.82149 8.54403
8.82149 8.54403
8.82149 8.54403
8.82149 8.54403
8.82149 8.54403
8.82149 8.54403
8.82149 8.54403
8.82149 8.54403
8.82149 8.54403
8.82149 8.54403
8.82149 8.54403
8.82149 8.54403
8.82149 8.54403
8.82149 8.54403
8.82149 8.54403
8.82149 8.54403
8.82149 8.54403
8.82149 8.54403
8.82149 8.54403
8.82149 8.54403
8.82149 8.54403
8.82149 8.54403
8.82149 8.54403
8.82149 8.54403
8.82149 8.54403
8.82149 8.54403
8.82149 8.54403
8.82149 8.54403
8.82149 8.54403
8.82149 8.54403
8.82149 8.54403
8.82149 8.54403
8.82149 8.54403
8.82149 8.54403
8.82149 8.54403
8.82149 8.54403
8.82149 8.54403
8.82149 8.54403
8.82149 8.54403
8.82149 8.54403
8.82149 8.54403
8.82149 8.54403
8.82149 8.54403
8.82149 8.54403
8.82149 8.54403
8.82149 8.54403
8.82149 8.54403
8.82149 8.54403
8.82149 8.54403
8.82149 8.54403
8.82149 8.54403
8.82149 8.54403
8.82149 8.54403
8.82149 8.54403
8.82149 8.54403
8.82149 8.54403
8.82149 8.54403
8.82149 8.54403
8 8