-2 -24
-2.02589 -23.7817
-2.10692 -23.5452
-2.18796 -23.3087
-2.269 -23.0722
-2.35004 -22.8357
-2.43108 -22.5992
-2.51212 -22.3627
-2.59316 -22.1262
-2.67419 -21.8897
-2.75523 -21.6532
-2.83627 -21.4167
-2.91731 -21.1802
-2.99835 -20.9437
-3.07939 -20.7072
-3.16043 -20.4707
-3.24147 -20.2342
-3.3225 -19.9977
-3.40354 -19.7612
-3.48458 -19.5247
-3.56562 -19.2882
-3.64666 -19.0517
-3.7277 -18.8152
-3.80874 -18.5787
-3.88978 -18.3422
-3.97081 -18.1057
-4.05185 -17.8692
-4.13289 -17.6327
-4.21393 -17.3962
-4.29497 -17.1597
-4.37601 -16.9232
-4.45705 -16.6867
-4.53808 -16.4502
-4.61912 -16.2137
-4.70016 -15.9772
-4.7812 -15.7407
-4.86224 -15.5042
-4.94328 -15.2677
-5.03448 -15.0414
-5.12566 -14.8151
-5.21681 -14.5889
-5.30793 -14.3627
-5.39902 -14.1366
-5.49007 -13.9104
-5.5811 -13.6844
-5.67209 -13.4583
-5.76304 -13.2323
-5.85397 -13.0063
-5.94486 -12.7803
-6.03571 -12.5544
-6.12653 -12.3285
-6.21732 -12.1026
-6.30807 -11.8768
-6.39878 -11.651
-6.48945 -11.4253
-6.58009 -11.1996
-6.67069 -10.9739
-6.76125 -10.7483
-6.85177 -10.5227
-6.94225 -10.2971
-7.03269 -10.0716
-7.12309 -9.84617
-7.21344 -9.62074
-7.30375 -9.39536
-7.39402 -9.17001
-7.48425 -8.94472
-7.57443 -8.71946
-7.66456 -8.49426
-7.75465 -8.2691
-7.83919 -8.03799
-7.91667 -7.8003
-7.99414 -7.5626
-8.07161 -7.32491
-8.14908 -7.08722
-8.22656 -6.84952
-8.30403 -6.61183
-8.3815 -6.37414
-8.45897 -6.13645
-8.53645 -5.89875
-8.61392 -5.66106
-8.69139 -5.42337
-8.76887 -5.18567
-8.84634 -4.94798
-8.92381 -4.71029
-9.00128 -4.4726
-9.07876 -4.2349
-9.15623 -3.99721
-9.2337 -3.75952
-9.31117 -3.52182
-9.38865 -3.28413
-9.46612 -3.04644
-9.54359 -2.80875
-9.62107 -2.57105
-9.69854 -2.33336
-9.77601 -2.09567
-9.85348 -1.85797
-9.93096 -1.62028
-10.0084 -1.38259
-10.0859 -1.1449
-10.1634 -0.907203
-10.2408 -0.66951
-10.3183 -0.431817
-10.3958 -0.194124
-10.4733 0.0435691
-10.5507 0.281262
-10.6282 0.518955
-10.7057 0.756648
-10.7832 0.994341
-10.8606 1.23203
-10.9381 1.46973
-11.0156 1.70742
-11.093 1.94511
-11.1705 2.18281
-11.248 2.4205
-11.3255 2.65819
-11.4029 2.89588
-11.4804 3.13358
-11.5579 3.37127
-11.6354 3.60896
-11.7128 3.84666
-11.7903 4.08435
-11.8678 4.32204
-11.9452 4.55973
-12.0227 4.79743
-12.1002 5.03512
-12.1777 5.27281
-12.2551 5.51051
-12.3326 5.7482
-12.4101 5.98589
-12.4876 6.22358
-12.565 6.46128
-12.6425 6.69897
-12.72 6.93666
-12.7974 7.17436
-12.8749 7.41205
-12.9524 7.64974
-13.0299 7.88743
-13.1073 8.12513
-13.1848 8.36282
-13.2623 8.60051
-13.3398 8.83821
-13.4172 9.0759
-13.4947 9.31359
-13.5722 9.55128
-13.6497 9.78898
-13.7271 10.0267
-13.8046 10.2644
-13.8821 10.5021
-13.9595 10.7397
-14.037 10.9774
-14.1145 11.2151
-14.192 11.4528
-14.2694 11.6905
-14.3469 11.9282
-14.4244 12.1659
-14.5019 12.4036
-14.5793 12.6413
-14.6568 12.879
-14.7343 13.1167
-14.8118 13.3544
-14.8892 13.5921
-14.9667 13.8298
-15.0442 14.0674
-15.1216 14.3051
-15.1991 14.5428
-15.2766 14.7805
-15.3541 15.0182
-15.4315 15.2559
-15.509 15.4936
-15.5865 15.7313
-15.664 15.969
-15.7414 16.2067
-15.7414 16.2067
-15.7414 16.2067
-15.7414 16.2067
-15.7414 16.2067
-15.7414 16.2067
-15.7414 16.2067
-15.7414 16.2067
-15.7414 16.2067
-15.7414 16.2067
-15.7414 16.2067
-15.7414 16.2067
-15.7414 16.2067
-15.7414 16.2067
-15.7414 16.2067
-15.7414 16.2067
-15.7414 16.2067
-15.7414 16.2067
-15.7414 16.2067
-15.7414 16.2067
-15.7414 16.2067
-15.7414 16.2067
-15.7414 16.2067
-15.7414 16.2067
-15.7414 16.2067
-15.7414 16.2067
-15.7414 16.2067
-15.7414 16.2067
-15.7414 16.2067
-15.7414 16.2067
-15.7414 16.2067
-15.7414 16.2067
-15.7414 16.2067
-15.7414 16.2067
-16 17