-2 4
-1.96899 3.75193
-1.93798 3.50386
-1.90697 3.25579
-1.87597 3.00772
-1.84496 2.75965
-1.81395 2.51158
-1.78294 2.26351
-1.75193 2.01544
-1.72092 1.76737
-1.68991 1.5193
-1.6589 1.27124
-1.6279 1.02317
-1.59689 0.775096
-1.56588 0.527027
-1.53487 0.278958
-1.50386 0.0308881
-1.47285 -0.217181
-1.44184 -0.465251
-1.41083 -0.71332
-1.37983 -0.96139
-1.34882 -1.20946
-1.31781 -1.45753
-1.2868 -1.7056
-1.25579 -1.95367
-1.22478 -2.20174
-1.19377 -2.44981
-1.16277 -2.69788
-1.13176 -2.94595
-1.10075 -3.19402
-1.10075 -3.19402
-1.10075 -3.19402
-1.10075 -3.19402
-1.10075 -3.19402
-1.10075 -3.19402
-1.10075 -3.19402
-1.10075 -3.19402
-1.10075 -3.19402
-1.10075 -3.19402
-1.10075 -3.19402
-1.10075 -3.19402
-1.10075 -3.19402
-1.10075 -3.19402
-1.10075 -3.19402
-1.10075 -3.19402
-1.10075 -3.19402
-1.10075 -3.19402
-1.10075 -3.19402
-1.10094 -3.19409
-1.10294 -3.19459
-1.1065 -3.19508
-1.1112 -3.19513
-1.11654 -3.19443
-1.12189 -3.1929
-1.1272 -3.19129
-1.13251 -3.18968
-1.13782 -3.18806
-1.14313 -3.18645
-1.14844 -3.18484
-1.15375 -3.18322
-1.15906 -3.18161
-1.16437 -3.17999
-1.16968 -3.17838
-1.17499 -3.17677
-1.1803 -3.17515
-1.18561 -3.17354
-1.19092 -3.17193
-1.19624 -3.17031
-1.20155 -3.1687
-1.20686 -3.16709
-1.21217 -3.16547
-1.21748 -3.16386
-1.22279 -3.16224
-1.2281 -3.16063
-1.23341 -3.15902
-1.23872 -3.1574
-1.24403 -3.15579
-1.24934 -3.15418
-1.25465 -3.15256
-1.25996 -3.15095
-1.26527 -3.14934
-1.27058 -3.14772
-1.27589 -3.14611
-1.2812 -3.14449
-1.28651 -3.14288
-1.29182 -3.14127
-1.29714 -3.13965
-1.30245 -3.13804
-1.30776 -3.13643
-1.31307 -3.13481
-1.31838 -3.1332
-1.32369 -3.13159
-1.329 -3.12997
-1.33431 -3.12836
-1.33962 -3.12674
-1.34493 -3.12513
-1.35024 -3.12352
-1.35555 -3.1219
-1.36086 -3.12029
-1.36617 -3.11868
-1.37148 -3.11706
-1.37679 -3.11545
-1.3821 -3.11384
-1.38741 -3.11222
-1.39272 -3.11061
-1.39803 -3.109
-1.40334 -3.10738
-1.40866 -3.10577
-1.41397 -3.10415
-1.41928 -3.10254
-1.42329 -3.10261
-1.42329 -3.10261
-1.42329 -3.10261
-1.42329 -3.10261
-1.42329 -3.10261
-1.42329 -3.10261
-1.42329 -3.10261
-1.42329 -3.10261
-1.42329 -3.10261
-1.42329 -3.10261
-1.42329 -3.10261
-1.42329 -3.10261
-1.42329 -3.10261
-1.42329 -3.10261
-1.42329 -3.10261
-1.42329 -3.10261
-1.42329 -3.10261
-1.42329 -3.10261
-1.42329 -3.10261
-1.42329 -3.10261
-1.42329 -3.10261
-1.42329 -3.10261
-1.42329 -3.10261
-1.42329 -3.10261
-1.42329 -3.10261
-1.42329 -3.10261
-1.42329 -3.10261
-1.42329 -3.10261
-1.42329 -3.10261
-1.42329 -3.10261
-1.42329 -3.10261
-1.42329 -3.10261
-1.42329 -3.10261
-1.42329 -3.10261
-1.42329 -3.10261
-1.42329 -3.10261
-1.42329 -3.10261
-1.42329 -3.10261
-1.42329 -3.10261
-1.42329 -3.10261
-1.42329 -3.10261
-1.42329 -3.10261
-1.42329 -3.10261
-1.42329 -3.10261
-1.42329 -3.10261
-1.42329 -3.10261
-1.42329 -3.10261
-1.42329 -3.10261
-1.42329 -3.10261
-1.42329 -3.10261
-1.42329 -3.10261
-1.42329 -3.10261
-1.42329 -3.10261
-1.42329 -3.10261
-1.42329 -3.10261
-1.42329 -3.10261
-1.42329 -3.10261
-1.42329 -3.10261
-1.42329 -3.10261
-1.42329 -3.10261
-1.42329 -3.10261
-1.42329 -3.10261
-1.42329 -3.10261
-1.42329 -3.10261
-1.42329 -3.10261
-1.42329 -3.10261
-1.42329 -3.10261
-1.42329 -3.10261
-1.42329 -3.10261
-1.42329 -3.10261
-1.42329 -3.10261
-1.42329 -3.10261
-1.42329 -3.10261
-1.42329 -3.10261
-1.42329 -3.10261
-1.42329 -3.10261
-1.42329 -3.10261
-1.42329 -3.10261
-1.42329 -3.10261
-1.42329 -3.10261
-1.42329 -3.10261
-1.42329 -3.10261
-1.42329 -3.10261
-1.42329 -3.10261
-1.42329 -3.10261
-1.42329 -3.10261
-1.42329 -3.10261
-1.42329 -3.10261
-1 -4