-9 -14
-9.03318 -13.7841
-9.13969 -13.5579
-9.24619 -13.3317
-9.3527 -13.1055
-9.4592 -12.8793
-9.56571 -12.6532
-9.67221 -12.427
-9.77872 -12.2008
-9.88523 -11.9746
-9.99173 -11.7484
-10.0982 -11.5223
-10.2047 -11.2961
-10.3112 -11.0699
-10.4178 -10.8437
-10.5243 -10.6176
-10.6308 -10.3914
-10.7373 -10.1652
-10.8438 -9.93902
-10.9503 -9.71285
-11.0568 -9.48667
-11.1633 -9.26049
-11.2698 -9.03431
-11.3763 -8.80813
-11.4828 -8.58195
-11.5893 -8.35578
-11.6958 -8.1296
-11.8023 -7.90342
-11.9088 -7.67724
-12.0153 -7.45106
-12.1218 -7.22489
-12.2283 -6.99871
-12.3348 -6.77253
-12.4414 -6.54635
-12.5479 -6.32017
-12.6544 -6.094
-12.7609 -5.86782
-12.8674 -5.64164
-12.9739 -5.41546
-13.0804 -5.18928
-13.1869 -4.9631
-13.2934 -4.73693
-13.3999 -4.51075
-13.5064 -4.28457
-13.6129 -4.05839
-13.7194 -3.83221
-13.8259 -3.60603
-13.9324 -3.37986
-14.0389 -3.15368
-14.1454 -2.9275
-14.2519 -2.70132
-14.3585 -2.47514
-14.465 -2.24896
-14.5715 -2.02279
-14.678 -1.79661
-14.7845 -1.57043
-14.891 -1.34425
-14.9975 -1.11807
-15.104 -0.891894
-15.2105 -0.665716
-15.317 -0.439538
-15.4235 -0.213359
-15.53 0.0128191
-15.6365 0.238997
-15.743 0.465176
-15.8495 0.691354
-15.956 0.917533
-16.0625 1.14371
-16.169 1.36989
-16.2755 1.59607
-16.3821 1.82225
-16.4886 2.04842
-16.5951 2.2746
-16.7016 2.50078
-16.8081 2.72696
-16.9146 2.95314
-17.0211 3.17932
-17.1276 3.40549
-17.2341 3.63167
-17.3406 3.85785
-17.4471 4.08403
-17.5536 4.31021
-17.6601 4.53639
-17.7666 4.76256
-17.8731 4.98874
-17.9796 5.21492
-18.0861 5.4411
-18.1926 5.66728
-18.2991 5.89346
-18.4056 6.11963
-18.5121 6.34581
-18.6186 6.57199
-18.7252 6.79817
-18.8317 7.02435
-18.9382 7.25052
-19.0447 7.4767
-19.1512 7.70288
-19.2577 7.92906
-19.3642 8.15524
-19.4707 8.38142
-19.5772 8.60759
-19.6837 8.83377
-19.7902 9.05995
-19.8967 9.28613
-20.0032 9.51231
-20.1097 9.73848
-20.2162 9.96466
-20.3227 10.1908
-20.4292 10.417
-20.5357 10.6432
-20.6423 10.8694
-20.7488 11.0956
-20.8553 11.3217
-20.9618 11.5479
-21.0683 11.7741
-21.1748 12.0003
-21.2813 12.2264
-21.3878 12.4526
-21.4943 12.6788
-21.6008 12.905
-21.7073 13.1312
-21.8138 13.3573
-21.9203 13.5835
-22.0268 13.8097
-22.1333 14.0359
-22.2398 14.262
-22.3463 14.4882
-22.4528 14.7144
-22.5593 14.9406
-22.6659 15.1668
-22.7724 15.3929
-22.8789 15.6191
-22.9854 15.8453
-23.0919 16.0715
-23.1984 16.2977
-23.3049 16.5238
-23.4114 16.75
-23.5179 16.9762
-23.6244 17.2024
-23.6244 17.2024
-23.6244 17.2024
-23.6244 17.2024
-23.6244 17.2024
-23.6244 17.2024
-23.6244 17.2024
-23.6244 17.2024
-23.6244 17.2024
-23.6244 17.2024
-23.6244 17.2024
-23.6244 17.2024
-23.6244 17.2024
-23.6244 17.2024
-23.6244 17.2024
-23.6244 17.2024
-23.6244 17.2024
-23.6244 17.2024
-23.6244 17.2024
-23.6244 17.2024
-23.6244 17.2024
-23.6244 17.2024
-23.6244 17.2024
-23.6244 17.2024
-23.6244 17.2024
-23.6244 17.2024
-23.6244 17.2024
-23.6244 17.2024
-23.6244 17.2024
-23.6244 17.2024
-23.6244 17.2024
-23.6244 17.2024
-23.6244 17.2024
-23.6244 17.2024
-23.6244 17.2024
-23.6244 17.2024
-23.6244 17.2024
-23.6244 17.2024
-23.6244 17.2024
-23.6244 17.2024
-23.6244 17.2024
-23.6244 17.2024
-23.6244 17.2024
-23.6244 17.2024
-23.6244 17.2024
-23.6244 17.2024
-23.6244 17.2024
-23.6244 17.2024
-23.6244 17.2024
-23.6244 17.2024
-23.625 17.203
-23.6275 17.206
-23.6317 17.2114
-23.6374 17.2192
-23.644 17.2295
-23.651 17.2425
-23.6578 17.2582
-23.6634 17.2764
-23.6666 17.2968
-23.6659 17.3183
-24 18