-16 -13
-15.9425 -13.0458
-15.703 -13.1174
-15.4634 -13.1889
-15.2239 -13.2604
-14.9843 -13.3319
-14.7448 -13.4035
-14.5052 -13.475
-14.2657 -13.5465
-14.0261 -13.618
-13.7866 -13.6895
-13.547 -13.7611
-13.3075 -13.8326
-13.0679 -13.9041
-12.8284 -13.9756
-12.5888 -14.0471
-12.3493 -14.1187
-12.1097 -14.1902
-11.8702 -14.2617
-11.6306 -14.3332
-11.3911 -14.4048
-11.1515 -14.4763
-10.912 -14.5478
-10.6724 -14.6193
-10.4329 -14.6908
-10.1933 -14.7624
-9.95375 -14.8339
-9.7142 -14.9054
-9.47465 -14.9769
-9.2351 -15.0485
-8.99555 -15.12
-8.756 -15.1915
-8.51645 -15.263
-8.2769 -15.3345
-8.03735 -15.4061
-7.7978 -15.4776
-7.55824 -15.5491
-7.31869 -15.6206
-7.07914 -15.6921
-6.83959 -15.7637
-6.60004 -15.8352
-6.36049 -15.9067
-6.12094 -15.9782
-5.88139 -16.0498
-5.64184 -16.1213
-5.40229 -16.1928
-5.16273 -16.2643
-4.92318 -16.3358
-4.68363 -16.4074
-4.44408 -16.4789
-4.20453 -16.5504
-3.96498 -16.6219
-3.72543 -16.6935
-3.48588 -16.765
-3.24633 -16.8365
-3.00678 -16.908
-2.76722 -16.9795
-2.52767 -17.0511
-2.28812 -17.1226
-2.04857 -17.1941
-1.80902 -17.2656
-1.56947 -17.3371
-1.32992 -17.4087
-1.09037 -17.4802
-0.850818 -17.5517
-0.611267 -17.6232
-0.371716 -17.6948
-0.132165 -17.7663
0.107386 -17.8378
0.346937 -17.9093
0.586488 -17.9808
0.826039 -18.0524
1.06559 -18.1239
1.30514 -18.1954
1.54469 -18.2669
1.78424 -18.3385
2.02379 -18.41
2.26334 -18.4815
2.5029 -18.553
2.74245 -18.6245
2.982 -18.6961
3.22155 -18.7676
3.22155 -18.7676
3.22155 -18.7676
3.22155 -18.7676
3.22155 -18.7676
3.22155 -18.7676
3.22155 -18.7676
3.22155 -18.7676
3.22155 -18.7676
3.22155 -18.7676
3.22155 -18.7676
3.22155 -18.7676
3.22155 -18.7676
3.22155 -18.7676
3.22155 -18.7676
3.22155 -18.7676
3.22155 -18.7676
3.22155 -18.7676
3.22155 -18.7676
3.22155 -18.7676
3.22155 -18.7676
3.22155 -18.7676
3.22155 -18.7676
3.22155 -18.7676
3.22155 -18.7676
3.22155 -18.7676
3.22155 -18.7676
3.22155 -18.7676
3.22155 -18.7676
3.22155 -18.7676
3.22155 -18.7676
3.22155 -18.7676
3.22155 -18.7676
3.22155 -18.7676
3.22155 -18.7676
3.22155 -18.7676
3.22155 -18.7676
3.22155 -18.7676
3.22155 -18.7676
3.22155 -18.7676
3.22155 -18.7676
3.22155 -18.7676
3.22155 -18.7676
3.22155 -18.7676
3.22155 -18.7676
3.22155 -18.7676
3.22155 -18.7676
3.22155 -18.7676
3.22155 -18.7676
3.22155 -18.7676
3.22155 -18.7676
3.22155 -18.7676
3.22155 -18.7676
3.22155 -18.7676
3.22155 -18.7676
3.22155 -18.7676
3.22155 -18.7676
3.22155 -18.7676
3.22155 -18.7676
3.22155 -18.7676
3.22155 -18.7676
3.22155 -18.7676
3.22155 -18.7676
3.22155 -18.7676
3.22155 -18.7676
3.22155 -18.7676
3.22155 -18.7676
3.22155 -18.7676
3.22155 -18.7676
3.22155 -18.7676
3.22155 -18.7676
3.22155 -18.7676
3.22155 -18.7676
3.22155 -18.7676
3.22155 -18.7676
3.22155 -18.7676
3.22155 -18.7676
3.22155 -18.7676
3.22155 -18.7676
3.22155 -18.7676
3.22155 -18.7676
3.22155 -18.7676
3.22155 -18.7676
3.22155 -18.7676
3.22155 -18.7676
3.22155 -18.7676
3.22155 -18.7676
3.22155 -18.7676
3.22155 -18.7676
3.22155 -18.7676
3.22155 -18.7676
3.22155 -18.7676
3.22155 -18.7676
3.22155 -18.7676
3.22155 -18.7676
3.22155 -18.7676
3.22155 -18.7676
3.22155 -18.7676
3.22155 -18.7676
3.22155 -18.7676
3.22155 -18.7676
3.22155 -18.7676
3.22155 -18.7676
3.22155 -18.7676
3.22155 -18.7676
3.22155 -18.7676
3.22155 -18.7676
3.22155 -18.7676
3.22155 -18.7676
3.22155 -18.7676
3.22155 -18.7676
3.22155 -18.7676
3.22155 -18.7676
3.22155 -18.7676
3.22155 -18.7676
3.22155 -18.7676
3.22155 -18.7676
4 -19