24 -17
23.7959 -16.8556
23.5918 -16.7113
23.3877 -16.5669
23.1836 -16.4225
22.9795 -16.2782
22.7754 -16.1338
22.5713 -15.9894
22.3672 -15.8451
22.1631 -15.7007
21.959 -15.5563
21.7549 -15.412
21.5508 -15.2676
21.3467 -15.1232
21.1426 -14.9789
20.9384 -14.8345
20.7343 -14.6901
20.5302 -14.5458
20.3261 -14.4014
20.122 -14.257
19.9179 -14.1127
19.7138 -13.9683
19.5097 -13.8239
19.3056 -13.6796
19.1015 -13.5352
18.8974 -13.3908
18.6933 -13.2465
18.4892 -13.1021
18.2851 -12.9578
18.081 -12.8134
17.8769 -12.669
17.6728 -12.5247
17.4687 -12.3803
17.2646 -12.2359
17.0605 -12.0916
16.8564 -11.9472
16.6523 -11.8028
16.4482 -11.6585
16.2441 -11.5141
16.04 -11.3697
15.8359 -11.2254
15.6318 -11.081
15.4277 -10.9366
15.2235 -10.7923
15.0194 -10.6479
14.8153 -10.5035
14.6112 -10.3592
14.4071 -10.2148
14.203 -10.0704
13.9989 -9.92606
13.7948 -9.78169
13.5907 -9.63733
13.3866 -9.49296
13.1825 -9.34859
12.9784 -9.20423
12.7743 -9.05986
12.5702 -8.91549
12.3661 -8.77113
12.162 -8.62676
11.9579 -8.4824
11.7538 -8.33803
11.5497 -8.19366
11.3456 -8.0493
11.1415 -7.90493
10.9374 -7.76056
10.7333 -7.6162
10.5292 -7.47183
10.3251 -7.32747
10.121 -7.1831
9.91685 -7.03873
9.71274 -6.89437
9.50864 -6.75
9.30453 -6.60563
9.10043 -6.46127
8.89633 -6.3169
8.69222 -6.17254
8.48812 -6.02817
8.28401 -5.8838
8.07991 -5.73944
7.87581 -5.59507
7.6717 -5.4507
7.4676 -5.30634
7.26349 -5.16197
7.05939 -5.01761
6.85529 -4.87324
6.65118 -4.72887
6.44708 -4.58451
6.24297 -4.44014
6.03887 -4.29577
5.83477 -4.15141
5.63066 -4.00704
5.42656 -3.86268
5.22245 -3.71831
5.01835 -3.57394
4.81425 -3.42958
4.61014 -3.28521
4.40604 -3.14085
4.20193 -2.99648
3.99783 -2.85211
3.79373 -2.70775
3.58962 -2.56338
3.38552 -2.41902
3.18141 -2.27465
2.97731 -2.13028
2.77321 -1.98592
2.5691 -1.84155
2.365 -1.69718
2.16089 -1.55282
1.95679 -1.40845
1.75269 -1.26409
1.54858 -1.11972
1.34448 -0.975354
1.14038 -0.830988
0.936271 -0.686622
0.732167 -0.542256
0.528063 -0.39789
0.323959 -0.253524
0.119855 -0.109157
-0.0842486 0.0352086
-0.288352 0.179575
-0.492456 0.323941
-0.69656 0.468307
-0.900664 0.612673
-1.10477 0.757039
-1.30887 0.901405
-1.51298 1.04577
-1.71708 1.19014
-1.92118 1.3345
-2.12529 1.47887
-2.32939 1.62324
-2.5335 1.7676
-2.7376 1.91197
-2.9417 2.05633
-3.14581 2.2007
-3.34991 2.34507
-3.55402 2.48943
-3.75812 2.6338
-3.96222 2.77816
-4.16633 2.92253
-4.37043 3.0669
-4.57454 3.21126
-4.77864 3.35563
-4.98274 3.49999
-5.18685 3.64436
-5.39095 3.78873
-5.59506 3.93309
-5.79916 4.07746
-6.00326 4.22183
-6.20737 4.36619
-6.41147 4.51056
-6.61557 4.65492
-6.81968 4.79929
-7.02378 4.94366
-7.22789 5.08802
-7.43199 5.23239
-7.63609 5.37676
-7.8402 5.52112
-8.0443 5.66549
-8.24841 5.80985
-8.45251 5.95422
-8.65662 6.09859
-8.86072 6.24295
-9.06483 6.38732
-9.26893 6.53169
-9.47303 6.67605
-9.67714 6.82042
-9.88124 6.96478
-10.0853 7.10915
-10.2895 7.25352
-10.4936 7.39788
-10.6977 7.54225
-10.9018 7.68662
-11.1059 7.83098
-11.31 7.97535
-11.5141 8.11971
-11.7182 8.26408
-11.9223 8.40845
-12.1264 8.55281
-12.3305 8.69718
-12.5346 8.84155
-12.7387 8.98591
-12.9428 9.13028
-13.1469 9.27464
-13.351 9.41901
-13.5551 9.56338
-13.7592 9.70774
-13.9633 9.85211
-14.1674 9.99648
-14.3709 10.1402
-14.5725 10.2816
-14.7723 10.4206
-14.9706 10.5574
-15.1676 10.6917
-15.3638 10.8236
-15.5597 10.9531
-15.7558 11.0803
-15.9533 11.2055
-16.1532 11.3295
-17 12