8 18
7.91679 17.7643
7.83359 17.5285
7.75038 17.2928
7.66718 17.057
7.58397 16.8213
7.50077 16.5855
7.41756 16.3498
7.33436 16.114
7.25115 15.8783
7.16795 15.6425
7.08474 15.4068
7.00154 15.171
6.91833 14.9353
6.83513 14.6995
6.75192 14.4638
6.66872 14.228
6.58551 13.9923
6.50231 13.7565
6.4191 13.5208
6.3359 13.285
6.25269 13.0493
6.16949 12.8136
6.08628 12.5778
6.00308 12.3421
5.91987 12.1063
5.83667 11.8706
5.75346 11.6348
5.67026 11.3991
5.58705 11.1633
5.50385 10.9276
5.42064 10.6918
5.33744 10.4561
5.25423 10.2203
5.17103 9.98458
5.08782 9.74884
5.00462 9.51309
4.92141 9.27734
4.83821 9.04159
4.755 8.80585
4.6718 8.5701
4.58859 8.33435
4.50539 8.0986
4.42218 7.86286
4.33898 7.62711
4.25577 7.39136
4.17257 7.15561
4.08936 6.91987
4.00635 6.68419
3.92515 6.44895
3.84549 6.21373
3.76699 5.9781
3.68912 5.74176
3.61124 5.50453
3.53333 5.26723
3.45543 5.02994
3.37753 4.79267
3.29964 4.55542
3.22175 4.3182
3.14388 4.08102
3.06602 3.84387
2.98817 3.60676
2.91034 3.36972
2.83253 3.13275
2.75476 2.89587
2.67702 2.65913
2.59933 2.42256
2.52173 2.18626
2.44425 1.95037
2.36699 1.7152
2.30652 1.53531
2.25469 1.38383
2.20731 1.24697
2.16221 1.11765
2.11829 0.9922
2.07498 0.868757
2.03198 0.746348
1.98915 0.624474
1.9464 0.502877
1.90369 0.381423
1.86101 0.260043
1.81834 0.138702
1.77567 0.0173818
1.73301 -0.103928
1.69035 -0.225233
1.64769 -0.346535
1.60503 -0.467835
1.56237 -0.589135
1.51971 -0.710434
1.47705 -0.831733
1.43439 -0.953031
1.39173 -1.07433
1.34907 -1.19563
1.30641 -1.31693
1.26376 -1.43823
1.2211 -1.55952
1.17844 -1.68082
1.13578 -1.80212
1.09312 -1.92342
1.05046 -2.04472
1.0078 -2.16602
0.965142 -2.28732
0.922483 -2.40862
0.879824 -2.52991
0.837165 -2.65121
0.794506 -2.77251
0.751847 -2.89381
0.718877 -2.98322
0.700059 -3.02606
0.694439 -3.02547
0.706726 -2.99044
0.748439 -2.92843
0.810485 -2.83861
0.887052 -2.71831
0.971812 -2.56289
1.05536 -2.36818
1.12606 -2.13392
1.19322 -1.89311
1.26037 -1.6523
1.32752 -1.41149
1.39468 -1.17067
1.46183 -0.929861
1.52899 -0.68905
1.59614 -0.448238
1.66329 -0.207426
1.73045 0.0333861
1.7976 0.274198
1.83623 0.359275
1.84317 0.369196
1.84317 0.369196
1.84317 0.369196
1.84317 0.369196
1.84317 0.369196
1.84317 0.369196
1.84317 0.369196
1.84317 0.369196
1.84317 0.369196
1.84317 0.369196
1.84317 0.369196
1.84317 0.369196
1.84317 0.369196
1.84317 0.369196
1.84317 0.369196
1.84317 0.369196
1.84317 0.369196
1.84317 0.369196
1.84317 0.369196
1.84317 0.369196
1.84317 0.369196
1.84317 0.369196
1.84317 0.369196
1.84317 0.369196
1.84317 0.369196
1.84317 0.369196
1.84317 0.369196
1.84317 0.369196
1.84317 0.369196
1.84317 0.369196
1.84317 0.369196
1.84317 0.369196
1.84317 0.369196
1.84317 0.369196
1.84317 0.369196
1.84317 0.369196
1.84317 0.369196
1.84317 0.369196
1.84317 0.369196
1.84317 0.369196
1.84317 0.369196
1.84317 0.369196
1.84317 0.369196
1.84317 0.369196
1.84317 0.369196
1.84317 0.369196
1.84317 0.369196
1.84317 0.369196
1.84317 0.369196
1.84317 0.369196
1.84317 0.369196
1.84317 0.369196
1.84317 0.369196
1.84317 0.369196
1.84317 0.369196
1.84317 0.369196
1.84317 0.369196
1.84317 0.369196
1.84317 0.369196
1.84317 0.369196
1.84317 0.369196
1.84317 0.369196
1.84317 0.369196
1.84317 0.369196
1.84317 0.369196
1.84317 0.369196
1.84317 0.369196
1.84317 0.369196
1.84317 0.369196
1.84317 0.369196
2 1