4 25
3.79628 24.9359
3.57417 24.8227
3.35146 24.7091
3.12875 24.5956
2.90604 24.482
2.68332 24.3684
2.46061 24.2548
2.2379 24.1413
2.01519 24.0277
1.79248 23.9141
1.56977 23.8005
1.34705 23.687
1.12434 23.5734
0.901631 23.4598
0.678919 23.3462
0.668251 23.3551
0.668251 23.3551
0.668251 23.3551
0.668251 23.3551
0.668251 23.3551
0.668251 23.3551
0.668251 23.3551
0.668251 23.3551
0.668251 23.3551
0.668251 23.3551
0.668251 23.3551
0.668251 23.3551
0.668251 23.3551
0.668251 23.3551
0.668251 23.3551
0.668251 23.3551
0.668251 23.3551
0.668251 23.3551
0.668251 23.3551
0.668251 23.3551
0.668251 23.3551
0.668251 23.3551
0.668251 23.3551
0.668251 23.3551
0.668251 23.3551
0.668251 23.3551
0.668251 23.3551
0.668251 23.3551
0.668251 23.3551
0.668251 23.3551
0.668251 23.3551
0.668251 23.3551
0.668251 23.3551
0.668251 23.3551
0.668251 23.3551
0.668251 23.3551
0.668251 23.3551
0.668251 23.3551
0.668251 23.3551
0.668251 23.3551
0.668251 23.3551
0.668251 23.3551
0.668251 23.3551
0.668251 23.3551
0.668251 23.3551
0.668251 23.3551
0.668251 23.3551
0.668251 23.3551
0.668251 23.3551
0.668251 23.3551
0.668251 23.3551
0.668251 23.3551
0.668251 23.3551
0.668251 23.3551
0.668251 23.3551
0.668251 23.3551
0.668251 23.3551
0.668251 23.3551
0.668251 23.3551
0.668251 23.3551
0.668251 23.3551
0.668251 23.3551
0.668251 23.3551
0.668251 23.3551
0.668251 23.3551
0.668251 23.3551
0.668251 23.3551
0.668251 23.3551
0.668251 23.3551
0.668251 23.3551
0.668251 23.3551
0.668251 23.3551
0.668251 23.3551
0.668251 23.3551
0.668251 23.3551
0.668251 23.3551
0.668251 23.3551
0.668251 23.3551
0.668251 23.3551
0.668251 23.3551
0.668251 23.3551
0.668251 23.3551
0.668251 23.3551
0.668251 23.3551
0.668251 23.3551
0.668251 23.3551
0.668251 23.3551
0.668251 23.3551
0.668251 23.3551
0.668251 23.3551
0.668251 23.3551
0.668251 23.3551
0.668251 23.3551
0.668251 23.3551
0.668251 23.3551
0.668251 23.3551
0.668251 23.3551
0.668251 23.3551
0.668251 23.3551
0.668251 23.3551
0.668251 23.3551
0.668251 23.3551
0.668251 23.3551
0.668251 23.3551
0.668251 23.3551
0.668251 23.3551
0.668251 23.3551
0.668251 23.3551
0.668251 23.3551
0.668251 23.3551
0.668251 23.3551
0.668251 23.3551
0.668251 23.3551
0.668251 23.3551
0.668251 23.3551
0.668251 23.3551
0.668251 23.3551
0.668251 23.3551
0.668251 23.3551
0.668251 23.3551
0.668251 23.3551
0.668251 23.3551
0.668251 23.3551
0.668251 23.3551
0.668251 23.3551
0.668251 23.3551
0.668251 23.3551
0.668251 23.3551
0.668251 23.3551
0.668251 23.3551
0.668251 23.3551
0.668251 23.3551
0.668251 23.3551
0.668251 23.3551
0.668251 23.3551
0.668251 23.3551
0.668251 23.3551
0.668251 23.3551
0.668251 23.3551
0.668251 23.3551
0.668251 23.3551
0.668251 23.3551
0.668251 23.3551
0.668251 23.3551
0.668251 23.3551
0.668251 23.3551
0.668251 23.3551
0.668251 23.3551
0.668251 23.3551
0.668251 23.3551
0.668251 23.3551
0.668251 23.3551
0.668251 23.3551
0 23