-1 -21
-1.07727 -20.7622
-1.15454 -20.5245
-1.23181 -20.2867
-1.30909 -20.049
-1.38636 -19.8112
-1.46363 -19.5734
-1.5409 -19.3357
-1.61817 -19.0979
-1.69544 -18.8602
-1.77271 -18.6224
-1.84999 -18.3847
-1.92726 -18.1469
-2.00453 -17.9091
-2.0818 -17.6714
-2.15907 -17.4336
-2.23634 -17.1959
-2.31362 -16.9581
-2.39089 -16.7203
-2.46816 -16.4826
-2.54543 -16.2448
-2.6227 -16.0071
-2.69997 -15.7693
-2.77724 -15.5316
-2.85452 -15.2938
-2.93179 -15.056
-3.00906 -14.8183
-3.08633 -14.5805
-3.1636 -14.3428
-3.24087 -14.105
-3.31814 -13.8672
-3.39542 -13.6295
-3.47269 -13.3917
-3.54996 -13.154
-3.62723 -12.9162
-3.7045 -12.6784
-3.78177 -12.4407
-3.85904 -12.2029
-3.93632 -11.9652
-4.01359 -11.7274
-4.09086 -11.4897
-4.16813 -11.2519
-4.2454 -11.0141
-4.32267 -10.7764
-4.39994 -10.5386
-4.47722 -10.3009
-4.55449 -10.0631
-4.63176 -9.82534
-4.70903 -9.58759
-4.7863 -9.34983
-4.86357 -9.11207
-4.94085 -8.87431
-5.01812 -8.63655
-5.09539 -8.39879
-5.17266 -8.16103
-5.24993 -7.92327
-5.3272 -7.68552
-5.40447 -7.44776
-5.48175 -7.21
-5.55902 -6.97224
-5.63629 -6.73448
-5.71356 -6.49672
-5.79083 -6.25896
-5.8681 -6.02121
-5.94537 -5.78345
-6.02265 -5.54569
-6.09992 -5.30793
-6.17719 -5.07017
-6.25446 -4.83241
-6.33173 -4.59465
-6.409 -4.3569
-6.48627 -4.11914
-6.55071 -3.88521
-6.61516 -3.65135
-6.67963 -3.41755
-6.74413 -3.18381
-6.80864 -2.95014
-6.87317 -2.71654
-6.93772 -2.483
-7.00229 -2.24954
-7.06688 -2.01614
-7.1315 -1.78282
-7.19614 -1.54957
-7.26079 -1.3164
-7.32548 -1.0833
-7.39018 -0.850281
-7.45491 -0.617341
-7.51966 -0.384481
-7.58444 -0.151705
-7.64924 0.0809877
-7.71407 0.313594
-7.77893 0.546112
-7.84381 0.77854
-7.90872 1.01088
-7.97365 1.24312
-8.03862 1.47527
-8.10361 1.70731
-8.16864 1.93926
-8.2337 2.17111
-8.29878 2.40285
-8.3639 2.63448
-8.42905 2.866
-8.49424 3.09742
-8.55946 3.32871
-8.62471 3.55989
-8.69001 3.79094
-8.7678 4.02589
-8.85026 4.2619
-8.93273 4.49791
-9.01519 4.73392
-9.09766 4.96993
-9.18013 5.20593
-9.26259 5.44194
-9.34506 5.67795
-9.42752 5.91396
-9.50999 6.14996
-9.59245 6.38597
-9.67492 6.62198
-9.75738 6.85799
-9.83985 7.09399
-9.92231 7.33
-10.0048 7.56601
-10.0872 7.80202
-10.1697 8.03802
-10.2522 8.27403
-10.3346 8.51004
-10.4171 8.74605
-10.4996 8.98206
-10.582 9.21806
-10.6645 9.45407
-10.747 9.69008
-10.8294 9.92609
-10.9119 10.1621
-10.9944 10.3981
-11.0768 10.6341
-11.1593 10.8701
-11.2418 11.1061
-11.3242 11.3421
-11.4067 11.5781
-11.4892 11.8141
-11.5716 12.0502
-11.6541 12.2862
-11.7365 12.5222
-11.819 12.7582
-11.9015 12.9942
-11.9839 13.2302
-12.0664 13.4662
-12.1489 13.7022
-12.2313 13.9382
-12.3138 14.1742
-12.3963 14.4102
-12.4787 14.6462
-12.5612 14.8822
-12.6437 15.1183
-12.7261 15.3543
-12.8086 15.5903
-12.8911 15.8263
-12.9735 16.0623
-13.056 16.2983
-13.1384 16.5343
-13.2209 16.7703
-13.3034 17.0063
-13.3858 17.2423
-13.4683 17.4783
-13.5508 17.7143
-13.6332 17.9503
-13.7157 18.1864
-13.7387 18.1829
-13.7387 18.1829
-14 19