13 8
12.803 7.9266
12.5595 7.87
12.316 7.81341
12.0725 7.75681
11.829 7.70022
11.5855 7.64362
11.3419 7.58703
11.0984 7.53043
10.8549 7.47384
10.6114 7.41724
10.3679 7.36065
10.1244 7.30405
9.88089 7.24746
9.63738 7.19086
9.39387 7.13427
9.15036 7.07767
8.90685 7.02108
8.66333 6.96448
8.41982 6.90789
8.17631 6.85129
7.9328 6.7947
7.68929 6.7381
7.44579 6.68151
7.20228 6.62491
6.95877 6.56832
6.71526 6.51172
6.47175 6.45513
6.22824 6.39854
5.98473 6.34194
5.74122 6.28535
5.49771 6.22875
5.2542 6.17216
5.01069 6.11556
4.76718 6.05897
4.52367 6.00237
4.28016 5.94578
4.03665 5.88918
3.79314 5.83259
3.54963 5.77599
3.30612 5.7194
3.06261 5.6628
2.8191 5.60621
2.57559 5.54961
2.33208 5.49302
2.08857 5.43642
1.84506 5.37983
1.60155 5.32323
1.35804 5.26664
1.11453 5.21004
0.871021 5.15345
0.627511 5.09685
0.384002 5.04026
0.140492 4.98366
-0.103018 4.92707
-0.346528 4.87047
-0.590038 4.81388
-0.833548 4.75728
-1.07706 4.70069
-1.32057 4.64409
-1.56408 4.5875
-1.80759 4.53091
-2.0511 4.47431
-2.29461 4.41772
-2.53812 4.36112
-2.78163 4.30453
-3.02514 4.24793
-3.26865 4.19134
-3.51216 4.13474
-3.75567 4.07815
-3.99917 4.02155
-4.24268 3.96496
-4.48619 3.90836
-4.7297 3.85177
-4.97321 3.79517
-5.21672 3.73858
-5.46023 3.68198
-5.70374 3.62539
-5.94725 3.56879
-6.19076 3.5122
-6.43427 3.45561
-6.67778 3.39901
-6.92129 3.34242
-7.1648 3.28582
-7.40831 3.22923
-7.65182 3.17263
-7.89533 3.11604
-8.13884 3.05944
-8.38235 3.00285
-8.62586 2.94625
-8.86937 2.88966
-9.11288 2.83306
-9.35639 2.77647
-9.5999 2.71988
-9.84341 2.66328
-10.0869 2.60669
-10.3304 2.55009
-10.5739 2.4935
-10.8175 2.4369
-11.061 2.38031
-11.3045 2.32371
-11.548 2.26712
-11.7915 2.21052
-12.035 2.15393
-12.2785 2.09733
-12.522 2.04074
-12.7655 1.98414
-13.009 1.92755
-13.2526 1.87095
-13.4961 1.81436
-13.7396 1.75776
-13.9831 1.70117
-14.2266 1.64457
-14.4701 1.58798
-14.7136 1.53138
-14.9571 1.47479
-15.2006 1.41819
-15.4441 1.3616
-15.6877 1.30501
-15.9312 1.24841
-16.1747 1.19182
-16.2418 1.24504
-16.2705 1.27276
-16.2805 1.28288
-16.2805 1.28288
-16.2805 1.28288
-16.2805 1.28288
-16.2805 1.28288
-16.2805 1.28288
-16.2805 1.28288
-16.2805 1.28288
-16.2805 1.28288
-16.2805 1.28288
-16.2805 1.28288
-16.2805 1.28288
-16.2805 1.28288
-16.2805 1.28288
-16.2805 1.28288
-16.2805 1.28288
-16.2805 1.28288
-16.2805 1.28288
-16.2805 1.28288
-16.2805 1.28288
-16.2805 1.28288
-16.2805 1.28288
-16.2805 1.28288
-16.2805 1.28288
-16.2805 1.28288
-16.2805 1.28288
-16.2805 1.28288
-16.2805 1.28288
-16.2805 1.28288
-16.2805 1.28288
-16.2805 1.28288
-16.2805 1.28288
-16.2805 1.28288
-16.2805 1.28288
-16.2805 1.28288
-16.2805 1.28288
-16.2805 1.28288
-16.2805 1.28288
-16.2805 1.28288
-16.2805 1.28288
-16.2805 1.28288
-16.2805 1.28288
-16.2805 1.28288
-16.2805 1.28288
-16.2805 1.28288
-16.2805 1.28288
-17 1