-1 13
-1.19206 13.16
-1.38411 13.3201
-1.57617 13.4801
-1.76822 13.6402
-1.96028 13.8002
-2.15233 13.9603
-2.34439 14.1203
-2.53644 14.2804
-2.7285 14.4404
-2.92055 14.6005
-3.11261 14.7605
-3.30466 14.9206
-3.49672 15.0806
-3.68877 15.2406
-3.88083 15.4007
-4.07288 15.5607
-4.26494 15.7208
-4.457 15.8808
-4.64905 16.0409
-4.84111 16.2009
-5.03316 16.361
-5.22522 16.521
-5.41727 16.6811
-5.60933 16.8411
-5.80138 17.0012
-5.99344 17.1612
-6.18549 17.3212
-6.37755 17.4813
-6.5696 17.6413
-6.76166 17.8014
-6.95371 17.9614
-7.14577 18.1215
-7.33782 18.2815
-7.52988 18.4416
-7.72193 18.6016
-7.91399 18.7617
-8.10604 18.9217
-8.2981 19.0817
-8.49015 19.2418
-8.68221 19.4018
-8.87426 19.5619
-9.06632 19.7219
-9.25837 19.882
-9.45043 20.042
-9.64248 20.2021
-9.83454 20.3621
-10.0266 20.5222
-10.2186 20.6822
-10.4107 20.8422
-10.6028 21.0023
-10.7948 21.1623
-10.9869 21.3224
-11.1789 21.4824
-11.371 21.6425
-11.563 21.8025
-11.7551 21.9626
-11.9471 22.1226
-12.1392 22.2827
-12.3312 22.4427
-12.3312 22.4427
-12.3312 22.4427
-12.3312 22.4427
-12.3312 22.4427
-12.3312 22.4427
-12.3312 22.4427
-12.3312 22.4427
-12.3312 22.4427
-12.3312 22.4427
-12.3312 22.4427
-12.3312 22.4427
-12.3312 22.4427
-12.3312 22.4427
-12.3312 22.4427
-12.3312 22.4427
-12.3312 22.4427
-12.3312 22.4427
-12.3312 22.4427
-12.3312 22.4427
-12.3312 22.4427
-12.3312 22.4427
-12.3312 22.4427
-12.3312 22.4427
-12.3312 22.4427
-12.3312 22.4427
-12.3312 22.4427
-12.3312 22.4427
-12.3312 22.4427
-12.3312 22.4427
-12.3312 22.4427
-12.3312 22.4427
-12.3312 22.4427
-12.3312 22.4427
-12.3312 22.4427
-12.3312 22.4427
-12.3312 22.4427
-12.3312 22.4427
-12.3312 22.4427
-12.3312 22.4427
-12.3312 22.4427
-12.3312 22.4427
-12.3312 22.4427
-12.3312 22.4427
-12.3312 22.4427
-12.3312 22.4427
-12.3312 22.4427
-12.3312 22.4427
-12.3312 22.4427
-12.3312 22.4427
-12.3312 22.4427
-12.3312 22.4427
-12.3312 22.4427
-12.3312 22.4427
-12.3312 22.4427
-12.3312 22.4427
-12.3312 22.4427
-12.3312 22.4427
-12.3312 22.4427
-12.3312 22.4427
-12.3312 22.4427
-12.3312 22.4427
-12.3312 22.4427
-12.3312 22.4427
-12.3312 22.4427
-12.3312 22.4427
-12.3312 22.4427
-12.3312 22.4427
-12.3312 22.4427
-12.3312 22.4427
-12.3312 22.4427
-12.3312 22.4427
-12.3312 22.4427
-12.3312 22.4427
-12.3312 22.4427
-12.3312 22.4427
-12.3312 22.4427
-12.3312 22.4427
-12.3312 22.4427
-12.3312 22.4427
-12.3312 22.4427
-12.3312 22.4427
-12.3312 22.4427
-12.3312 22.4427
-12.3312 22.4427
-12.3312 22.4427
-12.3312 22.4427
-12.3312 22.4427
-12.3312 22.4427
-12.3312 22.4427
-12.3312 22.4427
-12.3312 22.4427
-12.3312 22.4427
-12.3312 22.4427
-12.3312 22.4427
-12.3312 22.4427
-12.3312 22.4427
-12.3312 22.4427
-12.3312 22.4427
-12.3312 22.4427
-12.3312 22.4427
-12.3312 22.4427
-12.3312 22.4427
-12.3312 22.4427
-12.3312 22.4427
-12.3312 22.4427
-12.3312 22.4427
-12.3312 22.4427
-12.3312 22.4427
-12.3312 22.4427
-13 23