8 23
7.90975 22.8886
7.73585 22.709
7.56194 22.5294
7.38803 22.3498
7.21412 22.1702
7.04021 21.9906
6.8663 21.811
6.6924 21.6314
6.51849 21.4518
6.34458 21.2722
6.17067 21.0926
5.99676 20.913
5.82285 20.7334
5.64895 20.5538
5.47504 20.3742
5.30113 20.1946
5.12722 20.015
4.95331 19.8354
4.77941 19.6558
4.6055 19.4762
4.43159 19.2966
4.25768 19.117
4.08377 18.9374
3.90986 18.7578
3.73596 18.5782
3.56205 18.3986
3.38814 18.219
3.21423 18.0394
3.04032 17.8598
2.86642 17.6802
2.69251 17.5006
2.5186 17.321
2.34469 17.1414
2.17078 16.9618
1.99688 16.7822
1.82297 16.6026
1.64906 16.423
1.47515 16.2434
1.30124 16.0638
1.12734 15.8842
0.953428 15.7046
0.77952 15.525
0.605612 15.3454
0.431704 15.1658
0.257796 14.9862
0.0838874 14.8066
-0.0900207 14.627
-0.263929 14.4474
-0.437837 14.2678
-0.611745 14.0882
-0.785653 13.9086
-0.959561 13.729
-1.13347 13.5494
-1.30738 13.3698
-1.48129 13.1902
-1.65519 13.0106
-1.8291 12.831
-2.00301 12.6514
-2.17692 12.4718
-2.35083 12.2922
-2.52473 12.1126
-2.69864 11.933
-2.87255 11.7534
-3.04646 11.5738
-3.22037 11.3942
-3.39427 11.2146
-3.56818 11.035
-3.74209 10.8554
-3.916 10.6758
-4.08991 10.4962
-4.26382 10.3166
-4.45056 10.1409
-4.63732 9.96504
-4.8241 9.78916
-5.01089 9.61324
-5.1977 9.43726
-5.38453 9.26122
-5.57137 9.08513
-5.75823 8.90898
-5.9451 8.73277
-6.132 8.5565
-6.31891 8.38017
-6.50585 8.20377
-6.6928 8.02731
-6.87977 7.85079
-7.06676 7.6742
-7.25377 7.49755
-7.4408 7.32083
-7.62785 7.14403
-7.81492 6.96716
-8.00202 6.79023
-8.18914 6.61321
-8.37628 6.43612
-8.56344 6.25895
-8.75063 6.08171
-8.93784 5.90438
-9.12508 5.72696
-9.31234 5.54946
-9.49963 5.37188
-9.68694 5.1942
-9.87428 5.01644
-10.0617 4.83858
-10.2491 4.66062
-10.4365 4.48256
-10.6239 4.30441
-10.799 4.12208
-10.9686 3.93846
-11.1383 3.75485
-11.308 3.57124
-11.4776 3.38762
-11.6473 3.20401
-11.8169 3.02039
-11.9866 2.83678
-12.1563 2.65316
-12.3259 2.46955
-12.4956 2.28593
-12.6653 2.10232
-12.8349 1.9187
-13.0046 1.73509
-13.1743 1.55148
-13.3439 1.36786
-13.5136 1.18425
-13.6832 1.00063
-13.8529 0.817017
-14.0226 0.633403
-14.1922 0.449788
-14.3619 0.266173
-14.5316 0.0825588
-14.7012 -0.101056
-14.8709 -0.28467
-15.0405 -0.468285
-15.2102 -0.651899
-15.3799 -0.835514
-15.5495 -1.01913
-15.7192 -1.20274
-15.8889 -1.38636
-16.0585 -1.56997
-16.2282 -1.75359
-16.3979 -1.9372
-16.5675 -2.12082
-16.7372 -2.30443
-16.9068 -2.48805
-17.0765 -2.67166
-17.2462 -2.85527
-17.4158 -3.03889
-17.5855 -3.2225
-17.7552 -3.40612
-17.9248 -3.58973
-18.0945 -3.77335
-18.2642 -3.95696
-18.4338 -4.14058
-18.6035 -4.32419
-18.7731 -4.50781
-18.9428 -4.69142
-19.1125 -4.87504
-19.2821 -5.05865
-19.4518 -5.24226
-19.6215 -5.42588
-19.7911 -5.60949
-19.9608 -5.79311
-20.1305 -5.97672
-20.3001 -6.16034
-20.4698 -6.34395
-20.6394 -6.52757
-20.8091 -6.71118
-20.9788 -6.8948
-21.1484 -7.07841
-21.3181 -7.26203
-22 -8