1 -25
1.00174 -24.9021
0.932211 -24.6619
0.862678 -24.4218
0.793144 -24.1817
0.723611 -23.9415
0.654078 -23.7014
0.584545 -23.4613
0.515012 -23.2211
0.445479 -22.981
0.375946 -22.7409
0.306412 -22.5007
0.236879 -22.2606
0.167346 -22.0205
0.097813 -21.7803
0.0282798 -21.5402
-0.0412533 -21.3001
-0.110786 -21.0599
-0.18032 -20.8198
-0.249853 -20.5796
-0.319386 -20.3395
-0.388919 -20.0994
-0.458452 -19.8592
-0.527985 -19.6191
-0.597518 -19.379
-0.667051 -19.1388
-0.736585 -18.8987
-0.806118 -18.6586
-0.875651 -18.4184
-0.945184 -18.1783
-1.01472 -17.9382
-1.08425 -17.698
-1.15378 -17.4579
-1.22332 -17.2178
-1.29285 -16.9776
-1.36238 -16.7375
-1.43192 -16.4973
-1.50145 -16.2572
-1.57098 -16.0171
-1.64051 -15.7769
-1.71005 -15.5368
-1.77958 -15.2967
-1.84911 -15.0565
-1.91865 -14.8164
-1.98818 -14.5763
-2.05771 -14.3361
-2.12725 -14.096
-2.19678 -13.8559
-2.26631 -13.6157
-2.33585 -13.3756
-2.40538 -13.1354
-2.47491 -12.8953
-2.54445 -12.6552
-2.61398 -12.415
-2.68351 -12.1749
-2.75304 -11.9348
-2.82258 -11.6946
-2.89211 -11.4545
-2.96164 -11.2144
-3.03118 -10.9742
-3.10071 -10.7341
-3.17024 -10.4939
-3.23978 -10.2538
-3.30931 -10.0137
-3.37884 -9.77354
-3.44838 -9.53341
-3.51791 -9.29327
-3.58744 -9.05313
-3.65698 -8.813
-3.72651 -8.57286
-3.79604 -8.33272
-3.86557 -8.09259
-3.93511 -7.85245
-4.00464 -7.61232
-4.07417 -7.37218
-4.14371 -7.13205
-4.21324 -6.89191
-4.28277 -6.65177
-4.35231 -6.41164
-4.42184 -6.1715
-4.49137 -5.93137
-4.56091 -5.69123
-4.63044 -5.4511
-4.69997 -5.21096
-4.76951 -4.97082
-4.83904 -4.73069
-4.90857 -4.49055
-4.97811 -4.25042
-5.04764 -4.01028
-5.11717 -3.77015
-5.18671 -3.53001
-5.25624 -3.28988
-5.32577 -3.04974
-5.39531 -2.8096
-5.46484 -2.56947
-5.53437 -2.32933
-5.60391 -2.0892
-5.67344 -1.84906
-5.74297 -1.60893
-5.81251 -1.36879
-5.88204 -1.12865
-5.95157 -0.888518
-6.0211 -0.648383
-6.09064 -0.408247
-6.16017 -0.168111
-6.2297 0.0720244
-6.29924 0.31216
-6.36877 0.552296
-6.4383 0.792431
-6.50784 1.03257
-6.57737 1.2727
-6.6469 1.51284
-6.71644 1.75297
-6.78597 1.99311
-6.8555 2.23325
-6.92503 2.47338
-6.99457 2.71352
-7.0641 2.95365
-7.13363 3.19379
-7.20317 3.43392
-7.2727 3.67406
-7.34223 3.9142
-7.41177 4.15433
-7.4813 4.39447
-7.55083 4.6346
-7.62037 4.87474
-7.6899 5.11487
-7.75943 5.35501
-7.82897 5.59515
-7.8985 5.83528
-7.96803 6.07542
-8.03756 6.31555
-8.1071 6.55569
-8.17663 6.79582
-8.24616 7.03596
-8.3157 7.27609
-8.38523 7.51623
-8.45476 7.75637
-8.5243 7.9965
-8.59383 8.23664
-8.66336 8.47677
-8.7329 8.71691
-8.80243 8.95705
-8.87196 9.19718
-8.9415 9.43732
-9.01103 9.67745
-9.08056 9.91759
-9.1501 10.1577
-9.21963 10.3979
-9.28916 10.638
-9.3587 10.8781
-9.42823 11.1183
-9.49776 11.3584
-9.5673 11.5985
-9.63683 11.8387
-9.70636 12.0788
-9.7759 12.319
-9.84543 12.5591
-9.91496 12.7992
-9.9845 13.0394
-10.054 13.2795
-10.1236 13.5196
-10.1931 13.7598
-10.2626 13.9999
-10.3322 14.24
-10.4017 14.4802
-10.4712 14.7203
-10.5408 14.9605
-10.6103 15.2006
-10.6798 15.4407
-10.7494 15.6809
-10.8189 15.921
-10.8884 16.1611
-10.958 16.4013
-11.0275 16.6414
-11.097 16.8815
-11.1666 17.1217
-11.2361 17.3618
-11.3056 17.6019
-11.3752 17.8421
-11.4447 18.0822
-11.5142 18.3223
-11.5838 18.5625
-11.6533 18.8026
-12 20