-3 -17
-3.04721 -16.7545
-3.09442 -16.509
-3.14164 -16.2635
-3.18885 -16.018
-3.23606 -15.7725
-3.28327 -15.527
-3.33048 -15.2815
-3.3777 -15.036
-3.42491 -14.7905
-3.47212 -14.545
-3.51933 -14.2995
-3.56654 -14.054
-3.61375 -13.8085
-3.66097 -13.563
-3.70818 -13.3175
-3.75539 -13.072
-3.8026 -12.8265
-3.84981 -12.581
-3.89703 -12.3355
-3.94424 -12.09
-3.99145 -11.8445
-4.03866 -11.599
-4.08587 -11.3535
-4.13308 -11.108
-4.1803 -10.8625
-4.22751 -10.617
-4.27472 -10.3715
-4.32193 -10.126
-4.36914 -9.88045
-4.41635 -9.63495
-4.46357 -9.38945
-4.51078 -9.14395
-4.55799 -8.89845
-4.6052 -8.65294
-4.65241 -8.40744
-4.69962 -8.16194
-4.74684 -7.91644
-4.79405 -7.67094
-4.84126 -7.42544
-4.88847 -7.17994
-4.93568 -6.93443
-4.98289 -6.68893
-5.03011 -6.44343
-5.07732 -6.19793
-5.12453 -5.95243
-5.17174 -5.70693
-5.21895 -5.46142
-5.26617 -5.21592
-5.31338 -4.97042
-5.36059 -4.72492
-5.4078 -4.47942
-5.45501 -4.23392
-5.50223 -3.98842
-5.54944 -3.74291
-5.59665 -3.49741
-5.64386 -3.25191
-5.69107 -3.00641
-5.73829 -2.76091
-5.7855 -2.51541
-5.83271 -2.26991
-5.87992 -2.0244
-5.92713 -1.7789
-5.97434 -1.5334
-6.02156 -1.2879
-6.06877 -1.0424
-6.11598 -0.796895
-6.16319 -0.551394
-6.2104 -0.305892
-6.25762 -0.0603906
-6.30483 0.185111
-6.35204 0.430613
-6.39925 0.676114
-6.44646 0.921616
-6.49368 1.16712
-6.54089 1.41262
-6.5881 1.65812
-6.63531 1.90362
-6.68252 2.14912
-6.72973 2.39463
-6.77695 2.64013
-6.82416 2.88563
-6.87137 3.13113
-6.91858 3.37663
-6.96579 3.62213
-7.01301 3.86763
-7.06022 4.11314
-7.10743 4.35864
-7.15464 4.60414
-7.20185 4.84964
-7.24907 5.09514
-7.29628 5.34064
-7.34349 5.58615
-7.3907 5.83165
-7.43791 6.07715
-7.48512 6.32265
-7.53234 6.56815
-7.57955 6.81365
-7.62676 7.05915
-7.67397 7.30466
-7.72118 7.55016
-7.7684 7.79566
-7.81561 8.04116
-7.83194 8.20247
-7.82372 8.31854
-7.79035 8.39984
-7.74228 8.43697
-7.69955 8.45609
-7.66256 8.47256
-7.62853 8.48768
-7.59604 8.5021
-7.56434 8.51616
-7.53306 8.53003
-7.50199 8.54381
-7.47103 8.55753
-7.44012 8.57123
-7.40925 8.58491
-7.37839 8.59859
-7.34754 8.61226
-7.3167 8.62593
-7.28586 8.6396
-7.25502 8.65327
-7.22417 8.66694
-7.19333 8.68061
-7.16249 8.69428
-7.13165 8.70795
-7.10081 8.72162
-7.06997 8.73528
-7.03913 8.74895
-7.0083 8.76262
-7.03893 8.915
-7.00809 8.92867
-6.97725 8.94234
-6.99261 9.06023
-6.99721 9.15387
-6.9929 9.22739
-6.9817 9.28537
-6.96539 9.33183
-6.94535 9.36987
-6.9226 9.40178
-6.89786 9.42921
-6.87166 9.45335
-6.84603 9.45021
-6.84693 9.38608
-6.89869 9.29006
-7.01115 9.18792
-7.18247 9.10259
-7.18247 9.10259
-7.18247 9.10259
-7.18247 9.10259
-7.18247 9.10259
-7.18247 9.10259
-7.18247 9.10259
-7.18247 9.10259
-7.18247 9.10259
-7.18247 9.10259
-7.18247 9.10259
-7.18247 9.10259
-7.18247 9.10259
-7.18247 9.10259
-7.18247 9.10259
-7.18247 9.10259
-7.18247 9.10259
-7.18247 9.10259
-7.18247 9.10259
-7.18247 9.10259
-7.18247 9.10259
-7.18247 9.10259
-7.18247 9.10259
-7.18247 9.10259
-7.18247 9.10259
-7.18247 9.10259
-7.18247 9.10259
-7.18247 9.10259
-7.18247 9.10259
-7.18247 9.10259
-7.18247 9.10259
-7.18247 9.10259
-7.18247 9.10259
-7.18247 9.10259
-7.18247 9.10259
-7.18247 9.10259
-7.18247 9.10259
-7.18247 9.10259
-8 9