-14 22
-13.7987 21.8517
-13.5975 21.7034
-13.3962 21.5551
-13.1949 21.4068
-12.9937 21.2585
-12.7924 21.1102
-12.5911 20.9619
-12.3899 20.8136
-12.1886 20.6653
-11.9874 20.517
-11.7861 20.3687
-11.5848 20.2204
-11.3836 20.0721
-11.1823 19.9238
-10.981 19.7755
-10.7798 19.6272
-10.5785 19.4789
-10.3772 19.3306
-10.176 19.1823
-9.97471 19.034
-9.77345 18.8857
-9.57218 18.7374
-9.37092 18.5891
-9.16965 18.4408
-8.96839 18.2925
-8.76713 18.1442
-8.56586 17.9959
-8.3646 17.8476
-8.16333 17.6993
-7.96207 17.551
-7.76081 17.4027
-7.55954 17.2544
-7.35828 17.1061
-7.15701 16.9578
-6.95575 16.8095
-6.75449 16.6612
-6.55322 16.5129
-6.35196 16.3646
-6.15069 16.2163
-5.94943 16.068
-5.74817 15.9197
-5.5469 15.7714
-5.34564 15.6231
-5.14437 15.4748
-4.94311 15.3265
-4.74185 15.1782
-4.54058 15.0299
-4.33932 14.8816
-4.13805 14.7333
-3.93679 14.585
-3.73553 14.4367
-3.53426 14.2884
-3.333 14.1401
-3.13174 13.9918
-2.93047 13.8435
-2.72921 13.6952
-2.52794 13.5469
-2.32668 13.3986
-2.12542 13.2503
-1.92415 13.102
-1.72289 12.9537
-1.52162 12.8054
-1.32036 12.6571
-1.1191 12.5088
-0.917832 12.3605
-0.716568 12.2122
-0.515304 12.0639
-0.31404 11.9156
-0.112776 11.7673
0.0884884 11.619
0.289752 11.4707
0.491016 11.3224
0.69228 11.1741
0.893544 11.0258
1.09481 10.8775
1.29607 10.7292
1.49734 10.5809
1.6986 10.4326
1.89986 10.2843
2.10113 10.136
2.30239 9.98771
2.50366 9.83941
2.70492 9.69111
2.90618 9.54281
3.10745 9.39451
3.30871 9.24621
3.50998 9.09791
3.71124 8.94961
3.9125 8.80131
4.11377 8.65301
4.31503 8.50471
4.31503 8.50471
4.31503 8.50471
4.31503 8.50471
4.31503 8.50471
4.31503 8.50471
4.31503 8.50471
4.31503 8.50471
4.31503 8.50471
4.31503 8.50471
4.31503 8.50471
4.31503 8.50471
4.31503 8.50471
4.31503 8.50471
4.31503 8.50471
4.31503 8.50471
4.31503 8.50471
4.31503 8.50471
4.31503 8.50471
4.31503 8.50471
4.31503 8.50471
4.31503 8.50471
4.31503 8.50471
4.31503 8.50471
4.31503 8.50471
4.31503 8.50471
4.31503 8.50471
4.31503 8.50471
4.31503 8.50471
4.31503 8.50471
4.31503 8.50471
4.31503 8.50471
4.31503 8.50471
4.31503 8.50471
4.31503 8.50471
4.31503 8.50471
4.31503 8.50471
4.31503 8.50471
4.31503 8.50471
4.31503 8.50471
4.31503 8.50471
4.31503 8.50471
4.31503 8.50471
4.31503 8.50471
4.31503 8.50471
4.31503 8.50471
4.31503 8.50471
4.31503 8.50471
4.31503 8.50471
4.31503 8.50471
4.31503 8.50471
4.31503 8.50471
4.31503 8.50471
4.31503 8.50471
4.31503 8.50471
4.31503 8.50471
4.31503 8.50471
4.31503 8.50471
4.31503 8.50471
4.31503 8.50471
4.31503 8.50471
4.31503 8.50471
4.31503 8.50471
4.31503 8.50471
4.31503 8.50471
4.31503 8.50471
4.31503 8.50471
4.31503 8.50471
4.31503 8.50471
4.31503 8.50471
4.31503 8.50471
4.31503 8.50471
4.31503 8.50471
4.31503 8.50471
4.31503 8.50471
4.31503 8.50471
4.31503 8.50471
4.31503 8.50471
4.31503 8.50471
4.31503 8.50471
4.31503 8.50471
4.31503 8.50471
4.31503 8.50471
4.31503 8.50471
4.31503 8.50471
4.31503 8.50471
4.31503 8.50471
4.31503 8.50471
4.31503 8.50471
4.31503 8.50471
4.31503 8.50471
4.31503 8.50471
4.31503 8.50471
5 8