20 -19
19.7502 -18.9891
19.5005 -18.9783
19.2507 -18.9674
19.0009 -18.9566
18.7512 -18.9457
18.5014 -18.9348
18.2517 -18.924
18.0019 -18.9131
17.7521 -18.9023
17.5024 -18.8914
17.2526 -18.8806
17.0028 -18.8697
16.7531 -18.8588
16.5033 -18.848
16.2535 -18.8371
16.0038 -18.8263
15.754 -18.8154
15.5043 -18.8045
15.2545 -18.7937
15.0047 -18.7828
14.755 -18.772
14.5052 -18.7611
14.2554 -18.7502
14.0057 -18.7394
13.7559 -18.7285
13.5061 -18.7177
13.2564 -18.7068
13.0066 -18.696
12.7568 -18.6851
12.5071 -18.6742
12.2573 -18.6634
12.0076 -18.6525
11.7578 -18.6417
11.508 -18.6308
11.2583 -18.6199
11.0085 -18.6091
10.7587 -18.5982
10.509 -18.5874
10.2592 -18.5765
10.0094 -18.5656
9.75967 -18.5548
9.50991 -18.5439
9.26014 -18.5331
9.01038 -18.5222
8.76062 -18.5113
8.51085 -18.5005
8.26109 -18.4896
8.01132 -18.4788
7.76156 -18.4679
7.51179 -18.457
7.26203 -18.4462
7.01227 -18.4353
6.7625 -18.4245
6.51274 -18.4136
6.26297 -18.4027
6.01321 -18.3919
5.76345 -18.381
5.51368 -18.3702
5.26392 -18.3593
5.01415 -18.3484
4.76439 -18.3376
4.51463 -18.3267
4.26486 -18.3159
4.0151 -18.305
3.76533 -18.2941
3.51557 -18.2833
3.26581 -18.2724
3.01604 -18.2616
2.76628 -18.2507
2.51651 -18.2399
2.26675 -18.229
2.01699 -18.2181
1.76722 -18.2073
1.51746 -18.1964
1.26769 -18.1856
1.01793 -18.1747
0.768166 -18.1638
0.518402 -18.153
0.268638 -18.1421
0.0188744 -18.1313
-0.23089 -18.1204
-0.480654 -18.1095
-0.730418 -18.0987
-0.980182 -18.0878
-1.22995 -18.077
-1.47971 -18.0661
-1.72947 -18.0552
-1.97924 -18.0444
-2.229 -18.0335
-2.31502 -17.98
-2.3151 -17.9798
-2.3151 -17.9798
-2.3151 -17.9798
-2.3151 -17.9798
-2.3151 -17.9798
-2.3151 -17.9798
-2.3151 -17.9798
-2.3151 -17.9798
-2.3151 -17.9798
-2.3151 -17.9798
-2.3151 -17.9798
-2.3151 -17.9798
-2.3151 -17.9798
-2.3151 -17.9798
-2.3151 -17.9798
-2.3151 -17.9798
-2.3151 -17.9798
-2.3151 -17.9798
-2.3151 -17.9798
-2.3151 -17.9798
-2.3151 -17.9798
-2.3151 -17.9798
-2.3151 -17.9798
-2.3151 -17.9798
-2.3151 -17.9798
-2.3151 -17.9798
-2.3151 -17.9798
-2.3151 -17.9798
-2.3151 -17.9798
-2.3151 -17.9798
-2.3151 -17.9798
-2.3151 -17.9798
-2.3151 -17.9798
-2.3151 -17.9798
-2.3151 -17.9798
-2.3151 -17.9798
-2.3151 -17.9798
-2.3151 -17.9798
-2.3151 -17.9798
-2.3151 -17.9798
-2.3151 -17.9798
-2.3151 -17.9798
-2.3151 -17.9798
-2.3151 -17.9798
-2.3151 -17.9798
-2.3151 -17.9798
-2.3151 -17.9798
-2.3151 -17.9798
-2.3151 -17.9798
-2.3151 -17.9798
-2.3151 -17.9798
-2.3151 -17.9798
-2.3151 -17.9798
-2.3151 -17.9798
-2.3151 -17.9798
-2.3151 -17.9798
-2.3151 -17.9798
-2.3151 -17.9798
-2.3151 -17.9798
-2.3151 -17.9798
-2.3151 -17.9798
-2.3151 -17.9798
-2.3151 -17.9798
-2.3151 -17.9798
-2.3151 -17.9798
-2.3151 -17.9798
-2.3151 -17.9798
-2.3151 -17.9798
-2.3151 -17.9798
-2.3151 -17.9798
-2.3151 -17.9798
-2.3151 -17.9798
-2.3151 -17.9798
-2.3151 -17.9798
-2.3151 -17.9798
-2.3151 -17.9798
-2.3151 -17.9798
-2.3151 -17.9798
-2.3151 -17.9798
-2.3151 -17.9798
-2.3151 -17.9798
-2.3151 -17.9798
-2.3151 -17.9798
-2.3151 -17.9798
-2.3151 -17.9798
-2.3151 -17.9798
-2.3151 -17.9798
-2.3151 -17.9798
-2.3151 -17.9798
-2.3151 -17.9798
-2.3151 -17.9798
-2.3151 -17.9798
-2.3151 -17.9798
-3 -18