25 -7
24.8101 -7.06984
24.596 -7.19882
24.3818 -7.32779
24.1676 -7.45676
23.9535 -7.58574
23.7393 -7.71471
23.5251 -7.84369
23.311 -7.97266
23.0968 -8.10164
22.8827 -8.23061
22.6685 -8.35958
22.4543 -8.48856
22.2402 -8.61753
22.026 -8.74651
21.8118 -8.87548
21.5977 -9.00445
21.3835 -9.13343
21.1694 -9.2624
20.9552 -9.39138
20.741 -9.52035
20.5269 -9.64932
20.3127 -9.7783
20.0985 -9.90727
19.8844 -10.0362
19.6702 -10.1652
19.456 -10.2942
19.2419 -10.4232
19.0277 -10.5521
18.8136 -10.6811
18.5994 -10.8101
18.3852 -10.9391
18.1711 -11.068
17.9569 -11.197
17.7427 -11.326
17.5286 -11.455
17.3144 -11.5839
17.1003 -11.7129
16.8861 -11.8419
16.6719 -11.9709
16.4578 -12.0998
16.2436 -12.2288
16.0294 -12.3578
15.8153 -12.4868
15.6011 -12.6157
15.387 -12.7447
15.1728 -12.8737
14.9586 -13.0026
14.7445 -13.1316
14.5303 -13.2606
14.3161 -13.3896
14.102 -13.5185
13.8878 -13.6475
13.6737 -13.7765
13.4595 -13.9055
13.2453 -14.0344
13.0312 -14.1634
12.817 -14.2924
12.6028 -14.4214
12.3887 -14.5503
12.1745 -14.6793
11.9604 -14.8083
11.7462 -14.9373
11.532 -15.0662
11.3179 -15.1952
11.1037 -15.3242
10.8895 -15.4532
10.6754 -15.5821
10.4612 -15.7111
10.247 -15.8401
10.0329 -15.9691
9.81872 -16.098
9.60456 -16.227
9.3904 -16.356
9.17623 -16.485
8.96207 -16.6139
8.74791 -16.7429
8.53374 -16.8719
8.31958 -17.0009
8.10542 -17.1298
7.89126 -17.2588
7.67709 -17.3878
7.46293 -17.5168
7.24877 -17.6457
7.03461 -17.7747
6.82044 -17.9037
6.60628 -18.0327
6.39212 -18.1616
6.17795 -18.2906
5.96379 -18.4196
5.74963 -18.5486
5.74963 -18.5486
5.74963 -18.5486
5.74963 -18.5486
5.74963 -18.5486
5.74963 -18.5486
5.74963 -18.5486
5.74963 -18.5486
5.74963 -18.5486
5.74963 -18.5486
5.74963 -18.5486
5.74963 -18.5486
5.74963 -18.5486
5.74963 -18.5486
5.74963 -18.5486
5.74963 -18.5486
5.74963 -18.5486
5.74963 -18.5486
5.74963 -18.5486
5.74963 -18.5486
5.74963 -18.5486
5.74963 -18.5486
5.74963 -18.5486
5.74963 -18.5486
5.74963 -18.5486
5.74963 -18.5486
5.74963 -18.5486
5.74963 -18.5486
5.74963 -18.5486
5.74963 -18.5486
5.74963 -18.5486
5.74963 -18.5486
5.74963 -18.5486
5.74963 -18.5486
5.74963 -18.5486
5.74963 -18.5486
5.74963 -18.5486
5.74963 -18.5486
5.74963 -18.5486
5.74963 -18.5486
5.74963 -18.5486
5.74963 -18.5486
5.74963 -18.5486
5.74963 -18.5486
5.74963 -18.5486
5.74963 -18.5486
5.74963 -18.5486
5.74963 -18.5486
5.74963 -18.5486
5.74963 -18.5486
5.74963 -18.5486
5.74963 -18.5486
5.74963 -18.5486
5.74963 -18.5486
5.74963 -18.5486
5.74963 -18.5486
5.74963 -18.5486
5.74963 -18.5486
5.74963 -18.5486
5.74963 -18.5486
5.74963 -18.5486
5.74963 -18.5486
5.74963 -18.5486
5.74963 -18.5486
5.74963 -18.5486
5.74963 -18.5486
5.74963 -18.5486
5.74963 -18.5486
5.74963 -18.5486
5.74963 -18.5486
5.74963 -18.5486
5.74963 -18.5486
5.74963 -18.5486
5.74963 -18.5486
5.74963 -18.5486
5.74963 -18.5486
5.74963 -18.5486
5.74963 -18.5486
5.74963 -18.5486
5.74963 -18.5486
5.74963 -18.5486
5.74963 -18.5486
5.74963 -18.5486
5.74963 -18.5486
5.74963 -18.5486
5.74963 -18.5486
5.74963 -18.5486
5.74963 -18.5486
5.74963 -18.5486
5.74963 -18.5486
5.74963 -18.5486
5.74963 -18.5486
5.74963 -18.5486
5.74963 -18.5486
5 -19