8 14
8.0025 13.9742
7.84781 13.8435
7.72185 13.6296
7.59743 13.4127
7.47301 13.1959
7.3486 12.9791
7.22418 12.7622
7.09976 12.5454
6.97535 12.3285
6.85093 12.1117
6.72651 11.8948
6.60209 11.678
6.47768 11.4612
6.35326 11.2443
6.22884 11.0275
6.10442 10.8106
5.98001 10.5938
5.85559 10.377
5.73117 10.1601
5.60676 9.94327
5.48234 9.72643
5.35792 9.50959
5.2335 9.29275
5.10909 9.07591
4.98467 8.85906
4.86025 8.64222
4.73583 8.42538
4.61142 8.20854
4.487 7.9917
4.36258 7.77486
4.23816 7.55801
4.11375 7.34117
3.98933 7.12433
3.86491 6.90749
3.7405 6.69065
3.61608 6.47381
3.49166 6.25696
3.36725 6.04012
3.24283 5.82328
3.11841 5.60644
2.99399 5.3896
2.86958 5.17276
2.74516 4.95591
2.62074 4.73907
2.49633 4.52223
2.37191 4.30539
2.24749 4.08855
2.12307 3.8717
1.99866 3.65486
1.87424 3.43802
1.74982 3.22118
1.62541 3.00434
1.50099 2.7875
1.37657 2.57065
1.25216 2.35381
1.12774 2.13697
1.00332 1.92013
0.878904 1.70329
0.754487 1.48644
0.63007 1.2696
0.505652 1.05276
0.381235 0.835919
0.256818 0.619077
0.132401 0.402235
0.00798393 0.185393
-0.116433 -0.0314486
-0.24085 -0.24829
-0.365267 -0.465132
-0.489685 -0.681974
-0.614102 -0.898816
-0.738519 -1.11566
-0.862936 -1.3325
-0.987353 -1.54934
-1.11177 -1.76618
-1.23619 -1.98303
-1.3606 -2.19987
-1.48502 -2.41671
-1.60944 -2.63355
-1.73386 -2.85039
-1.85827 -3.06723
-1.98269 -3.28408
-2.10711 -3.50092
-2.23152 -3.71776
-2.35594 -3.9346
-2.48036 -4.15144
-2.60478 -4.36829
-2.72919 -4.58513
-2.85361 -4.80197
-2.97803 -5.01881
-3.10244 -5.23565
-3.22686 -5.45249
-3.35128 -5.66934
-3.47569 -5.88618
-3.60011 -6.10302
-3.72453 -6.31986
-3.84895 -6.5367
-3.97336 -6.75354
-4.09778 -6.97039
-4.2222 -7.18723
-4.34661 -7.40407
-4.47103 -7.62091
-4.59545 -7.83775
-4.71987 -8.05459
-4.84428 -8.27144
-4.9687 -8.48828
-5.09312 -8.70512
-5.21754 -8.92196
-5.34195 -9.1388
-5.46637 -9.35565
-5.59079 -9.57249
-5.71521 -9.78933
-5.83962 -10.0062
-5.96404 -10.223
-6.08846 -10.4399
-6.21287 -10.6567
-6.33729 -10.8735
-6.46171 -11.0904
-6.58612 -11.3072
-6.71054 -11.5241
-6.83496 -11.7409
-6.95938 -11.9577
-7.08379 -12.1746
-7.20821 -12.3914
-7.33263 -12.6083
-7.45704 -12.8251
-7.58146 -13.042
-7.70588 -13.2588
-7.83029 -13.4756
-7.95471 -13.6925
-8.07913 -13.9093
-8.20355 -14.1262
-8.32796 -14.343
-8.45238 -14.5598
-8.5768 -14.7767
-8.70121 -14.9935
-8.82563 -15.2104
-8.95005 -15.4272
-9.07447 -15.6441
-9.19888 -15.8609
-9.3233 -16.0777
-9.44772 -16.2946
-9.57214 -16.5114
-9.69655 -16.7283
-9.82097 -16.9451
-9.94539 -17.162
-10.0698 -17.3788
-10.1942 -17.5956
-10.3186 -17.8125
-10.4431 -18.0293
-10.5675 -18.2462
-10.5675 -18.2462
-10.5675 -18.2462
-10.5675 -18.2462
-10.5675 -18.2462
-10.5675 -18.2462
-10.5675 -18.2462
-10.5675 -18.2462
-10.5675 -18.2462
-10.5675 -18.2462
-10.5675 -18.2462
-10.5675 -18.2462
-10.5675 -18.2462
-10.5675 -18.2462
-10.5675 -18.2462
-10.5675 -18.2462
-10.5675 -18.2462
-10.5675 -18.2462
-10.5675 -18.2462
-10.5675 -18.2462
-10.5675 -18.2462
-10.5675 -18.2462
-10.5675 -18.2462
-10.5675 -18.2462
-10.5675 -18.2462
-10.5675 -18.2462
-11 -19