17 7
16.8883 7.04782
16.7428 7.13036
16.5192 7.24215
16.2955 7.35394
16.0719 7.46573
15.8483 7.57753
15.6247 7.68932
15.4011 7.80111
15.1775 7.9129
14.9539 8.02469
14.7302 8.13648
14.5066 8.24827
14.283 8.36007
14.0594 8.47186
13.8358 8.58365
13.6122 8.69544
13.3886 8.80723
13.165 8.91902
12.9413 9.03082
12.7177 9.14261
12.4941 9.2544
12.2705 9.36619
12.0469 9.47798
11.8233 9.58977
11.5997 9.70156
11.3761 9.81336
11.1524 9.92515
10.9288 10.0369
10.7052 10.1487
10.4816 10.2605
10.258 10.3723
10.0344 10.4841
9.81077 10.5959
9.58716 10.7077
9.36354 10.8195
9.13993 10.9313
8.91632 11.0431
8.6927 11.1549
8.46909 11.2666
8.24548 11.3784
8.02187 11.4902
7.79825 11.602
7.57464 11.7138
7.35103 11.8256
7.12741 11.9374
6.9038 12.0492
6.68019 12.161
6.45658 12.2728
6.23296 12.3846
6.00935 12.4964
5.78574 12.6081
5.56213 12.7199
5.33851 12.8317
5.1149 12.9435
4.89129 13.0553
4.66767 13.1671
4.44406 13.2789
4.22045 13.3907
3.99684 13.5025
3.77322 13.6143
3.54961 13.7261
3.326 13.8378
3.10238 13.9496
2.87877 14.0614
2.65516 14.1732
2.43154 14.285
2.20793 14.3968
1.98432 14.5086
1.76071 14.6204
1.53709 14.7322
1.31348 14.844
1.08987 14.9558
0.866254 15.0675
0.642641 15.1793
0.419028 15.2911
0.195415 15.4029
-0.0281979 15.5147
-0.251811 15.6265
-0.475424 15.7383
-0.699037 15.8501
-0.92265 15.9619
-1.14626 16.0737
-1.36988 16.1855
-1.59349 16.2973
-1.8171 16.409
-2.04071 16.5208
-2.26433 16.6326
-2.48794 16.7444
-2.71155 16.8562
-2.93517 16.968
-3.15878 17.0798
-3.38239 17.1916
-3.60601 17.3034
-3.82962 17.4152
-4.05323 17.527
-4.27684 17.6388
-4.50046 17.7505
-4.72407 17.8623
-4.94768 17.9741
-5.1713 18.0859
-5.39491 18.1977
-5.61852 18.3095
-5.84214 18.4213
-6.06575 18.5331
-6.28936 18.6449
-6.51298 18.7567
-6.73659 18.8685
-6.9602 18.9802
-7.18382 19.092
-7.40743 19.2038
-7.63104 19.3156
-7.85466 19.4274
-8.07827 19.5392
-8.30188 19.651
-8.30188 19.651
-8.30188 19.651
-8.30188 19.651
-8.30188 19.651
-8.30188 19.651
-8.30188 19.651
-8.30188 19.651
-8.30188 19.651
-8.30188 19.651
-8.30188 19.651
-8.30188 19.651
-8.30188 19.651
-8.30188 19.651
-8.30188 19.651
-8.30188 19.651
-8.30188 19.651
-8.30188 19.651
-8.30188 19.651
-8.30188 19.651
-8.30188 19.651
-8.30188 19.651
-8.30188 19.651
-8.30188 19.651
-8.30188 19.651
-8.30188 19.651
-8.30188 19.651
-8.30188 19.651
-8.30188 19.651
-8.30188 19.651
-8.30188 19.651
-8.30188 19.651
-8.30188 19.651
-8.30188 19.651
-8.30188 19.651
-8.30188 19.651
-8.30188 19.651
-8.30188 19.651
-8.30188 19.651
-8.30188 19.651
-8.30188 19.651
-8.30188 19.651
-8.30188 19.651
-8.30188 19.651
-8.30188 19.651
-8.30188 19.651
-8.30188 19.651
-8.30188 19.651
-8.30188 19.651
-8.30188 19.651
-8.30188 19.651
-8.30188 19.651
-8.30188 19.651
-8.30188 19.651
-8.30188 19.651
-8.30188 19.651
-8.30188 19.651
-8.30188 19.651
-8.30188 19.651
-8.30188 19.651
-8.30188 19.651
-8.30188 19.651
-9 20