6 11
6.09773 10.9138
6.25559 10.7504
6.45748 10.5996
6.66448 10.4577
6.87414 10.3205
7.0852 10.1859
7.297 10.0525
7.5092 9.91978
7.72161 9.78745
7.93413 9.65532
8.14671 9.52329
8.35932 9.39132
8.57196 9.25938
8.78461 9.12745
8.99726 8.99554
9.20992 8.86362
9.42259 8.73171
9.63526 8.5998
9.84793 8.46789
10.0606 8.33597
10.2733 8.20406
10.4859 8.07215
10.6986 7.94024
10.9113 7.80833
11.1302 7.68753
11.3491 7.56674
11.5679 7.44594
11.7868 7.32515
12.0057 7.20435
12.2246 7.08356
12.4435 6.96276
12.6623 6.84197
12.8812 6.72117
13.1001 6.60038
13.319 6.47959
13.5379 6.35879
13.7567 6.238
13.9756 6.1172
14.1945 5.99641
14.4134 5.87561
14.6323 5.75482
14.8511 5.63402
15.07 5.51323
15.2889 5.39243
15.2889 5.39243
15.2889 5.39243
15.2889 5.39243
15.2889 5.39243
15.2889 5.39243
15.2889 5.39243
15.2889 5.39243
15.2889 5.39243
15.2889 5.39243
15.2889 5.39243
15.2889 5.39243
15.2889 5.39243
15.2889 5.39243
15.2889 5.39243
15.2889 5.39243
15.2889 5.39243
15.2889 5.39243
15.2889 5.39243
15.2889 5.39243
15.2889 5.39243
15.2889 5.39243
15.2889 5.39243
15.2889 5.39243
15.2889 5.39243
15.2889 5.39243
15.2889 5.39243
15.2889 5.39243
15.2889 5.39243
15.2889 5.39243
15.2889 5.39243
15.2889 5.39243
15.2889 5.39243
15.2889 5.39243
15.2889 5.39243
15.2889 5.39243
15.2889 5.39243
15.2889 5.39243
15.2889 5.39243
15.2889 5.39243
15.2889 5.39243
15.2889 5.39243
15.2889 5.39243
15.2889 5.39243
15.2889 5.39243
15.2889 5.39243
15.2889 5.39243
15.2889 5.39243
15.2889 5.39243
15.2889 5.39243
15.2889 5.39243
15.2889 5.39243
15.2889 5.39243
15.2889 5.39243
15.2889 5.39243
15.2889 5.39243
15.2889 5.39243
15.2889 5.39243
15.2889 5.39243
15.2889 5.39243
15.2889 5.39243
15.2889 5.39243
15.2889 5.39243
15.2889 5.39243
15.2889 5.39243
15.2889 5.39243
15.2889 5.39243
15.2889 5.39243
15.2889 5.39243
15.2889 5.39243
15.2889 5.39243
15.2889 5.39243
15.2889 5.39243
15.2889 5.39243
15.2889 5.39243
15.2889 5.39243
15.2889 5.39243
15.2889 5.39243
15.2889 5.39243
15.2889 5.39243
15.2889 5.39243
15.2889 5.39243
15.2889 5.39243
15.2889 5.39243
15.2889 5.39243
15.2889 5.39243
15.2889 5.39243
15.2889 5.39243
15.2889 5.39243
15.2889 5.39243
15.2889 5.39243
15.2889 5.39243
15.2889 5.39243
15.2889 5.39243
15.2889 5.39243
15.2889 5.39243
15.2889 5.39243
15.2889 5.39243
15.2889 5.39243
15.2889 5.39243
15.2889 5.39243
15.2889 5.39243
15.2889 5.39243
15.2889 5.39243
15.2889 5.39243
15.2889 5.39243
15.2889 5.39243
15.2889 5.39243
15.2889 5.39243
15.2889 5.39243
15.2889 5.39243
15.2889 5.39243
15.2889 5.39243
15.2889 5.39243
15.2889 5.39243
15.2889 5.39243
15.2889 5.39243
15.2889 5.39243
15.2889 5.39243
15.2889 5.39243
15.2889 5.39243
15.2889 5.39243
15.2889 5.39243
15.2889 5.39243
15.2889 5.39243
15.2889 5.39243
15.2889 5.39243
15.2889 5.39243
15.2889 5.39243
15.2889 5.39243
15.2889 5.39243
15.2889 5.39243
16 5