9 -8
8.81148 -7.8358
8.62296 -7.67161
8.43444 -7.50741
8.24592 -7.34322
8.0574 -7.17902
7.86888 -7.01483
7.68036 -6.85063
7.49184 -6.68644
7.30332 -6.52224
7.1148 -6.35805
6.92628 -6.19385
6.73775 -6.02966
6.54923 -5.86546
6.36071 -5.70127
6.17219 -5.53707
5.98367 -5.37288
5.79515 -5.20868
5.60663 -5.04449
5.41811 -4.88029
5.22959 -4.7161
5.04107 -4.5519
4.85255 -4.38771
4.66403 -4.22351
4.47551 -4.05932
4.28699 -3.89512
4.09847 -3.73093
3.90995 -3.56673
3.72143 -3.40254
3.53291 -3.23834
3.34439 -3.07415
3.15587 -2.90995
2.96735 -2.74576
2.77883 -2.58156
2.59031 -2.41737
2.40178 -2.25317
2.21326 -2.08897
2.02474 -1.92478
1.83622 -1.76058
1.6477 -1.59639
1.45918 -1.43219
1.27066 -1.268
1.08214 -1.1038
0.893621 -0.939609
0.705101 -0.775414
0.516581 -0.611218
0.32806 -0.447023
0.13954 -0.282828
-0.0489805 -0.118633
-0.237501 0.0455624
-0.426021 0.209758
-0.614542 0.373953
-0.803062 0.538148
-0.991582 0.702343
-1.1801 0.866538
-1.36862 1.03073
-1.55714 1.19493
-1.74566 1.35912
-1.93418 1.52332
-2.1227 1.68751
-2.31123 1.85171
-2.49975 2.0159
-2.68827 2.1801
-2.87679 2.3443
-3.06531 2.50849
-3.25383 2.67269
-3.44235 2.83688
-3.63087 3.00108
-3.81939 3.16527
-4.00791 3.32947
-4.19643 3.49366
-4.38495 3.65786
-4.57347 3.82205
-4.76199 3.98625
-4.95051 4.15044
-5.13903 4.31464
-5.32755 4.47883
-5.51607 4.64303
-5.70459 4.80722
-5.89311 4.97142
-6.08163 5.13561
-6.27015 5.29981
-6.45867 5.464
-6.6472 5.6282
-6.83572 5.79239
-7.02424 5.95659
-7.21276 6.12078
-7.40128 6.28498
-7.5898 6.44917
-7.77832 6.61337
-7.96684 6.77756
-8.15536 6.94176
-8.34388 7.10595
-8.5324 7.27015
-8.72092 7.43434
-8.90944 7.59854
-9.09796 7.76273
-9.28648 7.92693
-9.475 8.09113
-9.66352 8.25532
-9.85204 8.41952
-10.0406 8.58371
-10.2291 8.74791
-10.4176 8.9121
-10.6061 9.0763
-10.7946 9.24049
-10.9832 9.40469
-11.1717 9.56888
-11.3602 9.73308
-11.5487 9.89727
-11.7372 10.0615
-11.9258 10.2257
-12.1143 10.3899
-12.3028 10.5541
-12.4913 10.7182
-12.6798 10.8824
-12.8684 11.0466
-13.0569 11.2108
-13.2454 11.375
-13.4339 11.5392
-13.6225 11.7034
-13.811 11.8676
-13.9995 12.0318
-14.188 12.196
-14.3765 12.3602
-14.5651 12.5244
-14.7536 12.6886
-14.9421 12.8528
-15.1306 13.017
-15.3191 13.1812
-15.5077 13.3454
-15.6962 13.5096
-15.8847 13.6738
-16.0732 13.838
-16.2617 14.0021
-16.4503 14.1663
-16.6388 14.3305
-16.8273 14.4947
-17.0158 14.6589
-17.2043 14.8231
-17.3929 14.9873
-17.5814 15.1515
-17.7699 15.3157
-17.9584 15.4799
-18.1469 15.6441
-18.3355 15.8083
-18.524 15.9725
-18.7125 16.1367
-18.901 16.3009
-19.0895 16.4651
-19.2781 16.6293
-19.4666 16.7935
-19.6551 16.9577
-19.8436 17.1219
-20.0321 17.2861
-20.2207 17.4503
-20.4092 17.6144
-20.5977 17.7786
-20.7862 17.9428
-20.9747 18.107
-21.1633 18.2712
-21.3518 18.4354
-21.3518 18.4354
-21.3518 18.4354
-21.3518 18.4354
-21.3518 18.4354
-21.3518 18.4354
-21.3518 18.4354
-21.3518 18.4354
-21.3518 18.4354
-21.3518 18.4354
-21.3518 18.4354
-21.3518 18.4354
-21.3518 18.4354
-21.3518 18.4354
-21.3518 18.4354
-22 19