-19 20
-18.8048 19.8438
-18.6096 19.6877
-18.4143 19.5315
-18.2191 19.3753
-18.0239 19.2191
-17.8287 19.063
-17.6335 18.9068
-17.4383 18.7506
-17.243 18.5944
-17.0478 18.4383
-16.8526 18.2821
-16.6574 18.1259
-16.4622 17.9697
-16.267 17.8136
-16.0717 17.6574
-15.8765 17.5012
-15.6813 17.345
-15.4861 17.1889
-15.2909 17.0327
-15.0957 16.8765
-14.9004 16.7204
-14.7052 16.5642
-14.51 16.408
-14.3148 16.2518
-14.1196 16.0957
-13.9244 15.9395
-13.7291 15.7833
-13.5339 15.6271
-13.3387 15.471
-13.1435 15.3148
-12.9483 15.1586
-12.7531 15.0024
-12.5578 14.8463
-12.3626 14.6901
-12.1674 14.5339
-11.9722 14.3777
-11.777 14.2216
-11.5817 14.0654
-11.3865 13.9092
-11.1913 13.7531
-10.9961 13.5969
-10.8009 13.4407
-10.6057 13.2845
-10.4104 13.1284
-10.2152 12.9722
-10.02 12.816
-9.82479 12.6598
-9.62958 12.5037
-9.43436 12.3475
-9.23914 12.1913
-9.04393 12.0351
-8.84871 11.879
-8.65349 11.7228
-8.45827 11.5666
-8.26306 11.4104
-8.06784 11.2543
-7.87262 11.0981
-7.67741 10.9419
-7.48219 10.7858
-7.28697 10.6296
-7.09175 10.4734
-6.89654 10.3172
-6.70132 10.1611
-6.5061 10.0049
-6.31089 9.84871
-6.11567 9.69254
-5.92045 9.53636
-5.72523 9.38019
-5.53002 9.22401
-5.3348 9.06784
-5.13958 8.91167
-4.94437 8.75549
-4.74915 8.59932
-4.55393 8.44315
-4.35872 8.28697
-4.1635 8.1308
-3.96828 7.97462
-3.77306 7.81845
-3.57785 7.66228
-3.38263 7.5061
-3.18741 7.34993
-2.9922 7.19376
-2.79698 7.03758
-2.60176 6.88141
-2.40654 6.72523
-2.21133 6.56906
-2.01611 6.41289
-1.82089 6.25671
-1.62567 6.10054
-1.43046 5.94437
-1.23524 5.78819
-1.04002 5.63202
-0.844806 5.47585
-0.649589 5.31967
-0.454372 5.1635
-0.259155 5.00732
-0.0639375 4.85115
0.13128 4.69498
0.326497 4.5388
0.521714 4.38263
0.716931 4.22646
0.912148 4.07028
1.10737 3.91411
1.30258 3.75793
1.4978 3.60176
1.69302 3.44559
1.88823 3.28941
2.08345 3.13324
2.27867 2.97707
2.47389 2.82089
2.6691 2.66472
2.86432 2.50854
3.05954 2.35237
3.25475 2.1962
3.44997 2.04002
3.64519 1.88385
3.84041 1.72768
4.03562 1.5715
4.23084 1.41533
4.42606 1.25915
4.62127 1.10298
4.81649 0.946807
5.01171 0.790633
5.20693 0.63446
5.40214 0.478286
5.59736 0.322112
5.79258 0.165938
5.98779 0.00976463
6.18301 -0.146409
6.37823 -0.302583
6.57345 -0.458757
6.76866 -0.61493
6.96388 -0.771104
7.1591 -0.927278
7.35431 -1.08345
7.54953 -1.23963
7.74475 -1.3958
7.93997 -1.55197
8.13518 -1.70815
8.3304 -1.86432
8.52562 -2.02049
8.72083 -2.17667
8.91605 -2.33284
9.11127 -2.48902
9.30649 -2.64519
9.5017 -2.80136
9.69692 -2.95754
9.89214 -3.11371
10.0874 -3.26988
10.2826 -3.42606
10.4778 -3.58223
10.673 -3.7384
10.8682 -3.89458
11.0634 -4.05075
11.2587 -4.20693
11.4539 -4.3631
11.6491 -4.51927
11.8443 -4.67545
12.0395 -4.83162
12.2347 -4.98779
12.43 -5.14397
12.6252 -5.30014
12.8204 -5.45632
13.0156 -5.61249
13.2108 -5.76866
13.406 -5.92484
13.6013 -6.08101
13.7965 -6.23718
13.9917 -6.39336
14.1869 -6.54953
14.3821 -6.70571
14.5773 -6.86188
14.7726 -7.01805
14.9678 -7.17423
15.163 -7.3304
16 -8