2 12
1.83391 12.1869
1.66782 12.3737
1.50173 12.5606
1.33564 12.7474
1.16955 12.9343
1.00345 13.1211
0.837363 13.308
0.671272 13.4948
0.505181 13.6817
0.33909 13.8685
0.172999 14.0554
0.00690839 14.2422
-0.159183 14.4291
-0.325274 14.6159
-0.491365 14.8028
-0.657456 14.9896
-0.823546 15.1765
-0.989637 15.3633
-1.15573 15.5502
-1.32182 15.737
-1.48791 15.9239
-1.654 16.1108
-1.82009 16.2976
-1.98618 16.4845
-2.15227 16.6713
-2.31837 16.8582
-2.48446 17.045
-2.65055 17.2319
-2.81664 17.4187
-2.98273 17.6056
-3.14882 17.7924
-3.31491 17.9793
-3.481 18.1661
-3.64709 18.353
-3.81318 18.5398
-3.97927 18.7267
-4.14536 18.9135
-4.31146 19.1004
-4.47755 19.2872
-4.64364 19.4741
-4.80973 19.6609
-4.97582 19.8478
-5.14191 20.0346
-5.308 20.2215
-5.47409 20.4084
-5.58141 20.5158
-5.66029 20.5823
-5.72694 20.6262
-5.79002 20.6544
-5.85277 20.6663
-5.9113 20.6572
-5.952 20.627
-5.97648 20.5907
-5.99978 20.5561
-6.02247 20.5224
-6.04484 20.4892
-6.06705 20.4562
-6.08917 20.4233
-6.11126 20.3905
-6.13332 20.3578
-6.15536 20.325
-6.1774 20.2923
-6.19944 20.2595
-6.22148 20.2268
-6.22148 20.2268
-6.22148 20.2268
-6.22148 20.2268
-6.22148 20.2268
-6.22148 20.2268
-6.22148 20.2268
-6.22148 20.2268
-6.22148 20.2268
-6.22148 20.2268
-6.22148 20.2268
-6.22148 20.2268
-6.22148 20.2268
-6.22148 20.2268
-6.22148 20.2268
-6.22148 20.2268
-6.22148 20.2268
-6.22148 20.2268
-6.22148 20.2268
-6.22148 20.2268
-6.22148 20.2268
-6.22148 20.2268
-6.22148 20.2268
-6.22148 20.2268
-6.22148 20.2268
-6.22148 20.2268
-6.22148 20.2268
-6.22148 20.2268
-6.22148 20.2268
-6.22148 20.2268
-6.22148 20.2268
-6.22148 20.2268
-6.22148 20.2268
-6.22148 20.2268
-6.22148 20.2268
-6.22148 20.2268
-6.22148 20.2268
-6.22148 20.2268
-6.22148 20.2268
-6.22148 20.2268
-6.22148 20.2268
-6.22148 20.2268
-6.22148 20.2268
-6.22148 20.2268
-6.22148 20.2268
-6.22148 20.2268
-6.22148 20.2268
-6.22148 20.2268
-6.22148 20.2268
-6.22148 20.2268
-6.22148 20.2268
-6.22148 20.2268
-6.22148 20.2268
-6.22148 20.2268
-6.22148 20.2268
-6.22148 20.2268
-6.22148 20.2268
-6.22148 20.2268
-6.22148 20.2268
-6.22148 20.2268
-6.22148 20.2268
-6.22148 20.2268
-6.22148 20.2268
-6.22148 20.2268
-6.22148 20.2268
-6.22148 20.2268
-6.22148 20.2268
-6.22148 20.2268
-6.22148 20.2268
-6.22148 20.2268
-6.22148 20.2268
-6.22148 20.2268
-6.22148 20.2268
-6.22148 20.2268
-6.22148 20.2268
-6.22148 20.2268
-6.22148 20.2268
-6.22148 20.2268
-6.22148 20.2268
-6.22148 20.2268
-6.22148 20.2268
-6.22148 20.2268
-6.22148 20.2268
-6.22148 20.2268
-6.22148 20.2268
-6.22148 20.2268
-6.22148 20.2268
-6.22148 20.2268
-6.22148 20.2268
-6.22148 20.2268
-6.22148 20.2268
-6.22148 20.2268
-6.22148 20.2268
-6.22148 20.2268
-6.22148 20.2268
-6.22148 20.2268
-6.22148 20.2268
-6.22148 20.2268
-6.22148 20.2268
-6.22148 20.2268
-6.22148 20.2268
-6.22148 20.2268
-6.22148 20.2268
-6.22148 20.2268
-6.22148 20.2268
-6.22148 20.2268
-6.22148 20.2268
-6.22148 20.2268
-6.22148 20.2268
-6.22148 20.2268
-6.22148 20.2268
-6.22148 20.2268
-6.22148 20.2268
-6.22148 20.2268
-6.22148 20.2268
-6.22148 20.2268
-6 21