14 12
13.875 12.1057
13.6482 12.2108
13.4214 12.316
13.1945 12.4211
12.9677 12.5262
12.7409 12.6314
12.5141 12.7365
12.2872 12.8416
12.0604 12.9467
11.8336 13.0519
11.6068 13.157
11.38 13.2621
11.1531 13.3672
10.9263 13.4724
10.6995 13.5775
10.4727 13.6826
10.2458 13.7878
10.019 13.8929
9.79221 13.998
9.56538 14.1031
9.33856 14.2083
9.11174 14.3134
8.88492 14.4185
8.6581 14.5237
8.43127 14.6288
8.20445 14.7339
7.97763 14.839
7.75081 14.9442
7.52399 15.0493
7.29716 15.1544
7.07034 15.2595
6.84352 15.3647
6.6167 15.4698
6.38988 15.5749
6.16306 15.6801
5.93623 15.7852
5.70941 15.8903
5.48259 15.9954
5.25577 16.1006
5.02895 16.2057
4.80212 16.3108
4.5753 16.4159
4.34848 16.5211
4.12166 16.6262
3.89484 16.7313
3.66801 16.8365
3.44119 16.9416
3.21437 17.0467
2.98755 17.1518
2.76073 17.257
2.53391 17.3621
2.30708 17.4672
2.08026 17.5723
1.85344 17.6775
1.62662 17.7826
1.3998 17.8877
1.17298 17.9929
0.946155 18.098
0.719333 18.2031
0.492511 18.3082
0.26569 18.4134
0.0388682 18.5185
-0.187953 18.6236
-0.187953 18.6236
-0.187953 18.6236
-0.187953 18.6236
-0.187953 18.6236
-0.187953 18.6236
-0.187953 18.6236
-0.187953 18.6236
-0.187953 18.6236
-0.187953 18.6236
-0.187953 18.6236
-0.187953 18.6236
-0.187953 18.6236
-0.187953 18.6236
-0.187953 18.6236
-0.187953 18.6236
-0.187953 18.6236
-0.187953 18.6236
-0.187953 18.6236
-0.187953 18.6236
-0.187953 18.6236
-0.187953 18.6236
-0.187953 18.6236
-0.187953 18.6236
-0.187953 18.6236
-0.187953 18.6236
-0.187953 18.6236
-0.187953 18.6236
-0.187953 18.6236
-0.187953 18.6236
-0.187953 18.6236
-0.187953 18.6236
-0.187953 18.6236
-0.187953 18.6236
-0.187953 18.6236
-0.187953 18.6236
-0.187953 18.6236
-0.187953 18.6236
-0.187953 18.6236
-0.187953 18.6236
-0.187953 18.6236
-0.187953 18.6236
-0.187953 18.6236
-0.187953 18.6236
-0.187953 18.6236
-0.187953 18.6236
-0.187953 18.6236
-0.187953 18.6236
-0.187953 18.6236
-0.187953 18.6236
-0.187953 18.6236
-0.187953 18.6236
-0.187953 18.6236
-0.187953 18.6236
-0.187953 18.6236
-0.187953 18.6236
-0.187953 18.6236
-0.187953 18.6236
-0.187953 18.6236
-0.187953 18.6236
-0.187953 18.6236
-0.187953 18.6236
-0.187953 18.6236
-0.187953 18.6236
-0.187953 18.6236
-0.187953 18.6236
-0.187953 18.6236
-0.187953 18.6236
-0.187953 18.6236
-0.187953 18.6236
-0.187953 18.6236
-0.187953 18.6236
-0.187953 18.6236
-0.187953 18.6236
-0.187953 18.6236
-0.187953 18.6236
-0.187953 18.6236
-0.187953 18.6236
-0.187953 18.6236
-0.187953 18.6236
-0.187953 18.6236
-0.187953 18.6236
-0.187953 18.6236
-0.187953 18.6236
-0.187953 18.6236
-0.187953 18.6236
-0.187953 18.6236
-0.187953 18.6236
-0.187953 18.6236
-0.187953 18.6236
-0.187953 18.6236
-0.187953 18.6236
-0.187953 18.6236
-0.187953 18.6236
-0.187953 18.6236
-0.187953 18.6236
-0.187953 18.6236
-0.187953 18.6236
-0.187953 18.6236
-0.187953 18.6236
-0.187953 18.6236
-0.187953 18.6236
-0.187953 18.6236
-0.187953 18.6236
-0.187953 18.6236
-0.187953 18.6236
-0.187953 18.6236
-0.187953 18.6236
-0.187953 18.6236
-0.187953 18.6236
-0.187953 18.6236
-0.187953 18.6236
-0.187953 18.6236
-0.187953 18.6236
-0.187953 18.6236
-0.187953 18.6236
-0.187953 18.6236
-1 19