-24 -10
-23.8435 -9.97629
-23.5984 -9.92723
-23.3532 -9.87816
-23.1081 -9.82909
-22.8629 -9.78002
-22.6178 -9.73095
-22.3727 -9.68188
-22.1275 -9.63281
-21.8824 -9.58374
-21.6373 -9.53467
-21.3921 -9.4856
-21.147 -9.43653
-20.9019 -9.38746
-20.6567 -9.33839
-20.4116 -9.28933
-20.1664 -9.24026
-19.9213 -9.19119
-19.6762 -9.14212
-19.431 -9.09305
-19.1859 -9.04398
-18.9408 -8.99491
-18.6956 -8.94584
-18.4505 -8.89677
-18.2054 -8.84771
-17.9602 -8.79864
-17.7151 -8.74957
-17.4699 -8.7005
-17.2248 -8.65143
-16.9797 -8.60236
-16.7345 -8.55329
-16.4894 -8.50422
-16.2443 -8.45516
-15.9991 -8.40609
-15.754 -8.35702
-15.5089 -8.30795
-15.2637 -8.25888
-15.0186 -8.20981
-14.7734 -8.16074
-14.5283 -8.11167
-14.2832 -8.0626
-14.038 -8.01354
-13.7929 -7.96447
-13.5478 -7.9154
-13.3026 -7.86633
-13.0575 -7.81726
-12.8123 -7.76819
-12.5672 -7.71912
-12.3221 -7.67005
-12.0769 -7.62099
-11.8318 -7.57192
-11.5867 -7.52285
-11.3415 -7.47378
-11.0964 -7.42471
-10.8512 -7.37564
-10.6061 -7.32657
-10.361 -7.2775
-10.1158 -7.22843
-9.8707 -7.17936
-9.62556 -7.1303
-9.38042 -7.08123
-9.13528 -7.03216
-8.89015 -6.98309
-8.64501 -6.93402
-8.39987 -6.88495
-8.15473 -6.83588
-7.9096 -6.78681
-7.66446 -6.73774
-7.41932 -6.68868
-7.17419 -6.63961
-6.92905 -6.59054
-6.68391 -6.54147
-6.43877 -6.4924
-6.19364 -6.44333
-5.9485 -6.39426
-5.70336 -6.34519
-5.45823 -6.29612
-5.21309 -6.24706
-4.96795 -6.19799
-4.72281 -6.14892
-4.47768 -6.09985
-4.23254 -6.05078
-3.9874 -6.00171
-3.74226 -5.95264
-3.49713 -5.90357
-3.25199 -5.8545
-3.00685 -5.80543
-2.76172 -5.75637
-2.51658 -5.7073
-2.27144 -5.65823
-2.0263 -5.60916
-1.78117 -5.56009
-1.53603 -5.51102
-1.29089 -5.46195
-1.04576 -5.41288
-0.800618 -5.36381
-0.555481 -5.31475
-0.310344 -5.26568
-0.0652067 -5.21661
0.17993 -5.16754
0.425068 -5.11847
0.670205 -5.0694
0.915342 -5.02033
1.16048 -4.97126
1.40562 -4.92219
1.65075 -4.87313
1.89589 -4.82406
2.14103 -4.77499
2.38617 -4.72592
2.6313 -4.67685
2.87644 -4.62778
3.12158 -4.57871
3.36671 -4.52964
3.61185 -4.48057
3.85699 -4.4315
4.10213 -4.38244
4.34726 -4.33337
4.5924 -4.2843
4.83754 -4.23523
5.08267 -4.18616
5.32781 -4.13709
5.57295 -4.08802
5.81809 -4.03895
6.06322 -3.98988
6.30836 -3.94082
6.5535 -3.89175
6.79864 -3.84268
7.04377 -3.79361
7.28891 -3.74454
7.53405 -3.69547
7.77918 -3.6464
8.02432 -3.59733
8.26946 -3.54826
8.5146 -3.4992
8.75973 -3.45013
9.00487 -3.40106
9.25001 -3.35199
9.49514 -3.30292
9.74028 -3.25385
9.98542 -3.20478
10.2306 -3.15571
10.4757 -3.10664
10.7208 -3.05757
10.966 -3.00851
11.2111 -2.95944
11.4562 -2.91037
11.7014 -2.8613
11.9465 -2.81223
12.1917 -2.76316
12.4368 -2.71409
12.6819 -2.66502
12.9271 -2.61595
13.1722 -2.56689
13.4173 -2.51782
13.6625 -2.46875
13.9076 -2.41968
14.1528 -2.37061
14.3979 -2.32154
14.643 -2.27247
14.8882 -2.2234
15.1333 -2.17433
15.3784 -2.12527
15.6236 -2.0762
15.8687 -2.02713
16.1138 -1.97806
16.359 -1.92899
16.6041 -1.87992
16.8493 -1.83085
17.0944 -1.78178
17.3395 -1.73271
17.5847 -1.68364
17.8298 -1.63458
18.0749 -1.58551
18.3201 -1.53644
18.5652 -1.48737
18.8103 -1.4383
19.0555 -1.38923
19.3006 -1.34016
19.5458 -1.29109
19.7909 -1.24203
21 -1