-10 -6
-10.1478 -5.7984
-10.2957 -5.5968
-10.4435 -5.3952
-10.5914 -5.1936
-10.7392 -4.99199
-10.887 -4.79039
-11.0349 -4.58879
-11.1827 -4.38719
-11.3306 -4.18559
-11.4784 -3.98399
-11.6262 -3.78239
-11.7741 -3.58079
-11.9219 -3.37919
-12.0698 -3.17758
-12.2176 -2.97598
-12.3654 -2.77438
-12.5133 -2.57278
-12.6611 -2.37118
-12.809 -2.16958
-12.9568 -1.96798
-13.1047 -1.76638
-13.2525 -1.56477
-13.4003 -1.36317
-13.5482 -1.16157
-13.696 -0.959971
-13.8439 -0.75837
-13.9917 -0.556769
-14.1395 -0.355168
-14.2874 -0.153566
-14.4352 0.0480349
-14.5831 0.249636
-14.7309 0.451237
-14.8787 0.652838
-15.0266 0.85444
-15.1744 1.05604
-15.3223 1.25764
-15.4701 1.45924
-15.6179 1.66084
-15.7658 1.86245
-15.9136 2.06405
-16.0615 2.26565
-16.2093 2.46725
-16.3572 2.66885
-16.505 2.87045
-16.6528 3.07205
-16.8007 3.27365
-16.9485 3.47526
-17.0964 3.67686
-17.2442 3.87846
-17.392 4.08006
-17.5399 4.28166
-17.6877 4.48326
-17.8356 4.68486
-17.9834 4.88646
-18.1312 5.08806
-18.2791 5.28967
-18.4269 5.49127
-18.5748 5.69287
-18.7226 5.89447
-18.8704 6.09607
-19.0183 6.29767
-19.1661 6.49927
-19.314 6.70087
-19.4618 6.90247
-19.6096 7.10407
-19.7575 7.30568
-19.9053 7.50728
-20.0532 7.70888
-20.201 7.91048
-20.3489 8.11208
-20.4967 8.31368
-20.4967 8.31368
-20.4967 8.31368
-20.4967 8.31368
-20.4967 8.31368
-20.4967 8.31368
-20.4967 8.31368
-20.4967 8.31368
-20.4967 8.31368
-20.4967 8.31368
-20.4967 8.31368
-20.4967 8.31368
-20.4967 8.31368
-20.4967 8.31368
-20.4967 8.31368
-20.4967 8.31368
-20.4967 8.31368
-20.4967 8.31368
-20.4967 8.31368
-20.4967 8.31368
-20.4967 8.31368
-20.4967 8.31368
-20.4967 8.31368
-20.4967 8.31368
-20.4967 8.31368
-20.4967 8.31368
-20.4967 8.31368
-20.4967 8.31368
-20.4967 8.31368
-20.4967 8.31368
-20.4967 8.31368
-20.4967 8.31368
-20.4967 8.31368
-20.4967 8.31368
-20.4967 8.31368
-20.4967 8.31368
-20.4967 8.31368
-20.4967 8.31368
-20.4967 8.31368
-20.4967 8.31368
-20.4967 8.31368
-20.4967 8.31368
-20.4967 8.31368
-20.4967 8.31368
-20.4967 8.31368
-20.4967 8.31368
-20.4967 8.31368
-20.4967 8.31368
-20.4967 8.31368
-20.4967 8.31368
-20.4967 8.31368
-20.4967 8.31368
-20.4967 8.31368
-20.4967 8.31368
-20.4967 8.31368
-20.4967 8.31368
-20.4967 8.31368
-20.4967 8.31368
-20.4967 8.31368
-20.4967 8.31368
-20.4967 8.31368
-20.4967 8.31368
-20.4967 8.31368
-20.4967 8.31368
-20.4967 8.31368
-20.4967 8.31368
-20.4967 8.31368
-20.4967 8.31368
-20.4967 8.31368
-20.4967 8.31368
-20.4967 8.31368
-20.4967 8.31368
-20.4967 8.31368
-20.4967 8.31368
-20.4967 8.31368
-20.4967 8.31368
-20.4967 8.31368
-20.4967 8.31368
-20.4967 8.31368
-20.4967 8.31368
-20.4967 8.31368
-20.4967 8.31368
-20.4967 8.31368
-20.4967 8.31368
-20.4967 8.31368
-20.4967 8.31368
-20.4967 8.31368
-20.4967 8.31368
-20.4967 8.31368
-20.4967 8.31368
-20.4967 8.31368
-20.4967 8.31368
-20.4967 8.31368
-20.4967 8.31368
-20.4967 8.31368
-20.4967 8.31368
-20.4967 8.31368
-20.4967 8.31368
-20.4967 8.31368
-20.4967 8.31368
-20.4967 8.31368
-20.4967 8.31368
-20.4967 8.31368
-20.4967 8.31368
-20.4967 8.31368
-20.4967 8.31368
-20.4967 8.31368
-20.4967 8.31368
-20.4967 8.31368
-21 9