13 -24
13.0725 -23.7607
13.145 -23.5215
13.2175 -23.2822
13.29 -23.043
13.3625 -22.8037
13.435 -22.5645
13.5075 -22.3252
13.58 -22.086
13.6525 -21.8467
13.725 -21.6074
13.7975 -21.3682
13.87 -21.1289
13.9425 -20.8897
14.015 -20.6504
14.0875 -20.4112
14.16 -20.1719
14.2325 -19.9326
14.305 -19.6934
14.3775 -19.4541
14.45 -19.2149
14.5225 -18.9756
14.595 -18.7364
14.6675 -18.4971
14.7401 -18.2579
14.8126 -18.0186
14.8851 -17.7793
14.9576 -17.5401
15.0301 -17.3008
15.1026 -17.0616
15.1751 -16.8223
15.2476 -16.5831
15.3201 -16.3438
15.3926 -16.1046
15.4651 -15.8653
15.5376 -15.626
15.6101 -15.3868
15.6826 -15.1475
15.7551 -14.9083
15.8276 -14.669
15.9001 -14.4298
15.9726 -14.1905
16.0451 -13.9513
16.1176 -13.712
16.1901 -13.4727
16.2626 -13.2335
16.3351 -12.9942
16.4076 -12.755
16.4801 -12.5157
16.5526 -12.2765
16.6251 -12.0372
16.6976 -11.7979
16.7701 -11.5587
16.8426 -11.3194
16.9151 -11.0802
16.9876 -10.8409
17.0601 -10.6017
17.1326 -10.3624
17.2051 -10.1232
17.2776 -9.8839
17.3501 -9.64465
17.4226 -9.40539
17.4951 -9.16613
17.5676 -8.92688
17.6401 -8.68762
17.7126 -8.44837
17.7851 -8.20911
17.8576 -7.96985
17.9301 -7.7306
18.0026 -7.49134
18.0751 -7.25208
18.1477 -7.01283
18.2202 -6.77357
18.2927 -6.53432
18.3652 -6.29506
18.4377 -6.0558
18.5102 -5.81655
18.5827 -5.57729
18.6552 -5.33803
18.7277 -5.09878
18.8002 -4.85952
18.8727 -4.62026
18.9452 -4.38101
19.0177 -4.14175
19.0902 -3.9025
19.1627 -3.66324
19.2352 -3.42398
19.3077 -3.18473
19.3802 -2.94547
19.4527 -2.70621
19.5252 -2.46696
19.5977 -2.2277
19.6702 -1.98845
19.7427 -1.74919
19.8152 -1.50993
19.8877 -1.27068
19.9602 -1.03142
20.0327 -0.792165
20.1052 -0.552908
20.1777 -0.313652
20.2502 -0.0743959
20.3227 0.16486
20.3952 0.404117
20.4677 0.643373
20.5402 0.882629
20.6127 1.12189
20.6852 1.36114
20.7577 1.6004
20.8302 1.83965
20.9027 2.07891
20.9752 2.31817
21.0477 2.55742
21.1202 2.79668
21.1927 3.03594
21.2652 3.27519
21.3377 3.51445
21.4102 3.75371
21.4827 3.99296
21.5552 4.23222
21.6277 4.47147
21.7002 4.71073
21.7727 4.94999
21.8452 5.18924
21.9177 5.4285
21.9902 5.66776
22.0627 5.90701
22.1352 6.14627
22.2077 6.38553
22.2802 6.62478
22.3527 6.86404
22.4252 7.10329
22.4977 7.34255
22.5702 7.58181
22.6427 7.82106
22.7153 8.06032
22.7153 8.06032
22.7153 8.06032
22.7153 8.06032
22.7153 8.06032
22.7153 8.06032
22.7153 8.06032
22.7153 8.06032
22.7153 8.06032
22.7153 8.06032
22.7153 8.06032
22.7153 8.06032
22.7153 8.06032
22.7153 8.06032
22.7153 8.06032
22.7153 8.06032
22.7153 8.06032
22.7153 8.06032
22.7153 8.06032
22.7153 8.06032
22.7153 8.06032
22.7153 8.06032
22.7153 8.06032
22.7153 8.06032
22.7153 8.06032
22.7153 8.06032
22.7153 8.06032
22.7153 8.06032
22.7153 8.06032
22.7153 8.06032
22.7153 8.06032
22.7153 8.06032
22.7153 8.06032
22.7153 8.06032
22.7153 8.06032
22.7153 8.06032
22.7153 8.06032
22.7153 8.06032
22.7153 8.06032
22.7153 8.06032
22.7153 8.06032
22.7153 8.06032
22.7153 8.06032
22.7153 8.06032
22.7153 8.06032
22.7153 8.06032
23 9