-25 -24
-24.8044 -23.8443
-24.6088 -23.6886
-24.4132 -23.5329
-24.2176 -23.3773
-24.022 -23.2216
-23.8264 -23.0659
-23.6308 -22.9102
-23.4352 -22.7545
-23.2395 -22.5988
-23.0439 -22.4431
-22.8483 -22.2874
-22.6527 -22.1318
-22.4571 -21.9761
-22.2615 -21.8204
-22.0659 -21.6647
-21.8703 -21.509
-21.6747 -21.3533
-21.4791 -21.1976
-21.2835 -21.0419
-21.0879 -20.8863
-20.8923 -20.7306
-20.6967 -20.5749
-20.5011 -20.4192
-20.3055 -20.2635
-20.1098 -20.1078
-19.9142 -19.9521
-19.7186 -19.7964
-19.523 -19.6408
-19.3274 -19.4851
-19.1318 -19.3294
-18.9362 -19.1737
-18.7406 -19.018
-18.545 -18.8623
-18.3494 -18.7066
-18.1538 -18.5509
-17.9582 -18.3953
-17.7626 -18.2396
-17.567 -18.0839
-17.3714 -17.9282
-17.1758 -17.7725
-16.9801 -17.6168
-16.7845 -17.4611
-16.5889 -17.3055
-16.3933 -17.1498
-16.1977 -16.9941
-16.0021 -16.8384
-15.8065 -16.6827
-15.6109 -16.527
-15.4153 -16.3713
-15.2197 -16.2156
-15.0241 -16.06
-14.8285 -15.9043
-14.6329 -15.7486
-14.4373 -15.5929
-14.2417 -15.4372
-14.0461 -15.2815
-13.8504 -15.1258
-13.6548 -14.9702
-13.4592 -14.8145
-13.2636 -14.6588
-13.068 -14.5031
-12.8724 -14.3474
-12.6768 -14.1917
-12.4812 -14.036
-12.2856 -13.8804
-12.09 -13.7247
-11.8944 -13.569
-11.6988 -13.4133
-11.5032 -13.2576
-11.3076 -13.1019
-11.112 -12.9462
-10.9164 -12.7905
-10.7207 -12.6349
-10.5251 -12.4792
-10.3295 -12.3235
-10.1339 -12.1678
-9.93832 -12.0121
-9.74271 -11.8564
-9.54711 -11.7007
-9.3515 -11.5451
-9.1559 -11.3894
-8.96029 -11.2337
-8.76468 -11.078
-8.56908 -10.9223
-8.37347 -10.7666
-8.17786 -10.6109
-7.98226 -10.4552
-7.78665 -10.2996
-7.59105 -10.1439
-7.39544 -9.98819
-7.19983 -9.8325
-7.00423 -9.67682
-6.80862 -9.52113
-6.61301 -9.36545
-6.41741 -9.20976
-6.2218 -9.05407
-6.0262 -8.89839
-5.83059 -8.7427
-5.63498 -8.58701
-5.43938 -8.43133
-5.24377 -8.27564
-5.04816 -8.11995
-4.85256 -7.96427
-4.65695 -7.80858
-4.46135 -7.65289
-4.26574 -7.49721
-4.07013 -7.34152
-3.87453 -7.18584
-3.67892 -7.03015
-3.48331 -6.87446
-3.28771 -6.71878
-3.0921 -6.56309
-2.8965 -6.4074
-2.70089 -6.25172
-2.50528 -6.09603
-2.30968 -5.94034
-2.11407 -5.78466
-1.91847 -5.62897
-1.72286 -5.47329
-1.52725 -5.3176
-1.33165 -5.16191
-1.13604 -5.00623
-0.940436 -4.85054
-0.74483 -4.69485
-0.549224 -4.53917
-0.353618 -4.38348
-0.158011 -4.22779
0.0375946 -4.07211
0.233201 -3.91642
0.428807 -3.76074
0.624413 -3.60505
0.820019 -3.44936
1.01563 -3.29368
1.21123 -3.13799
1.40684 -2.9823
1.60244 -2.82662
1.79805 -2.67093
1.99366 -2.51524
2.18926 -2.35956
2.38487 -2.20387
2.58047 -2.04819
2.77608 -1.8925
2.97169 -1.73681
3.16729 -1.58113
3.3629 -1.42544
3.5585 -1.26975
3.75411 -1.11407
3.94972 -0.958381
4.14532 -0.802694
4.34093 -0.647008
4.53653 -0.491322
4.73214 -0.335635
4.92775 -0.179949
5.12335 -0.0242624
5.31896 0.131424
5.51457 0.28711
5.71017 0.442797
5.90409 0.598797
6.09624 0.75549
6.28713 0.91316
6.47737 1.07199
6.66765 1.23197
6.85865 1.39281
7.04964 1.55365
7.24063 1.71449
7.43161 1.87532
7.62259 2.03615
7.81357 2.19698
8.00454 2.3578
8.19551 2.51862
8.38647 2.67944
8.57743 2.84025
8.76838 3.00106
8.95934 3.16186
9.15028 3.32266
9.34122 3.48346
9.53216 3.64425
9.72309 3.80504
9.91401 3.96582
10.1049 4.12659
10.2958 4.28736
10.4868 4.44813
10.6777 4.60889
10.8685 4.76964
11.0594 4.93039
11.2503 5.09113
11.4412 5.25187
11.632 5.4126
11.8229 5.57332
12.0138 5.73403
12.2046 5.89473
12.3954 6.05543
12.5862 6.21612
12.7771 6.3768
12.9679 6.53747
13.1586 6.69813
13.3494 6.85878
13.5402 7.01942
13.7309 7.18005
13.9217 7.34067
14.1124 7.50127
14.3031 7.66187
14.501 7.81472
14.7004 7.96554
14.8997 8.11635
15.0991 8.26717
15.2985 8.41799
15.4979 8.56881
15.6973 8.71963
15.8967 8.87045
16.096 9.02127
16.2954 9.17209
16.4948 9.3229
16.6942 9.47372
16.8936 9.62454
17.093 9.77536
17.2923 9.92618
17.4917 10.077
17.6911 10.2278
17.8905 10.3786
18.0899 10.5294
18.2893 10.6803
18.4886 10.8311
18.688 10.9819
18.8874 11.1327
19.0868 11.2835
19.2862 11.4344
19.4856 11.5852
19.6849 11.736
19.8843 11.8868
20.0837 12.0376
20.2831 12.1884
20.4825 12.3393
20.6819 12.4901
20.8812 12.6409
21.0806 12.7917
21.28 12.9425
21.4794 13.0934
21.6788 13.2442
21.8782 13.395
22.0775 13.5458
22.2769 13.6966
22.4763 13.8474
22.6757 13.9983
22.8751 14.1491
23.0745 14.2999
24 15