23 18
23.0149 17.7871
22.9579 17.5437
22.9009 17.3003
22.8439 17.0569
22.787 16.8134
22.73 16.57
22.673 16.3266
22.616 16.0832
22.559 15.8398
22.5021 15.5963
22.4451 15.3529
22.3881 15.1095
22.3311 14.8661
22.2742 14.6227
22.2172 14.3792
22.1602 14.1358
22.1032 13.8924
22.0463 13.649
21.9893 13.4056
21.9323 13.1621
21.8753 12.9187
21.8184 12.6753
21.7614 12.4319
21.7044 12.1885
21.6474 11.945
21.5904 11.7016
21.5335 11.4582
21.4765 11.2148
21.4195 10.9714
21.3625 10.7279
21.3056 10.4845
21.2486 10.2411
21.1916 9.99767
21.1346 9.75425
21.0777 9.51083
21.0207 9.26741
20.9637 9.02399
20.9067 8.78057
20.8498 8.53714
20.7928 8.29372
20.7358 8.0503
20.6788 7.80688
20.6219 7.56346
20.5649 7.32004
20.5079 7.07662
20.4509 6.8332
20.3939 6.58978
20.337 6.34636
20.28 6.10293
20.223 5.85951
20.166 5.61609
20.1091 5.37267
20.0521 5.12925
19.9951 4.88583
19.9381 4.64241
19.8812 4.39899
19.8242 4.15557
19.7672 3.91215
19.7102 3.66872
19.6533 3.4253
19.5963 3.18188
19.5393 2.93846
19.4823 2.69504
19.4254 2.45162
19.3684 2.2082
19.3114 1.96478
19.2544 1.72136
19.1975 1.47793
19.1405 1.23451
19.0835 0.991092
19.0265 0.747671
18.9695 0.50425
18.9126 0.260829
18.8556 0.0174081
18.7986 -0.226013
18.7416 -0.469434
18.6847 -0.712855
18.6277 -0.956276
18.5707 -1.1997
18.5137 -1.44312
18.4568 -1.68654
18.3998 -1.92996
18.3428 -2.17338
18.2858 -2.4168
18.2289 -2.66022
18.1719 -2.90364
18.1149 -3.14707
18.0579 -3.39049
18.001 -3.63391
17.944 -3.87733
17.887 -4.12075
17.83 -4.36417
17.7731 -4.60759
17.7161 -4.85101
17.6591 -5.09443
17.6021 -5.33786
17.5452 -5.58128
17.4882 -5.8247
17.4312 -6.06812
17.3742 -6.31154
17.3173 -6.55496
17.2603 -6.79838
17.2033 -7.0418
17.1463 -7.28522
17.0894 -7.52865
17.0324 -7.77207
16.9754 -8.01549
16.9184 -8.25891
16.8615 -8.50233
16.8045 -8.74575
16.7475 -8.98917
16.6905 -9.23259
16.6336 -9.47601
16.5766 -9.71943
16.5196 -9.96285
16.4626 -10.2063
16.4057 -10.4497
16.3487 -10.6931
16.2917 -10.9365
16.2347 -11.18
16.1778 -11.4234
16.1208 -11.6668
16.0638 -11.9102
16.0068 -12.1536
15.9499 -12.3971
15.8929 -12.6405
15.8359 -12.8839
15.7789 -13.1273
15.722 -13.3707
15.665 -13.6142
15.608 -13.8576
15.551 -14.101
15.4941 -14.3444
15.4371 -14.5878
15.3801 -14.8313
15.3231 -15.0747
15.2662 -15.3181
15.2092 -15.5615
15.1522 -15.8049
15.0952 -16.0484
15.0383 -16.2918
14.9813 -16.5352
14.9243 -16.7786
14.8673 -17.0221
14.8103 -17.2655
14.7534 -17.5089
14.6964 -17.7523
14.6394 -17.9957
14.5824 -18.2392
14.5255 -18.4826
14.4685 -18.726
14.4115 -18.9694
14.3545 -19.2128
14.2976 -19.4563
14.2406 -19.6997
14.1836 -19.9431
14.1266 -20.1865
14.0697 -20.43
14.0127 -20.6734
13.9557 -20.9168
13.8987 -21.1602
13.8418 -21.4036
13.7848 -21.6471
13.7278 -21.8905
13.6708 -22.1339
13.6139 -22.3773
13.5569 -22.6208
13.4999 -22.8642
13.4429 -23.1076
13.386 -23.351
13.329 -23.5944
13.272 -23.8379
13.215 -24.0813
13.215 -24.0813
13.215 -24.0813
13.215 -24.0813
13.215 -24.0813
13.215 -24.0813
13.215 -24.0813
13.215 -24.0813
13.215 -24.0813
13.215 -24.0813
13.215 -24.0813
13.215 -24.0813
13.215 -24.0813
13.215 -24.0813
13.215 -24.0813
13.215 -24.0813
13.215 -24.0813
13.215 -24.0813
13.215 -24.0813
13.215 -24.0813
13.215 -24.0813
13.215 -24.0813
13.215 -24.0813
13.215 -24.0813
13.215 -24.0813
13.215 -24.0813
13.215 -24.0813
13.215 -24.0813
13.215 -24.0813
13.215 -24.0813
13.215 -24.0813
13.215 -24.0813
13.215 -24.0813
13.215 -24.0813
13.215 -24.0813
13.215 -24.0813
13.215 -24.0813
13.215 -24.0813
13.215 -24.0813
13.215 -24.0813
13.215 -24.0813
13.215 -24.0813
13.215 -24.0813
13.215 -24.0813
13.215 -24.0813
13.215 -24.0813
13.215 -24.0813
13.215 -24.0813
13.215 -24.0813
13.215 -24.0813
13.215 -24.0813
13.215 -24.0813
13.215 -24.0813
13.215 -24.0813
13.215 -24.0813
13.215 -24.0813
13.215 -24.0813
13.215 -24.0813
13.215 -24.0813
13.215 -24.0813
13.215 -24.0813
13.215 -24.0813
13.215 -24.0813
13.215 -24.0813
13.215 -24.0813
13.215 -24.0813
13.215 -24.0813
13.215 -24.0813
13.215 -24.0813
13.215 -24.0813
13.215 -24.0813
13.215 -24.0813
13.215 -24.0813
13.215 -24.0813
13 -25