16 15
15.8514 14.799
15.7028 14.5979
15.5542 14.3969
15.4056 14.1958
15.257 13.9948
15.1084 13.7937
14.9598 13.5927
14.8112 13.3916
14.6626 13.1906
14.514 12.9896
14.3654 12.7885
14.2168 12.5875
14.0682 12.3864
13.9196 12.1854
13.771 11.9843
13.6224 11.7833
13.4738 11.5823
13.3252 11.3812
13.1766 11.1802
13.028 10.9791
12.8794 10.7781
12.7309 10.577
12.5823 10.376
12.4337 10.1749
12.2851 9.9739
12.1365 9.77285
11.9879 9.57181
11.8393 9.37077
11.6907 9.16972
11.5421 8.96868
11.3935 8.76763
11.2449 8.56659
11.0963 8.36555
10.9477 8.1645
10.7991 7.96346
10.6505 7.76241
10.5019 7.56137
10.3533 7.36032
10.2047 7.15928
10.0561 6.95824
9.90749 6.75719
9.7589 6.55615
9.6103 6.3551
9.4617 6.15406
9.3131 5.95302
9.16451 5.75197
9.01591 5.55093
8.86731 5.34988
8.71871 5.14884
8.57011 4.9478
8.42152 4.74675
8.27292 4.54571
8.12432 4.34466
7.98108 4.142
7.83784 3.93936
7.69461 3.73675
7.5514 3.53417
7.40819 3.33162
7.26499 3.12911
7.1218 2.92662
6.97862 2.72417
6.83546 2.52176
6.6923 2.31938
6.54915 2.11705
6.40602 1.91475
6.2629 1.71249
6.11979 1.51027
5.9767 1.3081
5.83362 1.10598
5.69056 0.903905
5.54751 0.70188
5.40447 0.499909
5.26146 0.297992
5.11846 0.0961332
4.97547 -0.105665
4.83251 -0.3074
4.68957 -0.509068
4.54665 -0.710666
4.40375 -0.91219
4.26088 -1.11364
4.11803 -1.315
3.97521 -1.51628
3.83241 -1.71746
3.68965 -1.91855
3.53698 -2.11652
3.38432 -2.31449
3.23165 -2.51247
3.07899 -2.71044
2.92632 -2.90841
2.77366 -3.10639
2.62099 -3.30436
2.46833 -3.50233
2.31566 -3.70031
2.163 -3.89828
2.01033 -4.09625
1.85767 -4.29423
1.705 -4.4922
1.55234 -4.69017
1.39967 -4.88815
1.24701 -5.08612
1.09434 -5.28409
0.941678 -5.48207
0.789013 -5.68004
0.636348 -5.87801
0.483683 -6.07598
0.331018 -6.27396
0.178353 -6.47193
0.0256882 -6.6699
-0.126977 -6.86788
-0.279642 -7.06585
-0.432307 -7.26382
-0.416445 -7.28856
-0.416445 -7.28856
-0.416445 -7.28856
-0.416445 -7.28856
-0.416445 -7.28856
-0.416445 -7.28856
-0.416445 -7.28856
-0.416445 -7.28856
-0.416445 -7.28856
-0.416445 -7.28856
-0.416445 -7.28856
-0.416445 -7.28856
-0.416445 -7.28856
-0.416445 -7.28856
-0.416445 -7.28856
-0.416445 -7.28856
-0.416445 -7.28856
-0.416445 -7.28856
-0.416445 -7.28856
-0.416445 -7.28856
-0.416445 -7.28856
-0.416445 -7.28856
-0.416445 -7.28856
-0.416445 -7.28856
-0.416445 -7.28856
-0.416445 -7.28856
-0.416445 -7.28856
-0.416445 -7.28856
-0.416445 -7.28856
-0.416445 -7.28856
-0.416445 -7.28856
-0.416445 -7.28856
-0.416445 -7.28856
-0.416445 -7.28856
-0.416445 -7.28856
-0.416445 -7.28856
-0.416445 -7.28856
-0.416445 -7.28856
-0.416445 -7.28856
-0.416445 -7.28856
-0.416445 -7.28856
-0.416445 -7.28856
-0.416445 -7.28856
-0.416445 -7.28856
-0.416445 -7.28856
-0.416445 -7.28856
-0.416445 -7.28856
-0.416445 -7.28856
-0.416445 -7.28856
-0.416445 -7.28856
-0.416445 -7.28856
-0.416445 -7.28856
-0.416445 -7.28856
-0.416445 -7.28856
-0.416445 -7.28856
-0.416445 -7.28856
-0.416445 -7.28856
-0.416445 -7.28856
-0.416445 -7.28856
-0.416445 -7.28856
-0.416445 -7.28856
-0.416445 -7.28856
-0.416445 -7.28856
-0.416445 -7.28856
-0.416445 -7.28856
-0.416445 -7.28856
-0.416445 -7.28856
-0.416445 -7.28856
-0.416445 -7.28856
-0.416445 -7.28856
-0.416445 -7.28856
-0.416445 -7.28856
-0.416445 -7.28856
-0.416445 -7.28856
-0.416445 -7.28856
-0.416445 -7.28856
-0.416445 -7.28856
-0.416445 -7.28856
-0.416445 -7.28856
-0.416445 -7.28856
-0.416445 -7.28856
-0.416445 -7.28856
-0.416445 -7.28856
-0.416445 -7.28856
-0.416445 -7.28856
-0.416445 -7.28856
-0.416445 -7.28856
-0.416445 -7.28856
-0.416445 -7.28856
-0.416445 -7.28856
-0.416445 -7.28856
-0.416445 -7.28856
-0.416445 -7.28856
-0.416445 -7.28856
-0.416445 -7.28856
-0.416445 -7.28856
-0.416445 -7.28856
-0.416445 -7.28856
-0.416445 -7.28856
-0.416445 -7.28856
-0.416445 -7.28856
-0.416445 -7.28856
-0.416445 -7.28856
-0.416445 -7.28856
-0.416445 -7.28856
-0.416445 -7.28856
-0.416445 -7.28856
-0.416445 -7.28856
-0.416445 -7.28856
-0.416445 -7.28856
-0.416445 -7.28856
-0.416445 -7.28856
-0.416445 -7.28856
-0.416445 -7.28856
-0.416445 -7.28856
-0.416445 -7.28856
-0.416445 -7.28856
-0.416445 -7.28856
-0.416445 -7.28856
-0.416445 -7.28856
-0.416445 -7.28856
-0.416445 -7.28856
-0.416445 -7.28856
-0.416445 -7.28856
-0.416445 -7.28856
-0.416445 -7.28856
-0.416445 -7.28856
-0.416445 -7.28856
-0.416445 -7.28856
-0.416445 -7.28856
-0.416445 -7.28856
-0.416445 -7.28856
-0.416445 -7.28856
-0.416445 -7.28856
-0.416445 -7.28856
-1 -8