-2 -12
-1.82806 -11.8185
-1.65613 -11.637
-1.48419 -11.4555
-1.31226 -11.274
-1.14032 -11.0926
-0.968383 -10.9111
-0.796447 -10.7296
-0.624511 -10.5481
-0.452575 -10.3666
-0.280638 -10.1851
-0.108702 -10.0036
0.0632338 -9.82214
0.23517 -9.64066
0.407106 -9.45917
0.579042 -9.27768
0.750978 -9.09619
0.922915 -8.9147
1.09485 -8.73322
1.26679 -8.55173
1.43872 -8.37024
1.61066 -8.18875
1.7826 -8.00726
1.95453 -7.82578
2.12647 -7.64429
2.2984 -7.4628
2.47034 -7.28131
2.64228 -7.09982
2.81421 -6.91833
2.98615 -6.73685
3.15808 -6.55536
3.33002 -6.37387
3.50196 -6.19238
3.67389 -6.01089
3.84583 -5.82941
4.01776 -5.64792
4.1897 -5.46643
4.36164 -5.28494
4.53357 -5.10345
4.70551 -4.92197
4.87744 -4.74048
5.04938 -4.55899
5.22132 -4.3775
5.39325 -4.19601
5.56519 -4.01453
5.73712 -3.83304
5.90906 -3.65155
6.081 -3.47006
6.25293 -3.28857
6.42487 -3.10708
6.5968 -2.9256
6.76874 -2.74411
6.94068 -2.56262
7.11261 -2.38113
7.28455 -2.19964
7.45648 -2.01816
7.62842 -1.83667
7.80036 -1.65518
7.97229 -1.47369
8.14423 -1.2922
8.31616 -1.11071
8.4881 -0.929226
8.66004 -0.747738
8.83197 -0.56625
9.00391 -0.384762
9.17585 -0.203274
9.34778 -0.0217856
9.51972 0.159703
9.69165 0.341191
9.86359 0.522679
10.0355 0.704167
10.2075 0.885655
10.3794 1.06714
10.5513 1.24863
10.7233 1.43012
10.8952 1.61161
11.0671 1.7931
11.2391 1.97458
11.411 2.15607
11.5829 2.33756
11.7549 2.51905
11.9268 2.70054
12.0988 2.88202
12.2707 3.06351
12.4426 3.245
12.6146 3.42649
12.7865 3.60798
12.9584 3.78946
13.1304 3.97095
13.3023 4.15244
13.4742 4.33393
13.6462 4.51542
13.8181 4.6969
13.9901 4.87839
14.162 5.05988
14.3339 5.24137
14.5059 5.42286
14.6778 5.60434
14.8497 5.78583
15.0217 5.96732
15.1936 6.14881
15.3655 6.3303
15.3655 6.3303
15.3655 6.3303
15.3655 6.3303
15.3655 6.3303
15.3655 6.3303
15.3655 6.3303
15.3655 6.3303
15.3655 6.3303
15.3655 6.3303
15.3655 6.3303
15.3655 6.3303
15.3655 6.3303
15.3655 6.3303
15.3655 6.3303
15.3655 6.3303
15.3655 6.3303
15.3655 6.3303
15.3655 6.3303
15.3655 6.3303
15.3655 6.3303
15.3655 6.3303
15.3655 6.3303
15.3655 6.3303
15.3655 6.3303
15.3655 6.3303
15.3655 6.3303
15.3655 6.3303
15.3655 6.3303
15.3655 6.3303
15.3655 6.3303
15.3655 6.3303
15.3655 6.3303
15.3655 6.3303
15.3655 6.3303
15.3655 6.3303
15.3655 6.3303
15.3655 6.3303
15.3655 6.3303
15.3655 6.3303
15.3655 6.3303
15.3655 6.3303
15.3655 6.3303
15.3655 6.3303
15.3655 6.3303
15.3655 6.3303
15.3655 6.3303
15.3655 6.3303
15.3655 6.3303
15.3655 6.3303
15.3655 6.3303
15.3655 6.3303
15.3655 6.3303
15.3655 6.3303
15.3655 6.3303
15.3655 6.3303
15.3655 6.3303
15.3672 6.32998
15.3707 6.32897
15.3754 6.32696
15.3807 6.32379
15.3861 6.31947
15.3907 6.31429
15.3953 6.30911
15.3999 6.30394
15.4045 6.29876
15.4091 6.29358
15.4137 6.28841
15.4183 6.28323
15.4229 6.27806
15.4276 6.27288
15.4322 6.2677
15.4368 6.26253
15.4414 6.25735
15.446 6.25217
15.4506 6.247
15.4552 6.24182
15.4598 6.23664
15.4644 6.23147
15.4691 6.22629
15.4737 6.22111
15.4783 6.21594
15.4829 6.21076
15.4875 6.20558
15.4921 6.2004
15.4967 6.19523
15.5013 6.19005
15.5059 6.18487
15.5106 6.1797
15.5152 6.17452
15.5198 6.16934
15.5244 6.16417
15.529 6.15899
15.5336 6.15381
15.5382 6.14863
15.5428 6.14346
15.5474 6.13828
15.552 6.1331
15.5567 6.12793
15.5613 6.12275
15.5659 6.11757
15.5705 6.1124
15.5705 6.1124
15.5705 6.1124
15.5705 6.1124
15.5705 6.1124
15.5705 6.1124
15.5705 6.1124
15.5705 6.1124
15.5705 6.1124
15.5705 6.1124
15.5705 6.1124
15.5705 6.1124
15.5705 6.1124
15.5705 6.1124
15.5705 6.1124
15.5705 6.1124
15.5705 6.1124
15.5705 6.1124
15.5705 6.1124
15.5705 6.1124
15.5705 6.1124
15.5705 6.1124
15.5705 6.1124
15.5705 6.1124
15.5705 6.1124
15.5705 6.1124
15.5705 6.1124
15.5705 6.1124
15.5705 6.1124
15.5705 6.1124
15.5705 6.1124
15.5705 6.1124
15.5705 6.1124
15.5705 6.1124
15.5705 6.1124
15.5705 6.1124
15.5705 6.1124
15.5705 6.1124
15.5705 6.1124
15.5705 6.1124
15.5705 6.1124
15.5705 6.1124
15.5705 6.1124
15.5705 6.1124
15.5705 6.1124
16 7