2 -22
2.04549 -21.8637
2.04524 -21.6137
2.045 -21.3637
2.04475 -21.1137
2.0445 -20.8637
2.04425 -20.6137
2.044 -20.3637
2.04376 -20.1137
2.04351 -19.8637
2.04326 -19.6137
2.04301 -19.3637
2.04276 -19.1137
2.04252 -18.8637
2.04227 -18.6137
2.04202 -18.3637
2.04177 -18.1137
2.04152 -17.8637
2.04128 -17.6137
2.04103 -17.3637
2.04078 -17.1137
2.04053 -16.8637
2.04028 -16.6137
2.04004 -16.3637
2.03979 -16.1137
2.03954 -15.8637
2.03929 -15.6137
2.03904 -15.3637
2.0388 -15.1137
2.03855 -14.8637
2.0383 -14.6137
2.03805 -14.3637
2.03781 -14.1137
2.03756 -13.8637
2.03731 -13.6137
2.03706 -13.3637
2.03681 -13.1137
2.03657 -12.8637
2.03632 -12.6137
2.03607 -12.3637
2.03582 -12.1137
2.03557 -11.8637
2.03533 -11.6137
2.03508 -11.3637
2.03483 -11.1137
2.03458 -10.8637
2.03433 -10.6137
2.03409 -10.3637
2.03384 -10.1137
2.03359 -9.86373
2.03334 -9.61373
2.03309 -9.36373
2.03285 -9.11373
2.0326 -8.86373
2.027 -8.61211
2.0214 -8.36047
2.0158 -8.10883
2.01021 -7.85717
2.00462 -7.6055
1.99904 -7.35382
1.99346 -7.10213
1.98788 -6.85042
1.98231 -6.59871
1.97674 -6.34697
1.97118 -6.09523
1.96562 -5.84347
1.96006 -5.5917
1.95451 -5.33992
1.94896 -5.08812
1.94342 -4.83631
1.93788 -4.58448
1.93234 -4.33264
1.92681 -4.08078
1.92128 -3.82891
1.91576 -3.57703
1.91024 -3.32513
1.90473 -3.07321
1.89922 -2.82127
1.89372 -2.56932
1.88822 -2.31736
1.88273 -2.06537
1.87725 -1.81337
1.87176 -1.56136
1.86629 -1.30932
1.86082 -1.05727
1.86221 -0.807269
1.86359 -0.557273
1.86498 -0.307277
1.86637 -0.0572805
1.86776 0.192716
1.86915 0.442712
1.87054 0.692708
1.87193 0.942704
1.87331 1.1927
1.8747 1.4427
1.87609 1.69269
1.87748 1.94269
1.87887 2.19268
1.88026 2.44268
1.88165 2.69268
1.88304 2.94267
1.88442 3.19267
1.88581 3.44267
1.8872 3.69266
1.88859 3.94266
1.88998 4.19265
1.89137 4.44265
1.89276 4.69265
1.89414 4.94264
1.89553 5.19264
1.89692 5.44264
1.89831 5.69263
1.8997 5.94263
1.90109 6.19262
1.90248 6.44262
1.90387 6.69262
1.90525 6.94261
1.90664 7.19261
1.90803 7.4426
1.90942 7.6926
1.91081 7.9426
1.9122 8.19259
1.91359 8.44259
1.91497 8.69258
1.91636 8.94258
1.91775 9.19258
1.91914 9.44257
1.92053 9.69257
1.92192 9.94257
1.92331 10.1926
1.92469 10.4426
1.92608 10.6926
1.92747 10.9426
1.92886 11.1925
1.93025 11.4425
1.93164 11.6925
1.93303 11.9425
1.93442 12.1925
1.9358 12.4425
1.93719 12.6925
1.93858 12.9425
1.93997 13.1925
1.94136 13.4425
1.94275 13.6925
1.94414 13.9425
1.94552 14.1925
1.94691 14.4425
1.9483 14.6925
1.94969 14.9425
1.95108 15.1925
1.95247 15.4425
1.95386 15.6925
1.95524 15.9425
1.95663 16.1925
1.95802 16.4425
1.95941 16.6925
1.9608 16.9425
1.96219 17.1925
1.96358 17.4425
1.96496 17.6924
1.96635 17.9424
1.96774 18.1924
1.96913 18.4424
1.97052 18.6924
1.97191 18.9424
1.9733 19.1924
1.97468 19.4424
1.97607 19.6924
1.97746 19.9424
1.97885 20.1924
1.98024 20.4424
1.98163 20.6924
1.98302 20.9424
1.98441 21.1924
1.98579 21.4424
1.98718 21.6924
1.98857 21.9424
1.98996 22.1924
1.99135 22.4424
1.99274 22.6924
1.99413 22.9424
1.99551 23.1924
1.99551 23.1924
1.99551 23.1924
1.99551 23.1924
1.99551 23.1924
1.99551 23.1924
1.99551 23.1924
1.99551 23.1924
1.99551 23.1924
1.99551 23.1924
1.99551 23.1924
1.99551 23.1924
1.99551 23.1924
1.99551 23.1924
1.99551 23.1924
1.99551 23.1924
1.99551 23.1924
1.99551 23.1924
1.99551 23.1924
1.99551 23.1924
1.99551 23.1924
1.99551 23.1924
1.99551 23.1924
1.99551 23.1924
1.99551 23.1924
1.99551 23.1924
1.99551 23.1924
1.99551 23.1924
1.99551 23.1924
1.99551 23.1924
1.99551 23.1924
1.99551 23.1924
1.99551 23.1924
1.99551 23.1924
1.99551 23.1924
1.99551 23.1924
1.99551 23.1924
1.99551 23.1924
1.99551 23.1924
1.99551 23.1924
1.99551 23.1924
1.99551 23.1924
1.99551 23.1924
1.99551 23.1924
1.99551 23.1924
1.99551 23.1924
1.99551 23.1924
1.99551 23.1924
1.99551 23.1924
1.99551 23.1924
1.99551 23.1924
1.99551 23.1924
1.99551 23.1924
1.99551 23.1924
1.99551 23.1924
1.99551 23.1924
1.99551 23.1924
1.99551 23.1924
1.99551 23.1924
1.99551 23.1924
1.99551 23.1924
1.99551 23.1924
1.99551 23.1924
1.99551 23.1924
1.99551 23.1924
1.99551 23.1924
2 24