3 -20
2.80568 -20.0607
2.56232 -20.0384
2.31419 -20.0078
2.06606 -19.9773
1.81794 -19.9468
1.56981 -19.9162
1.32168 -19.8857
1.07355 -19.8552
0.825425 -19.8246
0.577297 -19.7941
0.329169 -19.7635
0.0810414 -19.733
-0.167086 -19.7025
-0.415214 -19.6719
-0.663342 -19.6414
-0.91147 -19.6108
-1.1596 -19.5803
-1.40773 -19.5498
-1.65585 -19.5192
-1.90398 -19.4887
-2.15211 -19.4582
-2.40024 -19.4276
-2.64837 -19.3971
-2.89649 -19.3665
-3.14462 -19.336
-3.39275 -19.3055
-3.64088 -19.2749
-3.88901 -19.2444
-4.13713 -19.2138
-4.38526 -19.1833
-4.63339 -19.1528
-4.88152 -19.1222
-5.12964 -19.0917
-5.37777 -19.0612
-5.6259 -19.0306
-5.87403 -19.0001
-6.12216 -18.9695
-6.37028 -18.939
-6.61841 -18.9085
-6.86654 -18.8779
-7.11467 -18.8474
-7.3628 -18.8169
-7.61092 -18.7863
-7.85905 -18.7558
-8.10718 -18.7252
-8.35531 -18.6947
-8.60344 -18.6642
-8.85156 -18.6336
-9.09969 -18.6031
-9.34782 -18.5726
-9.59595 -18.542
-9.84408 -18.5115
-10.0922 -18.4809
-10.3403 -18.4504
-10.5885 -18.4199
-10.8366 -18.3893
-11.0847 -18.3588
-11.3328 -18.3283
-11.581 -18.2977
-11.8291 -18.2672
-12.0772 -18.2366
-12.3254 -18.2061
-12.5735 -18.1756
-12.8216 -18.145
-13.0697 -18.1145
-13.0697 -18.1145
-13.0697 -18.1145
-13.0697 -18.1145
-13.0697 -18.1145
-13.0697 -18.1145
-13.0697 -18.1145
-13.0697 -18.1145
-13.0697 -18.1145
-13.0697 -18.1145
-13.0697 -18.1145
-13.0697 -18.1145
-13.0697 -18.1145
-13.0697 -18.1145
-13.0697 -18.1145
-13.0697 -18.1145
-13.0697 -18.1145
-13.0697 -18.1145
-13.0697 -18.1145
-13.0697 -18.1145
-13.0697 -18.1145
-13.0697 -18.1145
-13.0697 -18.1145
-13.0697 -18.1145
-13.0697 -18.1145
-13.0697 -18.1145
-13.0697 -18.1145
-13.0697 -18.1145
-13.0697 -18.1145
-13.0697 -18.1145
-13.0697 -18.1145
-13.0697 -18.1145
-13.0697 -18.1145
-13.0697 -18.1145
-13.0697 -18.1145
-13.0697 -18.1145
-13.0697 -18.1145
-13.0697 -18.1145
-13.0697 -18.1145
-13.0697 -18.1145
-13.0697 -18.1145
-13.0697 -18.1145
-13.0697 -18.1145
-13.0697 -18.1145
-13.0697 -18.1145
-13.0697 -18.1145
-13.0697 -18.1145
-13.0697 -18.1145
-13.0697 -18.1145
-13.0697 -18.1145
-13.0697 -18.1145
-13.0697 -18.1145
-13.0697 -18.1145
-13.0697 -18.1145
-13.0697 -18.1145
-13.0697 -18.1145
-13.0697 -18.1145
-13.0697 -18.1145
-13.0697 -18.1145
-13.0697 -18.1145
-13.0697 -18.1145
-13.0697 -18.1145
-13.0697 -18.1145
-13.0697 -18.1145
-13.0697 -18.1145
-13.0697 -18.1145
-13.0697 -18.1145
-13.0697 -18.1145
-13.0697 -18.1145
-13.0697 -18.1145
-13.0697 -18.1145
-13.0697 -18.1145
-13.0697 -18.1145
-13.0697 -18.1145
-13.0697 -18.1145
-13.0697 -18.1145
-13.0697 -18.1145
-13.0697 -18.1145
-13.0697 -18.1145
-13.0697 -18.1145
-13.0697 -18.1145
-13.0697 -18.1145
-13.0697 -18.1145
-13.0697 -18.1145
-13.0697 -18.1145
-13.0697 -18.1145
-13.0697 -18.1145
-13.0697 -18.1145
-13.0697 -18.1145
-13.0697 -18.1145
-13.0697 -18.1145
-13.0697 -18.1145
-13.0697 -18.1145
-13.0697 -18.1145
-13.0697 -18.1145
-13.0697 -18.1145
-13.0697 -18.1145
-13.0697 -18.1145
-14 -18