4 -23
4.1022 -22.9506
4.13783 -22.7032
4.17347 -22.4557
4.20911 -22.2083
4.24475 -21.9608
4.28038 -21.7134
4.31602 -21.4659
4.35166 -21.2185
4.3873 -20.9711
4.42294 -20.7236
4.45857 -20.4762
4.49421 -20.2287
4.52985 -19.9813
4.56549 -19.7338
4.60113 -19.4864
4.63676 -19.2389
4.6724 -18.9915
4.70804 -18.744
4.74368 -18.4966
4.77931 -18.2491
4.81495 -18.0017
4.85059 -17.7543
4.88623 -17.5068
4.92187 -17.2594
4.9575 -17.0119
4.99314 -16.7645
5.02878 -16.517
5.06442 -16.2696
5.10006 -16.0221
5.13569 -15.7747
5.17133 -15.5272
5.20697 -15.2798
5.24261 -15.0323
5.27824 -14.7849
5.31388 -14.5374
5.34952 -14.29
5.38516 -14.0426
5.4208 -13.7951
5.45643 -13.5477
5.49207 -13.3002
5.52771 -13.0528
5.56335 -12.8053
5.59899 -12.5579
5.63462 -12.3104
5.67026 -12.063
5.7059 -11.8155
5.74154 -11.5681
5.77717 -11.3206
5.81281 -11.0732
5.84845 -10.8257
5.88409 -10.5783
5.91973 -10.3308
5.95536 -10.0834
5.991 -9.83596
6.02664 -9.58851
6.06228 -9.34106
6.09792 -9.09361
6.13355 -8.84617
6.16919 -8.59872
6.20483 -8.35127
6.24047 -8.10383
6.2761 -7.85638
6.31174 -7.60893
6.34738 -7.36149
6.38302 -7.11404
6.41866 -6.86659
6.45429 -6.61914
6.48993 -6.3717
6.52557 -6.12425
6.56121 -5.8768
6.59685 -5.62936
6.63248 -5.38191
6.66812 -5.13446
6.70376 -4.88702
6.7394 -4.63957
6.77503 -4.39212
6.81067 -4.14467
6.84631 -3.89723
6.88195 -3.64978
6.91759 -3.40233
6.95322 -3.15489
6.98886 -2.90744
7.0245 -2.65999
7.06014 -2.41255
7.09578 -2.1651
7.13141 -1.91765
7.16705 -1.67021
7.20269 -1.42276
7.23833 -1.17531
7.27396 -0.927866
7.3096 -0.680419
7.34524 -0.432972
7.38088 -0.185525
7.41652 0.0619217
7.45215 0.309369
7.48779 0.556815
7.52343 0.804262
7.55907 1.05171
7.59471 1.29916
7.63034 1.5466
7.66598 1.79405
7.70162 2.0415
7.73726 2.28894
7.77289 2.53639
7.80853 2.78384
7.84417 3.03128
7.87981 3.27873
7.91545 3.52618
7.95108 3.77362
7.98672 4.02107
8.02236 4.26852
8.058 4.51596
8.09364 4.76341
8.12927 5.01086
8.16491 5.25831
8.20055 5.50575
8.23619 5.7532
8.27182 6.00065
8.30746 6.24809
8.3431 6.49554
8.37874 6.74299
8.41438 6.99044
8.45001 7.23788
8.48565 7.48533
8.52129 7.73278
8.55693 7.98022
8.59257 8.22767
8.6282 8.47512
8.66384 8.72256
8.69948 8.97001
8.73512 9.21746
8.77075 9.4649
8.80639 9.71235
8.84203 9.9598
8.87767 10.2072
8.91331 10.4547
8.94894 10.7021
8.98458 10.9496
9.02022 11.197
9.05586 11.4445
9.0915 11.6919
9.12713 11.9394
9.16277 12.1868
9.19841 12.4343
9.23405 12.6817
9.26968 12.9292
9.30532 13.1766
9.34096 13.4241
9.3766 13.6715
9.41224 13.919
9.44787 14.1664
9.48351 14.4138
9.51915 14.6613
9.55479 14.9087
9.59043 15.1562
9.62606 15.4036
9.6617 15.6511
9.69734 15.8985
9.73298 16.146
9.76861 16.3934
9.80425 16.6409
9.83989 16.8883
10 18