-4 -5
-4.0411 -4.7534
-4.0822 -4.5068
-4.1233 -4.2602
-4.1644 -4.01361
-4.2055 -3.76701
-4.2466 -3.52041
-4.2877 -3.27381
-4.3288 -3.02721
-4.3699 -2.78061
-4.411 -2.53402
-4.4521 -2.28742
-4.4932 -2.04082
-4.5343 -1.79422
-4.5754 -1.54762
-4.6165 -1.30102
-4.6576 -1.05442
-4.6987 -0.807826
-4.7398 -0.561227
-4.78089 -0.314629
-4.82199 -0.0680304
-4.86309 0.178568
-4.78985 0.279132
-4.7677 0.280256
-4.7677 0.280256
-4.7677 0.280256
-4.7677 0.280256
-4.7677 0.280256
-4.7677 0.280256
-4.7677 0.280256
-4.7677 0.280256
-4.7677 0.280256
-4.7677 0.280256
-4.7677 0.280256
-4.7677 0.280256
-4.7677 0.280256
-4.7677 0.280256
-4.7677 0.280256
-4.7677 0.280256
-4.7677 0.280256
-4.7677 0.280256
-4.7677 0.280256
-4.7677 0.280256
-4.7677 0.280256
-4.7677 0.280256
-4.7677 0.280256
-4.7677 0.280256
-4.7677 0.280256
-4.7677 0.280256
-4.7677 0.280256
-4.7677 0.280256
-4.7677 0.280256
-4.7677 0.280256
-4.7677 0.280256
-4.7677 0.280256
-4.7677 0.280256
-4.7677 0.280256
-4.7677 0.280256
-4.7677 0.280256
-4.7677 0.280256
-4.7677 0.280256
-4.7677 0.280256
-4.7677 0.280256
-4.7677 0.280256
-4.7677 0.280256
-4.7677 0.280256
-4.7677 0.280256
-4.7677 0.280256
-4.7677 0.280256
-4.7677 0.280256
-4.7677 0.280256
-4.7677 0.280256
-4.7677 0.280256
-4.7677 0.280256
-4.7677 0.280256
-4.7677 0.280256
-4.7677 0.280256
-4.7677 0.280256
-4.7677 0.280256
-4.7677 0.280256
-4.7677 0.280256
-4.7677 0.280256
-4.7677 0.280256
-4.7677 0.280256
-4.7677 0.280256
-4.7677 0.280256
-4.7677 0.280256
-4.7677 0.280256
-4.7677 0.280256
-4.7677 0.280256
-4.7677 0.280256
-4.7677 0.280256
-4.7677 0.280256
-4.7677 0.280256
-4.7677 0.280256
-4.7677 0.280256
-4.7677 0.280256
-4.7677 0.280256
-4.7677 0.280256
-4.7677 0.280256
-4.7677 0.280256
-4.7677 0.280256
-4.7677 0.280256
-4.7677 0.280256
-4.7677 0.280256
-4.7677 0.280256
-4.7677 0.280256
-4.7677 0.280256
-4.7677 0.280256
-4.7677 0.280256
-4.7677 0.280256
-4.7677 0.280256
-4.7677 0.280256
-4.7677 0.280256
-4.7677 0.280256
-4.7677 0.280256
-4.7677 0.280256
-4.7677 0.280256
-4.7677 0.280256
-4.7677 0.280256
-4.7677 0.280256
-4.7677 0.280256
-4.7677 0.280256
-4.7677 0.280256
-4.7677 0.280256
-4.7677 0.280256
-4.7677 0.280256
-4.7677 0.280256
-4.7677 0.280256
-4.7677 0.280256
-4.7677 0.280256
-4.7677 0.280256
-4.7677 0.280256
-4.7677 0.280256
-4.7677 0.280256
-4.7677 0.280256
-4.7677 0.280256
-4.7677 0.280256
-4.7677 0.280256
-4.7677 0.280256
-4.7677 0.280256
-4.7677 0.280256
-4.7677 0.280256
-4.7677 0.280256
-4.7677 0.280256
-4.7677 0.280256
-4.7677 0.280256
-4.7677 0.280256
-4.7677 0.280256
-4.7677 0.280256
-4.7677 0.280256
-4.7677 0.280256
-4.7677 0.280256
-4.7677 0.280256
-4.7677 0.280256
-4.7677 0.280256
-4.7677 0.280256
-4.7677 0.280256
-4.7677 0.280256
-4.7677 0.280256
-4.7677 0.280256
-4.7677 0.280256
-4.7677 0.280256
-5 1