0 -15
-0.241875 -14.9787
-0.48934 -14.9432
-0.736805 -14.9077
-0.984271 -14.8721
-1.23174 -14.8366
-1.4792 -14.8011
-1.72667 -14.7656
-1.97413 -14.7301
-2.2216 -14.6946
-2.46906 -14.6591
-2.71653 -14.6236
-2.96399 -14.5881
-3.21146 -14.5526
-3.45892 -14.517
-3.70639 -14.4815
-3.95385 -14.446
-4.20132 -14.4105
-4.44878 -14.375
-4.69625 -14.3395
-4.94371 -14.304
-5.19118 -14.2685
-5.43864 -14.233
-5.68611 -14.1975
-5.93357 -14.1619
-6.18104 -14.1264
-6.4285 -14.0909
-6.67597 -14.0554
-6.92343 -14.0199
-7.1709 -13.9844
-7.41837 -13.9489
-7.66583 -13.9134
-7.9133 -13.8779
-8.16076 -13.8424
-8.40823 -13.8068
-8.65569 -13.7713
-8.90316 -13.7358
-9.15062 -13.7003
-9.39809 -13.6648
-9.64555 -13.6293
-9.89302 -13.5938
-10.1405 -13.5583
-10.3879 -13.5228
-10.6354 -13.4873
-10.8829 -13.4517
-11.1303 -13.4162
-11.3778 -13.3807
-11.6253 -13.3452
-11.8727 -13.3097
-12.1202 -13.2742
-12.3677 -13.2387
-12.6151 -13.2032
-12.8626 -13.1677
-13.1101 -13.1322
-13.3575 -13.0966
-13.605 -13.0611
-13.8525 -13.0256
-14.0999 -12.9901
-14.3474 -12.9546
-14.5949 -12.9191
-14.8423 -12.8836
-15.0898 -12.8481
-15.3372 -12.8126
-15.5847 -12.7771
-15.8322 -12.7415
-16.0796 -12.706
-16.3271 -12.6705
-16.5746 -12.635
-16.822 -12.5995
-17.0695 -12.564
-17.317 -12.5285
-17.5644 -12.493
-17.8119 -12.4575
-18.0594 -12.422
-18.3068 -12.3865
-18.5543 -12.3509
-18.8018 -12.3154
-19.0492 -12.2799
-19.2967 -12.2444
-19.5442 -12.2089
-19.7916 -12.1734
-20.0391 -12.1379
-20.0717 -12.1236
-20.0717 -12.1236
-20.0717 -12.1236
-20.0717 -12.1236
-20.0717 -12.1236
-20.0717 -12.1236
-20.0717 -12.1236
-20.0717 -12.1236
-20.0717 -12.1236
-20.0717 -12.1236
-20.0717 -12.1236
-20.0717 -12.1236
-20.0717 -12.1236
-20.0717 -12.1236
-20.0717 -12.1236
-20.0717 -12.1236
-20.0717 -12.1236
-20.0717 -12.1236
-20.0717 -12.1236
-20.0717 -12.1236
-20.0717 -12.1236
-20.0717 -12.1236
-20.0717 -12.1236
-20.0717 -12.1236
-20.0717 -12.1236
-20.0717 -12.1236
-20.0717 -12.1236
-20.0717 -12.1236
-20.0717 -12.1236
-20.0717 -12.1236
-20.0717 -12.1236
-20.0717 -12.1236
-20.0717 -12.1236
-20.0717 -12.1236
-20.0717 -12.1236
-20.0717 -12.1236
-20.0717 -12.1236
-20.0717 -12.1236
-20.0717 -12.1236
-20.0717 -12.1236
-20.0717 -12.1236
-20.0717 -12.1236
-20.0717 -12.1236
-20.0717 -12.1236
-20.0717 -12.1236
-20.0717 -12.1236
-20.0717 -12.1236
-20.0717 -12.1236
-20.0717 -12.1236
-20.0717 -12.1236
-20.0717 -12.1236
-20.0717 -12.1236
-20.0717 -12.1236
-20.0717 -12.1236
-20.0717 -12.1236
-20.0717 -12.1236
-20.0717 -12.1236
-20.0717 -12.1236
-20.0717 -12.1236
-20.0717 -12.1236
-20.0717 -12.1236
-20.0717 -12.1236
-20.0717 -12.1236
-20.0717 -12.1236
-20.0717 -12.1236
-20.0717 -12.1236
-20.0717 -12.1236
-20.0717 -12.1236
-20.0717 -12.1236
-20.0717 -12.1236
-20.0717 -12.1236
-20.0717 -12.1236
-20.0717 -12.1236
-20.0717 -12.1236
-20.0717 -12.1236
-20.0717 -12.1236
-20.0717 -12.1236
-20.0717 -12.1236
-20.0717 -12.1236
-20.0717 -12.1236
-20.0717 -12.1236
-21 -12