-23 9
-22.7635 8.91892
-22.527 8.83784
-22.2905 8.75676
-22.0541 8.67567
-21.8176 8.59459
-21.5811 8.51351
-21.3446 8.43243
-21.1081 8.35135
-20.8716 8.27027
-20.6351 8.18919
-20.3986 8.1081
-20.1622 8.02702
-19.9257 7.94594
-19.6892 7.86486
-19.4527 7.78378
-19.2162 7.7027
-18.9797 7.62162
-18.7432 7.54054
-18.5068 7.45946
-18.2703 7.37838
-18.0338 7.2973
-17.7973 7.21621
-17.5608 7.13513
-17.3243 7.05405
-17.0878 6.97297
-16.8514 6.89189
-16.6149 6.81081
-16.3784 6.72973
-16.1419 6.64865
-15.9054 6.56757
-15.6689 6.48649
-15.4324 6.40541
-15.1959 6.32432
-14.9595 6.24324
-14.723 6.16216
-14.4865 6.08108
-14.25 6
-14.0135 5.91892
-13.777 5.83784
-13.5405 5.75676
-13.3041 5.67568
-13.0676 5.5946
-12.8311 5.51351
-12.5946 5.43243
-12.3581 5.35135
-12.1216 5.27027
-11.8851 5.18919
-11.6487 5.10811
-11.4122 5.02703
-11.1757 4.94595
-10.9392 4.86487
-10.7027 4.78379
-10.4662 4.70271
-10.2297 4.62162
-9.99325 4.54054
-9.75676 4.45946
-9.52027 4.37838
-9.28379 4.2973
-9.0473 4.21622
-8.81081 4.13514
-8.57433 4.05406
-8.33784 3.97298
-8.10135 3.8919
-7.86487 3.81082
-7.62838 3.72973
-7.3919 3.64865
-7.15541 3.56757
-6.91892 3.48649
-6.68244 3.40541
-6.44595 3.32433
-6.20946 3.24325
-5.97298 3.16217
-5.73649 3.08108
-5.5 3
-5.26352 2.91892
-5.02703 2.83784
-4.79054 2.75676
-4.55406 2.67568
-4.31757 2.5946
-4.08109 2.51352
-3.8446 2.43244
-3.60811 2.35135
-3.37163 2.27027
-3.13514 2.18919
-2.89865 2.10811
-2.66217 2.02703
-2.42568 1.94595
-2.18919 1.86487
-1.95271 1.78379
-1.71622 1.70271
-1.47973 1.62162
-1.24325 1.54054
-1.00676 1.45946
-0.770275 1.37838
-0.533789 1.2973
-0.297302 1.21622
-0.0608156 1.13514
0.175671 1.05406
0.412157 0.972975
0.648644 0.891894
0.88513 0.810813
1.12162 0.729732
1.3581 0.648651
1.59459 0.56757
1.83108 0.486489
2.06756 0.405408
2.30405 0.324327
2.54054 0.243245
2.77702 0.162164
3.01351 0.0810833
3.24999 2.21282e-06
3.48648 -0.0810789
3.72297 -0.16216
3.95945 -0.243241
4.19594 -0.324322
4.43243 -0.405403
4.66891 -0.486484
4.9054 -0.567565
5.14189 -0.648647
5.37837 -0.729728
5.61486 -0.810809
5.85135 -0.89189
6.08783 -0.972971
6.32432 -1.05405
6.5608 -1.13513
6.79729 -1.21621
7.03378 -1.2973
7.27026 -1.37838
7.50675 -1.45946
7.74324 -1.54054
7.97972 -1.62162
8.21621 -1.7027
8.4527 -1.78378
8.68918 -1.86486
8.92567 -1.94594
9.16216 -2.02702
9.39864 -2.10811
9.63513 -2.18919
9.87162 -2.27027
10.1081 -2.35135
10.3446 -2.43243
10.5811 -2.51351
10.8176 -2.59459
11.054 -2.67567
11.2905 -2.75675
11.2905 -2.75675
11.2905 -2.75675
11.2905 -2.75675
11.2905 -2.75675
11.2905 -2.75675
11.2905 -2.75675
11.2905 -2.75675
11.2905 -2.75675
11.2905 -2.75675
11.2905 -2.75675
11.2905 -2.75675
11.2905 -2.75675
11.2905 -2.75675
11.2905 -2.75675
11.2905 -2.75675
11.2905 -2.75675
11.2905 -2.75675
12 -3