3 4
2.78563 4.12862
2.57125 4.25725
2.35688 4.38587
2.14251 4.5145
1.92813 4.64312
1.71376 4.77174
1.49939 4.90037
1.28501 5.02899
1.07064 5.15762
0.856268 5.28624
0.641894 5.41486
0.427521 5.54349
0.213148 5.67211
-0.00122523 5.80074
-0.215598 5.92936
-0.429972 6.05798
-0.644345 6.18661
-0.858718 6.31523
-1.07309 6.44386
-1.28746 6.57248
-1.50184 6.7011
-1.71621 6.82973
-1.93058 6.95835
-2.14496 7.08698
-2.35933 7.2156
-2.5737 7.34422
-2.78808 7.47285
-3.00245 7.60147
-3.21682 7.73009
-3.4312 7.85872
-3.64557 7.98734
-3.85994 8.11597
-4.07432 8.24459
-4.28869 8.37321
-4.50306 8.50184
-4.71744 8.63046
-4.93181 8.75909
-5.14618 8.88771
-5.36056 9.01633
-5.57493 9.14496
-5.7893 9.27358
-6.00367 9.40221
-6.21805 9.53083
-6.43242 9.65945
-6.64679 9.78808
-6.86117 9.9167
-7.07554 10.0453
-7.28991 10.174
-7.50429 10.3026
-7.71866 10.4312
-7.93303 10.5598
-8.14741 10.6884
-8.36178 10.8171
-8.57615 10.9457
-8.79053 11.0743
-9.0049 11.2029
-9.21927 11.3316
-9.43365 11.4602
-9.64802 11.5888
-9.86239 11.7174
-10.0768 11.8461
-10.2911 11.9747
-10.5055 12.1033
-10.7199 12.2319
-10.9343 12.3606
-11.1486 12.4892
-11.363 12.6178
-11.5774 12.7464
-11.7918 12.8751
-12.0061 13.0037
-12.2205 13.1323
-12.4349 13.2609
-12.6493 13.3895
-12.8636 13.5182
-13.078 13.6468
-13.2924 13.7754
-13.5067 13.904
-13.7211 14.0327
-13.9355 14.1613
-14.1499 14.2899
-14.3642 14.4185
-14.5786 14.5472
-14.793 14.6758
-15.0074 14.8044
-15.2217 14.933
-15.4361 15.0617
-15.6505 15.1903
-15.8649 15.3189
-16.0792 15.4475
-16.2936 15.5762
-16.2936 15.5762
-16.2936 15.5762
-16.2936 15.5762
-16.2936 15.5762
-16.2936 15.5762
-16.2936 15.5762
-16.2936 15.5762
-16.2936 15.5762
-16.2936 15.5762
-16.2936 15.5762
-16.2936 15.5762
-16.2936 15.5762
-16.2936 15.5762
-16.2936 15.5762
-16.2936 15.5762
-16.2936 15.5762
-16.2936 15.5762
-16.2936 15.5762
-16.2936 15.5762
-16.2936 15.5762
-16.2936 15.5762
-16.2936 15.5762
-16.2936 15.5762
-16.2936 15.5762
-16.2936 15.5762
-16.2936 15.5762
-16.2936 15.5762
-16.2936 15.5762
-16.2936 15.5762
-16.2936 15.5762
-16.2936 15.5762
-16.2936 15.5762
-16.2936 15.5762
-16.2936 15.5762
-16.2936 15.5762
-16.2936 15.5762
-16.2936 15.5762
-16.2936 15.5762
-16.2936 15.5762
-16.2936 15.5762
-16.2936 15.5762
-16.2936 15.5762
-16.2936 15.5762
-16.2936 15.5762
-16.2936 15.5762
-16.2936 15.5762
-16.2936 15.5762
-16.2936 15.5762
-16.2936 15.5762
-16.2936 15.5762
-16.2936 15.5762
-16.2936 15.5762
-16.2936 15.5762
-16.2936 15.5762
-16.2936 15.5762
-16.2936 15.5762
-16.2936 15.5762
-16.2936 15.5762
-16.2936 15.5762
-16.2936 15.5762
-16.2936 15.5762
-16.2936 15.5762
-16.2936 15.5762
-16.2936 15.5762
-16.2936 15.5762
-16.2936 15.5762
-16.2936 15.5762
-16.2936 15.5762
-16.2936 15.5762
-16.2936 15.5762
-16.2936 15.5762
-16.2936 15.5762
-16.2936 15.5762
-16.2936 15.5762
-16.2936 15.5762
-16.2936 15.5762
-16.2936 15.5762
-16.2936 15.5762
-16.2936 15.5762
-17 16