16 -8
15.7611 -7.92648
15.5221 -7.85296
15.2832 -7.77944
15.0442 -7.70591
14.8053 -7.63239
14.5663 -7.55887
14.3274 -7.48535
14.0884 -7.41183
13.8495 -7.33831
13.6105 -7.26478
13.3716 -7.19126
13.1327 -7.11774
12.8937 -7.04422
12.6548 -6.9707
12.4158 -6.89718
12.1769 -6.82365
11.9379 -6.75013
11.699 -6.67661
11.46 -6.60309
11.2211 -6.52957
10.9822 -6.45605
10.7432 -6.38252
10.5043 -6.309
10.2653 -6.23548
10.0264 -6.16196
9.78743 -6.08844
9.54848 -6.01492
9.30954 -5.94139
9.07059 -5.86787
8.83165 -5.79435
8.5927 -5.72083
8.35376 -5.64731
8.11481 -5.57379
7.87587 -5.50027
7.63692 -5.42674
7.39798 -5.35322
7.15903 -5.2797
6.92009 -5.20618
6.68114 -5.13266
6.4422 -5.05914
6.20325 -4.98562
5.96431 -4.91209
5.72536 -4.83857
5.48642 -4.76505
5.24747 -4.69153
5.00853 -4.61801
4.76958 -4.54449
4.53064 -4.47097
4.29169 -4.39744
4.05275 -4.32392
3.8138 -4.2504
3.59322 -4.18715
3.37955 -4.13908
3.17089 -4.13758
3.06012 -4.23286
3.01585 -4.32527
2.9798 -4.40274
2.94813 -4.47198
2.91886 -4.53667
2.89092 -4.59882
2.86374 -4.65955
2.83699 -4.71945
2.81051 -4.77887
2.78419 -4.838
2.75798 -4.89695
2.73184 -4.95577
2.70577 -5.01451
2.64906 -5.05952
2.61217 -5.10865
2.64608 -5.14492
2.72369 -5.14039
2.82201 -5.07858
2.91619 -4.95445
2.91619 -4.95445
2.91619 -4.95445
2.91619 -4.95445
2.91619 -4.95445
2.91619 -4.95445
2.91619 -4.95445
2.91619 -4.95445
2.91619 -4.95445
2.91619 -4.95445
2.91619 -4.95445
2.91619 -4.95445
2.91619 -4.95445
2.91619 -4.95445
2.91619 -4.95445
2.91619 -4.95445
2.91619 -4.95445
2.91619 -4.95445
2.91619 -4.95445
2.91619 -4.95445
2.91619 -4.95445
2.91619 -4.95445
2.91619 -4.95445
2.91619 -4.95445
2.91619 -4.95445
2.91619 -4.95445
2.91619 -4.95445
2.91619 -4.95445
2.91619 -4.95445
2.91619 -4.95445
2.91619 -4.95445
2.91619 -4.95445
2.91619 -4.95445
2.91619 -4.95445
2.91619 -4.95445
2.91619 -4.95445
2.91619 -4.95445
2.91619 -4.95445
2.91619 -4.95445
2.91619 -4.95445
2.91619 -4.95445
2.91619 -4.95445
2.91619 -4.95445
2.91619 -4.95445
2.91619 -4.95445
2.91619 -4.95445
2.91619 -4.95445
2.91619 -4.95445
2.91619 -4.95445
2.91619 -4.95445
2.91619 -4.95445
2.91619 -4.95445
2.91619 -4.95445
2.91619 -4.95445
2.91619 -4.95445
2.91619 -4.95445
2.91619 -4.95445
2.91619 -4.95445
2.91619 -4.95445
2.91619 -4.95445
2.91619 -4.95445
2.91619 -4.95445
2.91619 -4.95445
2.91619 -4.95445
2.91619 -4.95445
2.91619 -4.95445
2.91619 -4.95445
2.91619 -4.95445
2.91619 -4.95445
2.91619 -4.95445
2.91619 -4.95445
2.91619 -4.95445
2.91619 -4.95445
2.91619 -4.95445
2.91619 -4.95445
2.91619 -4.95445
2.91619 -4.95445
2.91619 -4.95445
2.91619 -4.95445
2.91619 -4.95445
2.91619 -4.95445
2.91619 -4.95445
2.91619 -4.95445
2.91619 -4.95445
2.91619 -4.95445
2.91619 -4.95445
2.91619 -4.95445
2.91619 -4.95445
2.91619 -4.95445
2.91619 -4.95445
2.91619 -4.95445
2.91619 -4.95445
2.91619 -4.95445
2.91619 -4.95445
2.91619 -4.95445
2.91619 -4.95445
2.91619 -4.95445
3 -4