20 -6
19.9069 -5.88298
19.7188 -5.82112
19.4789 -5.77996
19.232 -5.74056
18.9852 -5.70115
18.7383 -5.66175
18.4914 -5.62235
18.2445 -5.58294
17.9977 -5.54354
17.7508 -5.50414
17.5039 -5.46473
17.257 -5.42533
17.0102 -5.38593
16.7633 -5.34653
16.5164 -5.30712
16.2695 -5.26772
16.0226 -5.22832
15.7758 -5.18891
15.5289 -5.14951
15.282 -5.11011
15.0351 -5.0707
14.7883 -5.0313
14.5414 -4.9919
14.2945 -4.95249
14.0476 -4.91309
13.8008 -4.87369
13.5539 -4.83429
13.307 -4.79488
13.0602 -4.75548
12.8133 -4.71608
12.5664 -4.67667
12.3195 -4.63727
12.0727 -4.59787
11.8258 -4.55846
11.5789 -4.51906
11.332 -4.47966
11.0852 -4.44025
10.8383 -4.40085
10.5914 -4.36145
10.3445 -4.32204
10.0977 -4.28264
9.85078 -4.24324
9.6039 -4.20384
9.35703 -4.16443
9.11015 -4.12503
8.86328 -4.08563
8.6164 -4.04622
8.36953 -4.00682
8.12265 -3.96742
7.87578 -3.92801
7.6289 -3.88861
7.38203 -3.84921
7.13515 -3.8098
6.88828 -3.7704
6.6414 -3.731
6.39453 -3.69159
6.14765 -3.65219
5.90078 -3.61279
5.6539 -3.57338
5.40702 -3.53398
5.16015 -3.49458
4.91327 -3.45517
4.6664 -3.41577
4.41952 -3.37637
4.17265 -3.33697
3.92577 -3.29756
3.6789 -3.25816
3.43202 -3.21876
3.18515 -3.17935
2.93827 -3.13995
2.6914 -3.10055
2.44452 -3.06114
2.19765 -3.02174
1.95077 -2.98234
1.7039 -2.94293
1.45702 -2.90353
1.21014 -2.86413
0.96327 -2.82472
0.716394 -2.78532
0.469519 -2.74592
0.222644 -2.70651
-0.0242313 -2.66711
-0.271107 -2.62771
-0.517982 -2.5883
-0.764857 -2.5489
-1.01173 -2.5095
-1.25861 -2.47009
-1.50548 -2.43069
-1.75236 -2.39129
-1.99923 -2.35189
-2.24611 -2.31248
-2.49298 -2.27308
-2.73986 -2.23368
-2.98673 -2.19427
-3.23361 -2.15487
-3.48048 -2.11547
-3.72736 -2.07606
-3.97424 -2.03666
-4.22111 -1.99726
-4.46799 -1.95785
-4.71486 -1.91845
-4.96174 -1.87905
-5.20861 -1.83964
-5.45549 -1.80024
-5.70236 -1.76084
-5.94924 -1.72143
-6.19611 -1.68203
-6.44299 -1.64263
-6.68986 -1.60322
-6.93674 -1.56382
-7.18385 -1.52472
-7.43173 -1.48651
-7.68044 -1.44903
-7.92998 -1.41209
-8.18038 -1.37551
-8.43159 -1.33907
-8.68357 -1.30256
-8.93623 -1.26578
-9.18942 -1.22854
-9.44296 -1.1907
-9.69663 -1.15234
-9.95031 -1.11395
-10.204 -1.0755
-10.4577 -1.03702
-10.7114 -0.998483
-10.9651 -0.9599
-11.2189 -0.921269
-11.4726 -0.882587
-11.7264 -0.843853
-11.9801 -0.805067
-12.2339 -0.766226
-12.4877 -0.727329
-12.7415 -0.688374
-12.9953 -0.649361
-13.2492 -0.610287
-13.503 -0.57115
-13.7569 -0.531948
-14.0108 -0.49268
-14.2646 -0.453342
-14.5185 -0.413934
-14.7725 -0.374452
-15.0264 -0.334894
-15.2804 -0.295257
-15.5343 -0.255538
-15.7883 -0.215733
-16.0424 -0.17584
-16.2964 -0.135854
-16.5504 -0.0957717
-16.8045 -0.0555884
-17.0586 -0.0152993
-17.3127 0.0251009
-17.5669 0.0656179
-17.8211 0.106258
-18.0753 0.147028
-18.3295 0.187936
-18.5758 0.230762
-18.8221 0.273587
-19.0684 0.316413
-19.3147 0.359238
-19.5611 0.402064
-19.8074 0.444889
-20.0537 0.487715
-20.3 0.53054
-20.5463 0.573366
-20.7926 0.616191
-21.0389 0.659017
-21.2852 0.701842
-21.5315 0.744668
-21.7778 0.787493
-23 1