19 16
18.7692 15.9038
18.5385 15.8077
18.3077 15.7115
18.0769 15.6154
17.8461 15.5192
17.6154 15.4231
17.3846 15.3269
17.1538 15.2308
16.9231 15.1346
16.6923 15.0385
16.4615 14.9423
16.2308 14.8461
16 14.75
15.7692 14.6538
15.5385 14.5577
15.3077 14.4615
15.0769 14.3654
14.8461 14.2692
14.6154 14.1731
14.3846 14.0769
14.1538 13.9808
13.9231 13.8846
13.6923 13.7885
13.4615 13.6923
13.2308 13.5961
13 13.5
12.7692 13.4038
12.5385 13.3077
12.3077 13.2115
12.0769 13.1154
11.8461 13.0192
11.6154 12.9231
11.3846 12.8269
11.1538 12.7308
10.9231 12.6346
10.6923 12.5384
10.4615 12.4423
10.2308 12.3461
9.99999 12.25
9.76922 12.1538
9.53845 12.0577
9.30768 11.9615
9.07691 11.8654
8.84615 11.7692
8.61538 11.6731
8.38461 11.5769
8.15384 11.4808
7.92307 11.3846
7.6923 11.2884
7.46153 11.1923
7.23076 11.0961
6.99999 11
6.76922 10.9038
6.53845 10.8077
6.30768 10.7115
6.07692 10.6154
5.84615 10.5192
5.61538 10.4231
5.38461 10.3269
5.15384 10.2308
4.92307 10.1346
4.6923 10.0384
4.46153 9.94229
4.23076 9.84614
3.99999 9.74998
3.76922 9.65383
3.53846 9.55768
3.30769 9.46152
3.07692 9.36537
2.84615 9.26922
2.61538 9.17306
2.38461 9.07691
2.15384 8.98075
1.92307 8.8846
1.6923 8.78845
1.46153 8.6923
1.23076 8.59614
0.999993 8.49999
0.769224 8.40383
0.538454 8.30768
0.307685 8.21153
0.0769159 8.11537
-0.153853 8.01922
-0.384623 7.92306
-0.615392 7.82691
-0.846161 7.73076
-1.07693 7.6346
-1.3077 7.53845
-1.53847 7.4423
-1.76924 7.34614
-2.00001 7.24999
-2.23078 7.15383
-2.46155 7.05768
-2.69232 6.96153
-2.92308 6.86537
-3.15385 6.76922
-3.38462 6.67307
-3.61539 6.57691
-3.84616 6.48076
-4.07693 6.3846
-4.3077 6.28845
-4.53847 6.1923
-4.76924 6.09614
-5.00001 5.99999
-5.23078 5.90384
-5.46155 5.80768
-5.69232 5.71153
-5.92308 5.61538
-6.15385 5.51922
-6.38462 5.42307
-6.61516 5.32722
-6.84492 5.23225
-7.07385 5.13802
-7.30195 5.04433
-7.5292 4.95099
-7.75564 4.85781
-7.98132 4.76459
-8.20635 4.67113
-8.43086 4.57727
-8.65505 4.48288
-8.87913 4.38806
-9.10321 4.29328
-9.3273 4.19853
-9.5514 4.10381
-9.77551 4.00913
-9.99962 3.91449
-10.2237 3.81988
-10.4479 3.72532
-10.672 3.63079
-10.8962 3.53631
-11.1203 3.44187
-11.3445 3.34747
-11.5687 3.25313
-11.7929 3.15883
-12.0171 3.06458
-12.2413 2.97038
-12.4655 2.87625
-12.6898 2.78217
-12.914 2.68815
-13.1383 2.59419
-13.3626 2.50031
-13.5869 2.4065
-13.8112 2.31276
-14.0355 2.21912
-14.2599 2.12556
-14.4842 2.03209
-14.7086 1.93874
-14.9331 1.8455
-15.1575 1.75239
-15.382 1.65942
-15.6065 1.56662
-15.8311 1.47401
-16.0557 1.38163
-16.2804 1.28953
-16.2804 1.28953
-16.2804 1.28953
-16.2804 1.28953
-16.2804 1.28953
-16.2804 1.28953
-16.2804 1.28953
-16.2804 1.28953
-16.2804 1.28953
-16.2804 1.28953
-16.2804 1.28953
-16.2804 1.28953
-16.2804 1.28953
-16.2804 1.28953
-16.2804 1.28953
-16.2804 1.28953
-17 1