-16 3
-15.7502 3.01086
-15.5005 3.02172
-15.2507 3.03258
-15.0009 3.04344
-14.7512 3.0543
-14.5014 3.06516
-14.2516 3.07601
-14.0019 3.08687
-13.7521 3.09773
-13.5024 3.10859
-13.2526 3.11945
-13.0028 3.13031
-12.7531 3.14117
-12.5033 3.15203
-12.2535 3.16289
-12.0038 3.17375
-11.754 3.18461
-11.5042 3.19547
-11.2545 3.20633
-11.0047 3.21719
-10.7549 3.22804
-10.5052 3.2389
-10.2554 3.24976
-10.0057 3.26062
-9.75589 3.27148
-9.50612 3.28234
-9.25636 3.2932
-9.0066 3.30406
-8.75683 3.31492
-8.50707 3.32578
-8.2573 3.33664
-8.00754 3.3475
-7.75777 3.35836
-7.50801 3.36921
-7.25825 3.38007
-7.00848 3.39093
-6.75872 3.40179
-6.50895 3.41265
-6.25919 3.42351
-6.00943 3.43437
-5.75966 3.44523
-5.5099 3.45609
-5.26013 3.46695
-5.01037 3.47781
-4.76061 3.48867
-4.51084 3.49953
-4.26108 3.51039
-4.01131 3.52124
-3.76155 3.5321
-3.51179 3.54296
-3.26202 3.55382
-3.01226 3.56468
-2.76249 3.57554
-2.51273 3.5864
-2.26297 3.59726
-2.0132 3.60812
-1.76344 3.61898
-1.51367 3.62984
-1.26391 3.6407
-1.01415 3.65156
-0.764382 3.66242
-0.514618 3.67328
-0.264854 3.68413
-0.0150903 3.69499
0.234674 3.70585
0.484438 3.71671
0.734202 3.72757
0.983966 3.73843
1.23373 3.74929
1.48349 3.76015
1.73326 3.77101
1.98302 3.78187
2.23279 3.79273
2.48255 3.80359
2.73231 3.81445
2.98208 3.82531
3.23184 3.83617
3.48161 3.84703
3.73137 3.85788
3.98113 3.86874
4.2309 3.8796
4.48066 3.89046
4.73043 3.90132
4.98019 3.91218
5.22995 3.92304
5.47972 3.9339
5.72948 3.94476
5.97925 3.95562
6.22901 3.96648
6.2554 3.98503
6.2554 3.98503
6.2554 3.98503
6.2554 3.98503
6.2554 3.98503
6.2554 3.98503
6.2554 3.98503
6.2554 3.98503
6.2554 3.98503
6.2554 3.98503
6.2554 3.98503
6.2554 3.98503
6.2554 3.98503
6.2554 3.98503
6.2554 3.98503
6.2554 3.98503
6.2554 3.98503
6.2554 3.98503
6.2554 3.98503
6.2554 3.98503
6.2554 3.98503
6.2554 3.98503
6.2554 3.98503
6.2554 3.98503
6.2554 3.98503
6.2554 3.98503
6.2554 3.98503
6.2554 3.98503
6.2554 3.98503
6.2554 3.98503
6.2554 3.98503
6.2554 3.98503
6.2554 3.98503
6.2554 3.98503
6.2554 3.98503
6.2554 3.98503
6.2554 3.98503
6.2554 3.98503
6.2554 3.98503
6.2554 3.98503
6.2554 3.98503
6.2554 3.98503
6.2554 3.98503
6.2554 3.98503
6.2554 3.98503
6.2554 3.98503
6.2554 3.98503
6.2554 3.98503
6.2554 3.98503
6.2554 3.98503
6.2554 3.98503
6.2554 3.98503
6.2554 3.98503
6.2554 3.98503
6.2554 3.98503
6.2554 3.98503
6.2554 3.98503
6.2554 3.98503
6.2554 3.98503
6.2554 3.98503
6.2554 3.98503
6.2554 3.98503
6.2554 3.98503
6.2554 3.98503
6.2554 3.98503
6.2554 3.98503
6.2554 3.98503
6.2554 3.98503
6.2554 3.98503
6.2554 3.98503
6.2554 3.98503
6.2554 3.98503
6.2554 3.98503
6.2554 3.98503
6.2554 3.98503
6.2554 3.98503
6.2554 3.98503
6.2554 3.98503
6.2554 3.98503
6.2554 3.98503
7 4