-19 4
-18.9117 3.94159
-18.7322 3.78943
-18.5844 3.58476
-18.4365 3.38007
-18.2887 3.17537
-18.1408 2.97067
-17.9929 2.76595
-17.8451 2.56123
-17.6972 2.35649
-17.5493 2.15175
-17.4014 1.947
-17.2535 1.74223
-17.1056 1.53746
-16.9577 1.33267
-16.8098 1.12788
-16.6619 0.923076
-16.514 0.718262
-16.3661 0.513438
-16.2425 0.296098
-16.119 0.0787588
-15.9954 -0.138581
-15.8719 -0.355921
-15.7483 -0.57326
-15.6248 -0.7906
-15.5012 -1.00794
-15.3777 -1.22528
-15.2542 -1.44262
-15.1306 -1.65996
-15.0071 -1.8773
-14.8835 -2.09464
-14.76 -2.31198
-14.6364 -2.52932
-14.5129 -2.74666
-14.3893 -2.964
-14.2658 -3.18134
-14.1422 -3.39868
-14.0187 -3.61602
-13.8952 -3.83336
-13.7716 -4.0507
-13.6481 -4.26804
-13.5245 -4.48537
-13.401 -4.70271
-13.2774 -4.92005
-13.1539 -5.13739
-13.0303 -5.35473
-12.9068 -5.57207
-12.7832 -5.78941
-12.6597 -6.00675
-12.5362 -6.22409
-12.4126 -6.44143
-12.2891 -6.65877
-12.1655 -6.87611
-12.042 -7.09345
-11.9184 -7.31079
-11.7949 -7.52813
-11.6713 -7.74547
-11.5478 -7.96281
-11.4242 -8.18015
-11.3007 -8.39749
-11.1771 -8.61483
-11.0536 -8.83217
-10.9301 -9.04951
-10.8065 -9.26684
-10.683 -9.48418
-10.5594 -9.70152
-10.4359 -9.91886
-10.3123 -10.1362
-10.1888 -10.3535
-10.0652 -10.5709
-9.94169 -10.7882
-9.81815 -11.0056
-9.6946 -11.2229
-9.57106 -11.4402
-9.44751 -11.6576
-9.32397 -11.8749
-9.20042 -12.0923
-9.07688 -12.3096
-8.95333 -12.5269
-8.82979 -12.7443
-8.70624 -12.9616
-8.5827 -13.179
-8.45915 -13.3963
-8.33561 -13.6136
-8.21206 -13.831
-8.08852 -14.0483
-7.96497 -14.2657
-7.84143 -14.483
-7.71788 -14.7003
-7.59434 -14.9177
-7.47079 -15.135
-7.34725 -15.3524
-7.2237 -15.5697
-7.10016 -15.787
-6.97661 -16.0044
-6.85307 -16.2217
-6.72952 -16.4391
-6.60598 -16.6564
-6.48243 -16.8737
-6.35889 -17.0911
-6.23534 -17.3084
-6.1118 -17.5258
-5.98825 -17.7431
-5.86471 -17.9604
-5.74116 -18.1778
-5.61761 -18.3951
-5.49407 -18.6125
-5.37052 -18.8298
-5.24698 -19.0471
-5.12343 -19.2645
-4.99989 -19.4818
-4.87634 -19.6992
-4.7528 -19.9165
-4.62925 -20.1338
-4.50571 -20.3512
-4.38216 -20.5685
-4.25862 -20.7859
-4.13507 -21.0032
-4.01152 -21.2205
-3.88798 -21.4379
-3.76443 -21.6552
-3.64089 -21.8726
-3.51734 -22.0899
-3.3938 -22.3072
-3.3938 -22.3072
-3.3938 -22.3072
-3.3938 -22.3072
-3.3938 -22.3072
-3.3938 -22.3072
-3.3938 -22.3072
-3.3938 -22.3072
-3.3938 -22.3072
-3.3938 -22.3072
-3.3938 -22.3072
-3.3938 -22.3072
-3.3938 -22.3072
-3.3938 -22.3072
-3.3938 -22.3072
-3.3938 -22.3072
-3.3938 -22.3072
-3.3938 -22.3072
-3.3938 -22.3072
-3.3938 -22.3072
-3.3938 -22.3072
-3.3938 -22.3072
-3.3938 -22.3072
-3.3938 -22.3072
-3.3938 -22.3072
-3.3938 -22.3072
-3.3938 -22.3072
-3.3938 -22.3072
-3.3938 -22.3072
-3.3938 -22.3072
-3.3938 -22.3072
-3.3938 -22.3072
-3.3938 -22.3072
-3.3938 -22.3072
-3.3938 -22.3072
-3.3938 -22.3072
-3.3938 -22.3072
-3.3938 -22.3072
-3.3938 -22.3072
-3.3938 -22.3072
-3.3938 -22.3072
-3.3938 -22.3072
-3.3938 -22.3072
-3.3938 -22.3072
-3.3938 -22.3072
-3.3938 -22.3072
-3.3938 -22.3072
-3.3938 -22.3072
-3.3938 -22.3072
-3.3938 -22.3072
-3.3938 -22.3072
-3.3938 -22.3072
-3.3938 -22.3072
-3.3938 -22.3072
-3.3938 -22.3072
-3.3938 -22.3072
-3.3938 -22.3072
-3.3938 -22.3072
-3.3938 -22.3072
-3.3938 -22.3072
-3.3938 -22.3072
-3.3938 -22.3072
-3.3938 -22.3072
-3.3938 -22.3072
-3.3938 -22.3072
-3.3938 -22.3072
-3.3938 -22.3072
-3.3938 -22.3072
-3 -23