-17 -4
-17.009 -3.92177
-17.1157 -3.74443
-17.1916 -3.51275
-17.2676 -3.28114
-17.3435 -3.04958
-17.4194 -2.81808
-17.4952 -2.58665
-17.571 -2.35528
-17.6468 -2.12397
-17.7225 -1.89272
-17.7983 -1.66154
-17.8739 -1.43043
-17.9496 -1.19939
-18.0252 -0.968417
-18.1008 -0.737518
-18.1763 -0.506691
-18.2518 -0.27594
-18.3272 -0.0452643
-18.3731 0.200495
-18.4189 0.446254
-18.4648 0.692013
-18.5106 0.937773
-18.5565 1.18353
-18.6024 1.42929
-18.6482 1.67505
-18.6941 1.92081
-18.7399 2.16657
-18.7858 2.41233
-18.8316 2.65809
-18.8775 2.90385
-18.9233 3.14961
-18.9692 3.39536
-19.015 3.64112
-19.0609 3.88688
-19.1067 4.13264
-19.1526 4.3784
-19.1984 4.62416
-19.2443 4.86992
-19.2901 5.11568
-19.336 5.36144
-19.3818 5.6072
-19.4277 5.85296
-19.4736 6.09872
-19.5194 6.34448
-19.5653 6.59024
-19.6111 6.836
-19.657 7.08176
-19.7028 7.32751
-19.7487 7.57327
-19.7945 7.81903
-19.8404 8.06479
-19.8862 8.31055
-19.9321 8.55631
-19.9779 8.80207
-20.0238 9.04783
-20.0696 9.29359
-20.1155 9.53935
-20.1613 9.78511
-20.2072 10.0309
-20.253 10.2766
-20.2989 10.5224
-20.3447 10.7681
-20.3906 11.0139
-20.4364 11.2597
-20.4823 11.5054
-20.5281 11.7512
-20.574 11.9969
-20.6198 12.2427
-20.6657 12.4885
-20.7116 12.7342
-20.7574 12.98
-20.8033 13.2257
-20.8491 13.4715
-20.895 13.7172
-20.9408 13.963
-20.9867 14.2088
-21.0325 14.4545
-21.0784 14.7003
-21.1242 14.946
-21.1701 15.1918
-21.2159 15.4376
-21.2618 15.6833
-21.3076 15.9291
-21.3535 16.1748
-21.3993 16.4206
-21.4452 16.6664
-21.491 16.9121
-21.5369 17.1579
-21.5827 17.4036
-21.6286 17.6494
-21.6744 17.8952
-21.7203 18.1409
-21.7661 18.3867
-21.812 18.6324
-21.8578 18.8782
-21.9037 19.124
-21.9495 19.3697
-21.9954 19.6155
-22.0413 19.8612
-22.0871 20.107
-22.133 20.3528
-22.1788 20.5985
-22.2247 20.8443
-22.2705 21.09
-22.3164 21.3358
-22.3622 21.5816
-22.4081 21.8273
-22.4539 22.0731
-22.4998 22.3188
-22.5456 22.5646
-22.5915 22.8104
-22.6373 23.0561
-22.6832 23.3019
-22.729 23.5476
-22.7749 23.7934
-22.8207 24.0392
-22.8207 24.0392
-22.8207 24.0392
-22.8207 24.0392
-22.8207 24.0392
-22.8207 24.0392
-22.8207 24.0392
-22.8207 24.0392
-22.8207 24.0392
-22.8207 24.0392
-22.8207 24.0392
-22.8207 24.0392
-22.8207 24.0392
-22.8207 24.0392
-22.8207 24.0392
-22.8207 24.0392
-22.8207 24.0392
-22.8207 24.0392
-22.8207 24.0392
-22.8207 24.0392
-22.8207 24.0392
-22.8207 24.0392
-22.8207 24.0392
-22.8207 24.0392
-22.8207 24.0392
-22.8207 24.0392
-22.8207 24.0392
-22.8207 24.0392
-22.8207 24.0392
-22.8207 24.0392
-22.8207 24.0392
-22.8207 24.0392
-22.8207 24.0392
-22.8207 24.0392
-22.8207 24.0392
-22.8207 24.0392
-22.8207 24.0392
-22.8207 24.0392
-22.8207 24.0392
-22.8207 24.0392
-22.8207 24.0392
-22.8207 24.0392
-22.8207 24.0392
-22.8207 24.0392
-22.8207 24.0392
-22.8207 24.0392
-22.8207 24.0392
-22.8207 24.0392
-22.8207 24.0392
-22.8207 24.0392
-22.8207 24.0392
-22.8207 24.0392
-22.8207 24.0392
-22.8207 24.0392
-22.8207 24.0392
-22.8207 24.0392
-22.8207 24.0392
-22.8207 24.0392
-22.8207 24.0392
-22.8207 24.0392
-22.8207 24.0392
-22.8207 24.0392
-22.8207 24.0392
-22.8207 24.0392
-22.8207 24.0392
-22.8207 24.0392
-22.8207 24.0392
-22.8207 24.0392
-22.8207 24.0392
-22.8207 24.0392
-22.8207 24.0392
-22.8207 24.0392
-22.8207 24.0392
-22.8207 24.0392
-22.8207 24.0392
-23 25