-21 -9
-21.0331 -8.90303
-21.0449 -8.74347
-20.9657 -8.53962
-20.8857 -8.30273
-20.8058 -8.06585
-20.7259 -7.82897
-20.646 -7.59208
-20.5661 -7.3552
-20.4862 -7.11832
-20.4062 -6.88144
-20.3263 -6.64455
-20.2464 -6.40767
-20.1665 -6.17079
-20.0866 -5.93391
-20.0067 -5.69702
-19.9267 -5.46014
-19.8468 -5.22326
-19.7669 -4.98637
-19.687 -4.74949
-19.6071 -4.51261
-19.5272 -4.27573
-19.4473 -4.03884
-19.3673 -3.80196
-19.2874 -3.56508
-19.2075 -3.3282
-19.1276 -3.09131
-19.0477 -2.85443
-18.9678 -2.61755
-18.8878 -2.38066
-18.8079 -2.14378
-18.728 -1.9069
-18.6481 -1.67002
-18.5682 -1.43313
-18.4883 -1.19625
-18.4083 -0.959369
-18.3284 -0.722486
-18.2485 -0.485603
-18.1686 -0.248721
-18.0887 -0.0118379
-18.0088 0.225045
-17.9288 0.461927
-17.8489 0.69881
-17.769 0.935693
-17.6891 1.17258
-17.6092 1.40946
-17.5293 1.64634
-17.4494 1.88322
-17.3694 2.12011
-17.2895 2.35699
-17.2096 2.59387
-17.1297 2.83075
-17.0498 3.06764
-16.9699 3.30452
-16.8899 3.5414
-16.81 3.77829
-16.7301 4.01517
-16.6502 4.25205
-16.5703 4.48893
-16.4904 4.72582
-16.4104 4.9627
-16.3305 5.19958
-16.2506 5.43646
-16.1707 5.67335
-16.0908 5.91023
-16.0109 6.14711
-15.9309 6.38399
-15.851 6.62088
-15.7711 6.85776
-15.6912 7.09464
-15.6113 7.33153
-15.5314 7.56841
-15.4515 7.80529
-15.3715 8.04217
-15.2916 8.27906
-15.2117 8.51594
-15.1318 8.75282
-15.0519 8.9897
-14.972 9.22658
-14.892 9.46347
-14.8121 9.70035
-14.7322 9.93723
-14.6523 10.1741
-14.5724 10.411
-14.4925 10.6479
-14.4125 10.8848
-14.3326 11.1216
-14.2527 11.3585
-14.1728 11.5954
-14.0929 11.8323
-14.013 12.0692
-13.933 12.3061
-13.8531 12.5429
-13.7732 12.7798
-13.6933 13.0167
-13.6134 13.2536
-13.5335 13.4905
-13.4536 13.7273
-13.3736 13.9642
-13.2937 14.2011
-13.2138 14.438
-13.1339 14.6749
-13.054 14.9118
-12.9741 15.1486
-12.8941 15.3855
-12.8142 15.6224
-12.7343 15.8593
-12.6544 16.0962
-12.5745 16.3331
-12.4946 16.5699
-12.4146 16.8068
-12.3347 17.0437
-12.2548 17.2806
-12.1749 17.5175
-12.095 17.7544
-12.0151 17.9912
-11.9351 18.2281
-11.8552 18.465
-11.7753 18.7019
-11.6954 18.9388
-11.6155 19.1756
-11.5356 19.4125
-11.4556 19.6494
-11.3757 19.8863
-11.2958 20.1232
-11.2957 20.1246
-11.2957 20.1246
-11.2957 20.1246
-11.2957 20.1246
-11.2957 20.1246
-11.2957 20.1246
-11.2957 20.1246
-11.2957 20.1246
-11.2957 20.1246
-11.2957 20.1246
-11.2957 20.1246
-11.2957 20.1246
-11.2957 20.1246
-11.2957 20.1246
-11.2957 20.1246
-11.2957 20.1246
-11.2957 20.1246
-11.2957 20.1246
-11.2957 20.1246
-11.2957 20.1246
-11.2957 20.1246
-11.2957 20.1246
-11.2957 20.1246
-11.2957 20.1246
-11.2957 20.1246
-11.2957 20.1246
-11.2957 20.1246
-11.2957 20.1246
-11.2957 20.1246
-11.2957 20.1246
-11.2957 20.1246
-11.2957 20.1246
-11.2957 20.1246
-11.2957 20.1246
-11.2957 20.1246
-11.2957 20.1246
-11.2957 20.1246
-11.2957 20.1246
-11.2957 20.1246
-11.2957 20.1246
-11.2957 20.1246
-11.2957 20.1246
-11.2957 20.1246
-11.2957 20.1246
-11.2957 20.1246
-11.2957 20.1246
-11.2957 20.1246
-11.2957 20.1246
-11.2957 20.1246
-11.2957 20.1246
-11.2957 20.1246
-11.2957 20.1246
-11.2957 20.1246
-11.2957 20.1246
-11.2957 20.1246
-11.2957 20.1246
-11.2957 20.1246
-11.2957 20.1246
-11.2957 20.1246
-11.2957 20.1246
-11.2957 20.1246
-11.2957 20.1246
-11.2957 20.1246
-11.2957 20.1246
-11.2957 20.1246
-11.2957 20.1246
-11 21