11 -10
10.8146 -9.83227
10.6292 -9.66454
10.4438 -9.49681
10.2585 -9.32909
10.0731 -9.16136
9.8877 -8.99363
9.70231 -8.8259
9.51693 -8.65817
9.33155 -8.49044
9.14616 -8.32272
8.96078 -8.15499
8.77539 -7.98726
8.59001 -7.81953
8.40463 -7.6518
8.21924 -7.48407
8.03386 -7.31635
7.84848 -7.14862
7.66309 -6.98089
7.47771 -6.81316
7.29232 -6.64543
7.10694 -6.4777
6.92156 -6.30997
6.73617 -6.14225
6.55079 -5.97452
6.36541 -5.80679
6.18002 -5.63906
5.99464 -5.47133
5.80925 -5.3036
5.62387 -5.13588
5.43849 -4.96815
5.2531 -4.80042
5.06772 -4.63269
4.88233 -4.46496
4.69695 -4.29723
4.51157 -4.12951
4.32618 -3.96178
4.1408 -3.79405
3.95542 -3.62632
3.77003 -3.45859
3.58465 -3.29086
3.39926 -3.12314
3.21388 -2.95541
3.0285 -2.78768
2.84311 -2.61995
2.65773 -2.45222
2.47234 -2.2845
2.28696 -2.11677
2.10158 -1.94904
1.91619 -1.78131
1.73081 -1.61358
1.54542 -1.44585
1.36004 -1.27813
1.17465 -1.1104
0.989271 -0.942669
0.803887 -0.77494
0.618503 -0.607212
0.433119 -0.439484
0.247735 -0.271756
0.0623511 -0.104027
-0.123033 0.063701
-0.308417 0.231429
-0.493801 0.399157
-0.679185 0.566886
-0.864569 0.734614
-1.04995 0.902342
-1.23534 1.07007
-1.42072 1.2378
-1.6061 1.40553
-1.79149 1.57326
-1.97687 1.74098
-2.16226 1.90871
-2.34764 2.07644
-2.53303 2.24417
-2.71841 2.4119
-2.90379 2.57962
-3.08918 2.74735
-3.27456 2.91508
-3.45995 3.08281
-3.64533 3.25054
-3.83071 3.41827
-4.0161 3.58599
-4.20148 3.75372
-4.38686 3.92145
-4.57225 4.08918
-4.75763 4.25691
-4.94302 4.42464
-5.1284 4.59236
-5.31378 4.76009
-5.49917 4.92782
-5.68455 5.09555
-5.86994 5.26328
-6.05532 5.43101
-6.2407 5.59874
-6.42609 5.76646
-6.61147 5.93419
-6.79686 6.10192
-6.98224 6.26965
-7.16762 6.43738
-7.35301 6.60511
-7.53839 6.77283
-7.72378 6.94056
-7.90916 7.10829
-8.09455 7.27602
-8.27993 7.44375
-8.46531 7.61148
-8.6507 7.7792
-8.83608 7.94693
-9.02146 8.11466
-9.20685 8.28239
-9.39223 8.45012
-9.39223 8.45012
-9.39223 8.45012
-9.39223 8.45012
-9.39223 8.45012
-9.39223 8.45012
-9.39223 8.45012
-9.39223 8.45012
-9.39223 8.45012
-9.39223 8.45012
-9.39223 8.45012
-9.39223 8.45012
-9.39223 8.45012
-9.39223 8.45012
-9.39223 8.45012
-9.39223 8.45012
-9.39223 8.45012
-9.39223 8.45012
-9.39223 8.45012
-9.39223 8.45012
-9.39223 8.45012
-9.39223 8.45012
-9.39223 8.45012
-9.39223 8.45012
-9.39223 8.45012
-9.39223 8.45012
-9.39223 8.45012
-9.39223 8.45012
-9.39223 8.45012
-9.39223 8.45012
-9.39223 8.45012
-9.39223 8.45012
-9.39223 8.45012
-9.39223 8.45012
-9.39223 8.45012
-9.39223 8.45012
-9.39223 8.45012
-9.39223 8.45012
-9.39223 8.45012
-9.39223 8.45012
-9.39223 8.45012
-9.39223 8.45012
-9.39223 8.45012
-9.39223 8.45012
-9.39223 8.45012
-9.39223 8.45012
-9.39223 8.45012
-9.39223 8.45012
-9.39223 8.45012
-9.39223 8.45012
-9.39223 8.45012
-9.39223 8.45012
-9.39223 8.45012
-9.39223 8.45012
-9.39223 8.45012
-9.39223 8.45012
-9.39223 8.45012
-9.39223 8.45012
-9.39223 8.45012
-9.39223 8.45012
-9.39223 8.45012
-9.39223 8.45012
-9.39223 8.45012
-9.39223 8.45012
-9.39223 8.45012
-9.39223 8.45012
-9.39223 8.45012
-9.39223 8.45012
-9.39223 8.45012
-9.39223 8.45012
-9.39223 8.45012
-9.39223 8.45012
-9.39223 8.45012
-9.39223 8.45012
-9.39223 8.45012
-9.39223 8.45012
-9.39223 8.45012
-9.39223 8.45012
-9.39223 8.45012
-9.39223 8.45012
-9.39223 8.45012
-10 9