-24 14
-23.7926 13.9754
-23.5566 13.893
-23.3205 13.8107
-23.0845 13.7283
-22.8484 13.646
-22.6124 13.5636
-22.3763 13.4813
-22.1403 13.3989
-21.9043 13.3166
-21.6682 13.2342
-21.4322 13.1519
-21.1961 13.0695
-20.9601 12.9872
-20.724 12.9049
-20.488 12.8225
-20.2519 12.7402
-20.0159 12.6578
-19.7798 12.5755
-19.5438 12.4931
-19.3077 12.4108
-19.0717 12.3284
-18.8356 12.2461
-18.5996 12.1637
-18.3635 12.0814
-18.1275 11.999
-17.8914 11.9167
-17.6554 11.8343
-17.4193 11.752
-17.1833 11.6696
-16.9472 11.5873
-16.7112 11.5049
-16.4752 11.4226
-16.2391 11.3402
-16.0031 11.2579
-15.767 11.1755
-15.531 11.0932
-15.2949 11.0108
-15.0589 10.9285
-14.8228 10.8461
-14.5868 10.7638
-14.3507 10.6814
-14.1147 10.5991
-13.8786 10.5167
-13.6426 10.4344
-13.4065 10.352
-13.1705 10.2697
-12.9344 10.1873
-12.6984 10.105
-12.4623 10.0226
-12.2263 9.94029
-11.9902 9.85794
-11.7542 9.77559
-11.5182 9.69325
-11.2821 9.6109
-11.0461 9.52855
-10.81 9.4462
-10.574 9.36385
-10.3379 9.2815
-10.1019 9.19915
-9.86582 9.1168
-9.62977 9.03446
-9.39372 8.95211
-9.15767 8.86976
-8.92163 8.78741
-8.68558 8.70506
-8.44953 8.62271
-8.21348 8.54036
-7.97743 8.45801
-7.74139 8.37566
-7.50534 8.29332
-7.26929 8.21097
-7.03324 8.12862
-6.79719 8.04627
-6.56114 7.96392
-6.3251 7.88157
-6.08905 7.79922
-5.853 7.71688
-5.61695 7.63453
-5.3809 7.55218
-5.14486 7.46983
-4.90881 7.38748
-4.67276 7.30513
-4.43671 7.22279
-4.20066 7.14044
-3.96461 7.05809
-3.72857 6.97574
-3.49252 6.89339
-3.25647 6.81104
-3.02042 6.7287
-2.78437 6.64635
-2.54832 6.564
-2.31228 6.48165
-2.07623 6.3993
-1.84018 6.31695
-1.60413 6.23461
-1.36808 6.15226
-1.13204 6.06991
-0.895987 5.98756
-0.659939 5.90521
-0.423891 5.82286
-0.187843 5.74052
0.0482056 5.65817
0.284254 5.57582
0.520302 5.49347
0.75635 5.41112
0.992398 5.32877
1.22845 5.24643
1.46449 5.16408
1.70054 5.08173
1.93659 4.99938
2.17264 4.91703
2.40869 4.83468
2.64474 4.75234
2.88078 4.66999
3.11683 4.58764
3.35288 4.50529
3.58893 4.42294
3.82498 4.34059
4.06102 4.25825
4.29707 4.1759
4.53312 4.09355
4.76917 4.0112
5.00522 3.92885
5.24127 3.8465
5.47731 3.76415
5.71336 3.68181
5.94941 3.59946
6.18546 3.51711
6.42151 3.43476
6.65756 3.35241
6.8936 3.27006
7.12965 3.18771
7.3657 3.10537
7.60175 3.02302
7.8378 2.94067
8.07384 2.85832
8.30989 2.77597
8.54594 2.69362
8.78199 2.61128
9.01803 2.52893
9.25408 2.44658
9.49013 2.36423
9.72618 2.28188
9.96223 2.19953
10.1983 2.11719
10.4343 2.03484
10.6704 1.95249
10.9064 1.87014
11.1425 1.78779
11.3785 1.70544
11.6146 1.62309
11.8506 1.54075
12.0867 1.4584
12.3227 1.37605
12.5588 1.2937
12.7948 1.21135
13.0308 1.129
13.2669 1.04666
13.5029 0.964307
13.739 0.881958
13.975 0.79961
14.2111 0.717262
14.4471 0.634913
14.6832 0.552565
14.9192 0.470216
15.1553 0.387868
15.3913 0.30552
15.6274 0.223171
15.8634 0.140823
16.0995 0.0584745
16.3355 -0.0238739
16.5716 -0.106222
16.8076 -0.188571
17.0437 -0.270919
17.2797 -0.353267
17.5158 -0.435616
17.7518 -0.517964
17.9879 -0.600312
18.2239 -0.682661
18.4599 -0.765009
18.696 -0.847357
18.932 -0.929706
19.1681 -1.01205
19.4041 -1.0944
19.6402 -1.17675
19.8762 -1.2591
20.1123 -1.34145
20.3483 -1.42379
20.5844 -1.50614
20.8204 -1.58849
22 -2