19 -10
19.0709 -9.77621
19.1059 -9.52868
19.1409 -9.28114
19.176 -9.03361
19.211 -8.78607
19.246 -8.53853
19.281 -8.291
19.316 -8.04346
19.351 -7.79593
19.386 -7.54839
19.4211 -7.30086
19.4561 -7.05332
19.4911 -6.80578
19.5261 -6.55825
19.5611 -6.31071
19.5961 -6.06318
19.6311 -5.81564
19.6662 -5.56811
19.7012 -5.32057
19.7362 -5.07303
19.7712 -4.8255
19.8062 -4.57796
19.8412 -4.33043
19.8763 -4.08289
19.9113 -3.83536
19.9463 -3.58782
19.9813 -3.34028
20.0163 -3.09275
20.0513 -2.84521
20.0863 -2.59768
20.1214 -2.35014
20.1564 -2.10261
20.1914 -1.85507
20.2264 -1.60753
20.2614 -1.36
20.2964 -1.11246
20.3314 -0.864927
20.3665 -0.617392
20.4015 -0.369856
20.4365 -0.12232
20.4715 0.125216
20.5065 0.372751
20.5415 0.620287
20.5766 0.867823
20.6116 1.11536
20.6466 1.36289
20.6816 1.61043
20.7166 1.85797
20.7516 2.1055
20.7866 2.35304
20.8217 2.60057
20.8567 2.84811
20.8917 3.09564
20.9267 3.34318
20.9617 3.59072
20.9967 3.83825
21.0318 4.08579
21.0668 4.33332
21.1018 4.58086
21.1368 4.82839
21.1718 5.07593
21.2068 5.32347
21.2418 5.571
21.2769 5.81854
21.3119 6.06607
21.3469 6.31361
21.3819 6.56114
21.4169 6.80868
21.4519 7.05622
21.4869 7.30375
21.522 7.55129
21.557 7.79882
21.592 8.04636
21.627 8.29389
21.662 8.54143
21.697 8.78897
21.7321 9.0365
21.7671 9.28404
21.8021 9.53157
21.8371 9.77911
21.8721 10.0266
21.9071 10.2742
21.9421 10.5217
21.9772 10.7693
22.0122 11.0168
22.0472 11.2643
22.0822 11.5119
22.1172 11.7594
22.1522 12.0069
22.1873 12.2545
22.2223 12.502
22.2573 12.7495
22.2923 12.9971
22.3273 13.2446
22.3623 13.4921
22.3973 13.7397
22.4324 13.9872
22.4674 14.2348
22.5024 14.4823
22.5374 14.7298
22.5724 14.9774
22.6074 15.2249
22.6425 15.4724
22.6775 15.72
22.7125 15.9675
22.7475 16.215
22.7825 16.4626
22.8175 16.7101
22.8526 16.9576
22.8876 17.2052
22.9098 17.3255
22.9189 17.3808
22.9222 17.4023
22.9227 17.4061
22.9227 17.4061
22.9227 17.4061
22.9227 17.4061
22.9227 17.4061
22.9227 17.4061
22.9227 17.4061
22.9227 17.4061
22.9227 17.4061
22.9227 17.4061
22.9227 17.4061
22.9227 17.4061
22.9227 17.4061
22.9227 17.4061
22.9227 17.4061
22.9227 17.4061
22.9227 17.4061
22.9227 17.4061
22.9227 17.4061
22.9227 17.4061
22.9227 17.4061
23 18