6 -4
6.06157 -4.02476
6.23774 -4.15412
6.45979 -4.25633
6.68177 -4.35848
6.90366 -4.46059
7.12546 -4.56264
7.34717 -4.66464
7.56879 -4.76659
7.79031 -4.86848
8.01173 -4.97031
8.23305 -5.07207
8.45426 -5.17378
8.67537 -5.27542
8.89636 -5.37699
9.11723 -5.47849
9.33798 -5.57991
9.57858 -5.64781
9.81918 -5.71572
10.0598 -5.78362
10.3004 -5.85152
10.541 -5.91942
10.7816 -5.98732
11.0222 -6.05523
11.2628 -6.12313
11.5034 -6.19103
11.744 -6.25893
11.9846 -6.32684
12.2252 -6.39474
12.4658 -6.46264
12.7064 -6.53054
12.947 -6.59844
13.1876 -6.66635
13.4282 -6.73425
13.6688 -6.80215
13.9094 -6.87005
14.15 -6.93795
14.3906 -7.00586
14.6312 -7.07376
14.8718 -7.14166
15.1124 -7.20956
15.353 -7.27746
15.5936 -7.34537
15.8342 -7.41327
16.0748 -7.48117
16.3154 -7.54907
16.556 -7.61697
16.7966 -7.68488
17.0372 -7.75278
17.2779 -7.82068
17.5185 -7.88858
17.7591 -7.95649
17.9997 -8.02439
18.2403 -8.09229
18.4809 -8.16019
18.7215 -8.22809
18.9621 -8.29599
19.2027 -8.3639
19.4433 -8.4318
19.6839 -8.4997
19.9245 -8.5676
20.1651 -8.6355
20.4057 -8.7034
20.6463 -8.77131
20.8869 -8.83921
21.1275 -8.90711
21.3681 -8.97501
21.6087 -9.04291
21.8493 -9.11082
22.0899 -9.17872
22.3305 -9.24662
22.5711 -9.31452
22.8117 -9.38243
23.0523 -9.45033
23.2929 -9.51823
23.5335 -9.58613
23.7741 -9.65403
24.0147 -9.72194
24.2553 -9.78984
24.2553 -9.78984
24.2553 -9.78984
24.2553 -9.78984
24.2553 -9.78984
24.2553 -9.78984
24.2553 -9.78984
24.2553 -9.78984
24.2553 -9.78984
24.2553 -9.78984
24.2553 -9.78984
24.2553 -9.78984
24.2553 -9.78984
24.2553 -9.78984
24.2553 -9.78984
24.2553 -9.78984
24.2553 -9.78984
24.2553 -9.78984
24.2553 -9.78984
24.2553 -9.78984
24.2553 -9.78984
24.2553 -9.78984
24.2553 -9.78984
24.2553 -9.78984
24.2553 -9.78984
24.2553 -9.78984
24.2553 -9.78984
24.2553 -9.78984
24.2553 -9.78984
24.2553 -9.78984
24.2553 -9.78984
24.2553 -9.78984
24.2553 -9.78984
24.2553 -9.78984
24.2553 -9.78984
24.2553 -9.78984
24.2553 -9.78984
24.2553 -9.78984
24.2553 -9.78984
24.2553 -9.78984
24.2553 -9.78984
24.2553 -9.78984
24.2553 -9.78984
24.2553 -9.78984
24.2553 -9.78984
24.2553 -9.78984
24.2553 -9.78984
24.2553 -9.78984
24.2553 -9.78984
24.2553 -9.78984
24.2553 -9.78984
24.2553 -9.78984
24.2553 -9.78984
24.2553 -9.78984
24.2553 -9.78984
24.2553 -9.78984
24.2553 -9.78984
25 -10