13 -6
12.9539 -5.92114
12.7977 -5.74283
12.5964 -5.5922
12.3952 -5.44158
12.194 -5.29096
11.9928 -5.14035
11.7916 -4.98973
11.5904 -4.83912
11.3892 -4.68851
11.188 -4.5379
10.9868 -4.3873
10.7856 -4.2367
10.5844 -4.0861
10.3832 -3.93551
10.1821 -3.78492
9.98093 -3.63433
9.76283 -3.51214
9.54473 -3.38994
9.32662 -3.26775
9.10852 -3.14555
8.89042 -3.02336
8.67232 -2.90116
8.45422 -2.77897
8.23612 -2.65677
8.01801 -2.53458
7.79991 -2.41238
7.58181 -2.29019
7.36371 -2.168
7.14561 -2.0458
6.92751 -1.92361
6.7094 -1.80141
6.4913 -1.67922
6.2732 -1.55702
6.0551 -1.43483
5.837 -1.31263
5.61889 -1.19044
5.40079 -1.06824
5.18269 -0.946049
4.96459 -0.823854
4.74649 -0.701659
4.52838 -0.579465
4.31028 -0.45727
4.09218 -0.335075
3.87408 -0.212881
3.65598 -0.0906861
3.43787 0.0315086
3.21977 0.153703
3.00167 0.275898
2.78357 0.398093
2.56547 0.520287
2.34736 0.642482
2.12926 0.764677
1.91116 0.886871
1.69306 1.00907
1.47496 1.13126
1.25685 1.25346
1.03875 1.37565
0.82065 1.49784
0.602548 1.62004
0.384446 1.74223
0.166344 1.86443
-0.0517582 1.98662
-0.26986 2.10882
-0.487962 2.23101
-0.706064 2.35321
-0.924166 2.4754
-1.14227 2.5976
-1.36037 2.71979
-1.57847 2.84199
-1.79657 2.96418
-2.01468 3.08638
-2.23278 3.20857
-2.45088 3.33076
-2.66898 3.45296
-2.88708 3.57515
-3.10519 3.69735
-3.32329 3.81954
-3.54139 3.94174
-3.75949 4.06393
-3.97759 4.18613
-4.1957 4.30832
-4.4138 4.43052
-4.6319 4.55271
-4.85 4.67491
-5.0681 4.7971
-5.28621 4.9193
-5.50431 5.04149
-5.72241 5.16369
-5.94051 5.28588
-6.15861 5.40808
-6.37672 5.53027
-6.59482 5.65246
-6.81292 5.77466
-7.03102 5.89685
-7.24912 6.01905
-7.46723 6.14124
-7.68533 6.26344
-7.90343 6.38563
-8.12153 6.50783
-8.33963 6.63002
-8.33963 6.63002
-8.33963 6.63002
-8.33963 6.63002
-8.33963 6.63002
-8.33963 6.63002
-8.33963 6.63002
-8.33963 6.63002
-8.33963 6.63002
-8.33963 6.63002
-8.33963 6.63002
-8.33963 6.63002
-8.33963 6.63002
-8.33963 6.63002
-8.33963 6.63002
-8.33963 6.63002
-8.33963 6.63002
-8.33963 6.63002
-8.33963 6.63002
-8.33963 6.63002
-8.33963 6.63002
-8.33963 6.63002
-8.33963 6.63002
-8.33963 6.63002
-8.33963 6.63002
-8.33963 6.63002
-8.33963 6.63002
-8.33963 6.63002
-8.33963 6.63002
-8.33963 6.63002
-8.33963 6.63002
-8.33963 6.63002
-8.33963 6.63002
-8.33963 6.63002
-8.33963 6.63002
-9 7