-11 22
-10.7551 21.9496
-10.5103 21.8992
-10.2654 21.8488
-10.0205 21.7983
-9.77568 21.7479
-9.53081 21.6975
-9.28595 21.6471
-9.04108 21.5967
-8.79622 21.5463
-8.55136 21.4959
-8.30649 21.4455
-8.06163 21.395
-7.81676 21.3446
-7.5719 21.2942
-7.32703 21.2438
-7.08217 21.1934
-6.8373 21.143
-6.59244 21.0926
-6.34758 21.0422
-6.10271 20.9917
-5.85785 20.9413
-5.61298 20.8909
-5.36812 20.8405
-5.12325 20.7901
-4.87839 20.7397
-4.63352 20.6893
-4.38866 20.6388
-4.1438 20.5884
-3.89893 20.538
-3.65407 20.4876
-3.4092 20.4372
-3.16434 20.3868
-2.91947 20.3364
-2.67461 20.286
-2.42975 20.2355
-2.18488 20.1851
-1.94002 20.1347
-1.69515 20.0843
-1.45029 20.0339
-1.20542 19.9835
-0.96056 19.9331
-0.715696 19.8826
-0.470832 19.8322
-0.225967 19.7818
0.0188969 19.7314
0.263761 19.681
0.508625 19.6306
0.75349 19.5802
0.998354 19.5298
1.24322 19.4793
1.48808 19.4289
1.73295 19.3785
1.97781 19.3281
2.22268 19.2777
2.46754 19.2273
2.7124 19.1769
2.95727 19.1265
3.20213 19.076
3.447 19.0256
3.69186 18.9752
3.93672 18.9248
4.18159 18.8744
4.42645 18.824
4.67132 18.7736
4.91618 18.7231
5.16105 18.6727
5.40591 18.6223
5.65078 18.5719
5.89564 18.5215
6.1405 18.4711
6.38537 18.4207
6.63023 18.3703
6.8751 18.3198
7.11996 18.2694
7.36483 18.219
7.60969 18.1686
7.85456 18.1182
8.09942 18.0678
8.34429 18.0174
8.58915 17.9669
8.83401 17.9165
9.07888 17.8661
9.32374 17.8157
9.56861 17.7653
9.81347 17.7149
10.0583 17.6645
10.3032 17.6141
10.5481 17.5636
10.7929 17.5132
11.0378 17.4628
11.2827 17.4124
11.5275 17.362
11.7724 17.3116
12.0173 17.2612
12.2621 17.2108
12.507 17.1603
12.7518 17.1099
12.9967 17.0595
13.2416 17.0091
13.4864 16.9587
13.7313 16.9083
13.9762 16.8579
14.221 16.8074
14.4659 16.757
14.7108 16.7066
14.9556 16.6562
15.2005 16.6058
15.4454 16.5554
15.6902 16.505
15.9351 16.4546
16.1799 16.4041
16.4248 16.3537
16.6697 16.3033
16.9145 16.2529
17.1594 16.2025
17.4043 16.1521
17.6491 16.1017
17.894 16.0513
18.1389 16.0008
18.3837 15.9504
18.6286 15.9
18.8734 15.8496
19.1183 15.7992
19.3632 15.7488
19.608 15.6984
19.8529 15.6479
20.0978 15.5975
20.3426 15.5471
20.5875 15.4967
20.8324 15.4463
21.0772 15.3959
21.3221 15.3455
21.5669 15.295
21.8118 15.2446
23 15