-7 -5
-6.85186 -5.12683
-6.63285 -5.24739
-6.41385 -5.36796
-6.19484 -5.48853
-5.97584 -5.6091
-5.75683 -5.72967
-5.53782 -5.85023
-5.31882 -5.9708
-5.09981 -6.09137
-4.88081 -6.21194
-4.6618 -6.33251
-4.4428 -6.45308
-4.22379 -6.57364
-4.00479 -6.69421
-3.78578 -6.81478
-3.56677 -6.93535
-3.34777 -7.05592
-3.12876 -7.17648
-2.90976 -7.29705
-2.69075 -7.41762
-2.47175 -7.53819
-2.25274 -7.65876
-2.03374 -7.77932
-1.81473 -7.89989
-1.59573 -8.02046
-1.37672 -8.14103
-1.15772 -8.2616
-0.938711 -8.38217
-0.719705 -8.50273
-0.5007 -8.6233
-0.281694 -8.74387
-0.0626891 -8.86444
0.156316 -8.98501
0.375322 -9.10558
0.594327 -9.22614
0.813333 -9.34671
1.03234 -9.46728
1.25134 -9.58785
1.25134 -9.58785
1.25134 -9.58785
1.25134 -9.58785
1.25134 -9.58785
1.25134 -9.58785
1.25134 -9.58785
1.25134 -9.58785
1.25134 -9.58785
1.25134 -9.58785
1.25134 -9.58785
1.25134 -9.58785
1.25134 -9.58785
1.25134 -9.58785
1.25134 -9.58785
1.25134 -9.58785
1.25134 -9.58785
1.25134 -9.58785
1.25134 -9.58785
1.25134 -9.58785
1.25134 -9.58785
1.25134 -9.58785
1.25134 -9.58785
1.25134 -9.58785
1.25134 -9.58785
1.25134 -9.58785
1.25134 -9.58785
1.25134 -9.58785
1.25134 -9.58785
1.25134 -9.58785
1.25134 -9.58785
1.25134 -9.58785
1.25134 -9.58785
1.25134 -9.58785
1.25134 -9.58785
1.25134 -9.58785
1.25134 -9.58785
1.25134 -9.58785
1.25134 -9.58785
1.25134 -9.58785
1.25134 -9.58785
1.25134 -9.58785
1.25134 -9.58785
1.25134 -9.58785
1.25134 -9.58785
1.25134 -9.58785
1.25134 -9.58785
1.25134 -9.58785
1.25134 -9.58785
1.25134 -9.58785
1.25134 -9.58785
1.25134 -9.58785
1.25134 -9.58785
1.25134 -9.58785
1.25134 -9.58785
1.25134 -9.58785
1.25134 -9.58785
1.25134 -9.58785
1.25134 -9.58785
1.25134 -9.58785
1.25134 -9.58785
1.25134 -9.58785
1.25134 -9.58785
1.25134 -9.58785
1.25134 -9.58785
1.25134 -9.58785
1.25134 -9.58785
1.25134 -9.58785
1.25134 -9.58785
1.25134 -9.58785
1.25134 -9.58785
1.25134 -9.58785
1.25134 -9.58785
1.25134 -9.58785
1.25134 -9.58785
1.25134 -9.58785
1.25134 -9.58785
1.25134 -9.58785
1.25134 -9.58785
1.25134 -9.58785
1.25134 -9.58785
1.25134 -9.58785
1.25134 -9.58785
1.25134 -9.58785
1.25134 -9.58785
1.25134 -9.58785
1.25134 -9.58785
1.25134 -9.58785
1.25134 -9.58785
1.25134 -9.58785
1.25134 -9.58785
1.25134 -9.58785
1.25134 -9.58785
1.25134 -9.58785
1.25134 -9.58785
1.25134 -9.58785
1.25134 -9.58785
2 -10