4 14
3.91826 13.9751
3.75475 13.786
3.59123 13.5968
3.42772 13.4077
3.2642 13.2186
3.10068 13.0295
2.93717 12.8404
2.77365 12.6513
2.61014 12.4622
2.44662 12.2731
2.28311 12.084
2.11959 11.8949
1.95607 11.7058
1.79256 11.5166
1.62904 11.3275
1.46553 11.1384
1.30201 10.9493
1.13849 10.7602
0.974978 10.5711
0.811462 10.382
0.647946 10.1929
0.48443 10.0038
0.320914 9.81465
0.157398 9.62554
-0.00611746 9.43643
-0.169633 9.24732
-0.333149 9.05821
-0.496665 8.8691
-0.660181 8.67999
-0.823697 8.49088
-0.987213 8.30177
-1.15073 8.11267
-1.31424 7.92356
-1.47776 7.73445
-1.64128 7.54534
-1.80479 7.35623
-1.96831 7.16712
-2.13182 6.97801
-2.29534 6.7889
-2.45886 6.59979
-2.62237 6.41068
-2.78589 6.22157
-2.9494 6.03246
-3.11292 5.84335
-3.27643 5.65424
-3.43995 5.46513
-3.60347 5.27602
-3.76698 5.08691
-3.9305 4.8978
-4.09401 4.70869
-4.25753 4.51958
-4.42105 4.33047
-4.58456 4.14136
-4.74808 3.95225
-4.91159 3.76314
-5.07511 3.57403
-5.23863 3.38492
-5.40214 3.19581
-5.56566 3.0067
-5.72917 2.81759
-5.89269 2.62848
-6.05621 2.43937
-6.21719 2.24969
-6.37547 2.05945
-6.53113 1.86868
-6.68422 1.67745
-6.83478 1.48583
-6.98287 1.29393
-7.12853 1.10188
-7.2718 0.909881
-7.41271 0.718229
-7.55132 0.527412
-7.68776 0.338232
-7.8224 0.152034
-7.95645 -0.0290374
-8.09335 -0.202379
-8.24024 -0.368215
-8.39382 -0.533149
-8.54733 -0.698118
-8.70077 -0.86312
-8.85415 -1.02816
-9.00745 -1.19323
-9.16069 -1.35834
-9.31386 -1.52348
-9.46696 -1.68866
-9.61998 -1.85387
-9.77294 -2.01912
-9.92582 -2.18441
-10.0786 -2.34974
-10.2314 -2.5151
-10.384 -2.68051
-10.5366 -2.84595
-10.6891 -3.01143
-10.8415 -3.17695
-10.9939 -3.34252
-11.1461 -3.50812
-11.2983 -3.67377
-11.4504 -3.83945
-11.6024 -4.00518
-11.7544 -4.17096
-11.9062 -4.33677
-12.058 -4.50264
-12.2097 -4.66854
-12.3612 -4.8345
-12.5127 -5.0005
-12.6641 -5.16654
-12.8154 -5.33264
-12.9666 -5.49878
-13.1178 -5.66497
-13.2688 -5.83121
-13.4197 -5.99751
-13.5705 -6.16385
-13.7318 -6.34901
-13.8945 -6.53886
-14.0571 -6.72872
-14.2198 -6.91857
-14.3824 -7.10843
-14.5451 -7.29828
-14.7077 -7.48813
-14.8704 -7.67799
-15.033 -7.86784
-15.1957 -8.05769
-15.3583 -8.24755
-15.521 -8.4374
-15.6836 -8.62726
-15.8463 -8.81711
-16.0089 -9.00696
-16.1716 -9.19682
-16.3342 -9.38667
-16.4969 -9.57652
-16.6595 -9.76638
-16.8222 -9.95623
-16.9848 -10.1461
-17.1475 -10.3359
-17.3101 -10.5258
-17.4728 -10.7156
-17.6354 -10.9055
-17.7981 -11.0954
-17.9607 -11.2852
-18.1234 -11.4751
-18.286 -11.6649
-18.4487 -11.8548
-18.6113 -12.0446
-18.774 -12.2345
-18.9366 -12.4243
-19.0993 -12.6142
-19.2619 -12.804
-19.4246 -12.9939
-19.5872 -13.1837
-19.7499 -13.3736
-19.9126 -13.5635
-20.0752 -13.7533
-20.2379 -13.9432
-20.4005 -14.133
-20.5632 -14.3229
-20.7258 -14.5127
-20.8885 -14.7026
-21.0511 -14.8924
-21.2138 -15.0823
-21.3764 -15.2721
-21.3764 -15.2721
-21.3764 -15.2721
-21.3764 -15.2721
-21.3764 -15.2721
-21.3764 -15.2721
-21.3764 -15.2721
-21.3764 -15.2721
-21.3764 -15.2721
-21.3764 -15.2721
-21.3764 -15.2721
-21.3764 -15.2721
-21.3764 -15.2721
-21.3764 -15.2721
-21.3764 -15.2721
-21.3764 -15.2721
-21.3764 -15.2721
-21.3764 -15.2721
-21.3764 -15.2721
-21.3764 -15.2721
-21.3764 -15.2721
-21.3764 -15.2721
-21.3764 -15.2721
-21.3764 -15.2721
-21.3764 -15.2721
-21.3764 -15.2721
-21.3764 -15.2721
-21.3764 -15.2721
-21.3764 -15.2721
-21.3764 -15.2721
-21.3764 -15.2721
-21.3764 -15.2721
-21.3764 -15.2721
-21.3764 -15.2721
-21.3764 -15.2721
-21.3764 -15.2721
-21.3764 -15.2721
-21.3764 -15.2721
-21.3764 -15.2721
-21.3764 -15.2721
-21.3764 -15.2721
-21.3764 -15.2721
-21.3764 -15.2721
-21.3764 -15.2721
-21.3764 -15.2721
-21.3764 -15.2721
-22 -16