-24 13
-23.771 12.8998
-23.5419 12.7996
-23.3129 12.6994
-23.0838 12.5992
-22.8548 12.499
-22.6258 12.3988
-22.3967 12.2986
-22.1677 12.1984
-21.9386 12.0982
-21.7096 11.998
-21.4806 11.8978
-21.2515 11.7975
-21.0225 11.6973
-20.7934 11.5971
-20.5644 11.4969
-20.3354 11.3967
-20.1063 11.2965
-19.8773 11.1963
-19.6482 11.0961
-19.4192 10.9959
-19.1902 10.8957
-18.9611 10.7955
-18.7321 10.6953
-18.503 10.5951
-18.274 10.4949
-18.045 10.3947
-17.8159 10.2945
-17.5869 10.1943
-17.3578 10.0941
-17.1288 9.99387
-16.8998 9.89366
-16.6707 9.79346
-16.4417 9.69325
-16.2126 9.59305
-15.9836 9.49284
-15.7546 9.39264
-15.5255 9.29243
-15.2965 9.19223
-15.0674 9.09203
-14.8384 8.99182
-14.6094 8.89162
-14.3803 8.79141
-14.1513 8.69121
-13.9222 8.591
-13.6932 8.4908
-13.4642 8.39059
-13.2351 8.29039
-13.0061 8.19019
-12.777 8.08998
-12.548 7.98978
-12.319 7.88957
-12.0899 7.78937
-11.8609 7.68916
-11.6319 7.58896
-11.4028 7.48875
-11.1738 7.38855
-10.9447 7.28834
-10.7157 7.18814
-10.4867 7.08793
-10.2576 6.98773
-10.0286 6.88752
-9.79954 6.78732
-9.5705 6.68711
-9.34146 6.58691
-9.11242 6.4867
-8.88338 6.3865
-8.65434 6.28629
-8.4253 6.18609
-8.19626 6.08588
-7.96722 5.98568
-7.73818 5.88547
-7.50915 5.78527
-7.28011 5.68506
-7.05107 5.58486
-6.82203 5.48465
-6.59299 5.38445
-6.36395 5.28424
-6.13491 5.18404
-5.90587 5.08383
-5.67683 4.98363
-5.44779 4.88342
-5.21875 4.78322
-4.98971 4.68301
-4.76068 4.58281
-4.53164 4.4826
-4.3026 4.3824
-4.07356 4.28219
-3.84452 4.18199
-3.61548 4.08178
-3.38644 3.98158
-3.1574 3.88137
-2.92836 3.78117
-2.69932 3.68096
-2.47028 3.58076
-2.24124 3.48056
-2.01221 3.38035
-1.78317 3.28015
-1.55413 3.17994
-1.32509 3.07974
-1.09605 2.97953
-0.867009 2.87933
-0.637969 2.77912
-0.40893 2.67892
-0.179891 2.57871
0.0491487 2.47851
0.278188 2.3783
0.507227 2.2781
0.736267 2.17789
0.965306 2.07769
1.19435 1.97748
1.42338 1.87728
1.65242 1.77707
1.88146 1.67687
2.1105 1.57667
2.33954 1.47646
2.56858 1.37626
2.79762 1.27605
3.02666 1.17585
3.2557 1.07564
3.48474 0.975436
3.71378 0.875231
3.94282 0.775027
4.17185 0.674822
4.40089 0.574617
4.62993 0.474412
4.85897 0.374207
5.08801 0.274003
5.31705 0.173798
5.54609 0.0735931
5.77513 -0.0266117
6.00417 -0.126816
6.23321 -0.227021
6.46225 -0.327226
6.69129 -0.427431
6.92033 -0.527636
7.14936 -0.62784
7.3784 -0.728045
7.60744 -0.82825
7.83648 -0.928455
8.06552 -1.02866
8.29456 -1.12886
8.5236 -1.22907
8.75264 -1.32927
8.98168 -1.42948
9.21072 -1.52968
9.43976 -1.62989
9.6688 -1.73009
9.89783 -1.8303
10.1269 -1.9305
10.3559 -2.03071
10.585 -2.13091
10.814 -2.23112
11.043 -2.33132
11.2721 -2.43153
11.5011 -2.53173
11.7301 -2.63194
11.9592 -2.73214
12.1882 -2.83235
12.4173 -2.93255
12.6463 -3.03275
12.8753 -3.13296
13.1044 -3.23316
13.3334 -3.33337
13.5625 -3.43357
13.7915 -3.53378
14.0205 -3.63398
14.2496 -3.73419
14.4786 -3.83439
14.7077 -3.9346
14.9367 -4.0348
15.1657 -4.13501
15.3948 -4.23521
15.6238 -4.33542
15.8529 -4.43562
16.0819 -4.53583
16.3109 -4.63603
16.54 -4.73624
16.769 -4.83644
16.9981 -4.93665
17.2271 -5.03685
17.4561 -5.13706
17.6852 -5.23726
17.9142 -5.33747
18.1433 -5.43767
18.3723 -5.53788
18.6013 -5.63808
18.8304 -5.73829
19.0594 -5.83849
19.2885 -5.9387
19.5175 -6.0389
19.7465 -6.13911
19.9756 -6.23931
20.2046 -6.33952
20.4337 -6.43972
20.6627 -6.53993
20.8917 -6.64013
21.1208 -6.74034
21.3498 -6.84054
21.5789 -6.94075
21.8079 -7.04095
22.0369 -7.14116
22.266 -7.24136
22.495 -7.34157
22.7241 -7.44177
22.9531 -7.54198
24 -8