1 8
1.07102 7.7603
1.14204 7.5206
1.21307 7.2809
1.28409 7.0412
1.35511 6.8015
1.42613 6.5618
1.49715 6.3221
1.56818 6.08241
1.6392 5.84271
1.71022 5.60301
1.78124 5.36331
1.85226 5.12361
1.92329 4.88391
1.99431 4.64421
2.06533 4.40451
2.13635 4.16481
2.20737 3.92511
2.2784 3.68541
2.34942 3.44571
2.42044 3.20601
2.49146 2.96631
2.56248 2.72661
2.63351 2.48691
2.70453 2.24721
2.77555 2.00751
2.84657 1.76781
2.91759 1.52811
2.98862 1.28842
3.05964 1.04872
3.13066 0.809016
3.20168 0.569317
3.27271 0.329617
3.34373 0.0899177
3.41475 -0.149782
3.48577 -0.389481
3.55679 -0.629181
3.62782 -0.86888
3.69884 -1.10858
3.76986 -1.34828
3.84088 -1.58798
3.9119 -1.82768
3.98293 -2.06738
4.05395 -2.30708
4.12497 -2.54678
4.19599 -2.78648
4.26701 -3.02618
4.33804 -3.26588
4.40906 -3.50558
4.48008 -3.74528
4.5511 -3.98497
4.62212 -4.22467
4.69315 -4.46437
4.76417 -4.70407
4.83519 -4.94377
4.90621 -5.18347
4.97723 -5.42317
5.04826 -5.66287
5.11928 -5.90257
5.1903 -6.14227
5.26132 -6.38197
5.33234 -6.62167
5.40337 -6.86137
5.47439 -7.10107
5.54541 -7.34077
5.61643 -7.58047
5.68745 -7.82016
5.75848 -8.05986
5.8295 -8.29956
5.90052 -8.53926
5.97154 -8.77896
6.04256 -9.01866
6.11359 -9.25836
6.18461 -9.49806
6.25563 -9.73776
6.32665 -9.97746
6.39767 -10.2172
6.4687 -10.4569
6.53972 -10.6966
6.61074 -10.9363
6.68176 -11.176
6.75278 -11.4157
6.82381 -11.6554
6.89483 -11.8951
6.96585 -12.1348
7.03687 -12.3745
7.10789 -12.6142
7.17892 -12.8539
7.24994 -13.0936
7.32096 -13.3333
7.39198 -13.5729
7.46222 -13.8127
7.53203 -14.0526
7.6018 -14.2927
7.67157 -14.5328
7.74134 -14.7728
7.81269 -15.0124
7.88403 -15.252
7.95537 -15.4916
8.02671 -15.7312
8.09806 -15.9708
8.1694 -16.2104
8.24074 -16.45
8.31208 -16.6896
8.38343 -16.9293
8.45477 -17.1689
8.52611 -17.4085
8.59746 -17.6481
8.6688 -17.8877
8.74014 -18.1273
8.73935 -18.1275
8.73935 -18.1275
8.73935 -18.1275
8.73935 -18.1275
8.73935 -18.1275
8.73935 -18.1275
8.73935 -18.1275
8.73935 -18.1275
8.73935 -18.1275
8.73935 -18.1275
8.73935 -18.1275
8.73935 -18.1275
8.73935 -18.1275
8.73935 -18.1275
8.73935 -18.1275
8.73935 -18.1275
8.73935 -18.1275
8.73935 -18.1275
8.73935 -18.1275
8.73935 -18.1275
8.73935 -18.1275
8.73935 -18.1275
8.73935 -18.1275
8.73935 -18.1275
8.73935 -18.1275
8.73935 -18.1275
8.73935 -18.1275
8.73935 -18.1275
8.73935 -18.1275
8.73935 -18.1275
8.73935 -18.1275
8.73935 -18.1275
8.73935 -18.1275
8.73935 -18.1275
8.73935 -18.1275
8.73935 -18.1275
8.73935 -18.1275
8.73935 -18.1275
8.73935 -18.1275
8.73935 -18.1275
8.73935 -18.1275
8.73935 -18.1275
8.73935 -18.1275
8.73935 -18.1275
8.73935 -18.1275
8.73935 -18.1275
8.73935 -18.1275
8.73935 -18.1275
8.73935 -18.1275
8.73935 -18.1275
8.73935 -18.1275
8.73935 -18.1275
8.73935 -18.1275
8.73935 -18.1275
8.73935 -18.1275
8.73935 -18.1275
8.73935 -18.1275
8.73935 -18.1275
8.73935 -18.1275
8.73935 -18.1275
8.73935 -18.1275
8.73935 -18.1275
8.73935 -18.1275
8.73935 -18.1275
8.73935 -18.1275
8.73935 -18.1275
8.73935 -18.1275
8.73935 -18.1275
8.73935 -18.1275
8.73935 -18.1275
8.73935 -18.1275
8.73935 -18.1275
8.73935 -18.1275
8.73935 -18.1275
8.73935 -18.1275
8.73935 -18.1275
8.73935 -18.1275
8.73935 -18.1275
8.73935 -18.1275
8.73935 -18.1275
8.73935 -18.1275
8.73935 -18.1275
8.73935 -18.1275
8.73935 -18.1275
8.73935 -18.1275
8.73935 -18.1275
8.73935 -18.1275
8.73935 -18.1275
8.73935 -18.1275
8.73935 -18.1275
8.73935 -18.1275
8.73935 -18.1275
8.73935 -18.1275
8.73935 -18.1275
8.73935 -18.1275
8.73935 -18.1275
9 -19