-20 20
-19.8908 19.8503
-19.8439 19.6504
-19.7917 19.4091
-19.7367 19.1653
-19.6816 18.9214
-19.6266 18.6775
-19.5716 18.4336
-19.5166 18.1898
-19.4616 17.9459
-19.4066 17.702
-19.3516 17.4581
-19.2966 17.2143
-19.2416 16.9704
-19.1866 16.7265
-19.1315 16.4826
-19.0765 16.2388
-19.0215 15.9949
-18.9665 15.751
-18.9115 15.5072
-18.8565 15.2633
-18.8015 15.0194
-18.7465 14.7755
-18.6915 14.5317
-18.6365 14.2878
-18.5814 14.0439
-18.5264 13.8
-18.4714 13.5562
-18.4164 13.3123
-18.3614 13.0684
-18.3064 12.8246
-18.2514 12.5807
-18.1964 12.3368
-18.1414 12.0929
-18.0864 11.8491
-18.0314 11.6052
-17.9763 11.3613
-17.9213 11.1174
-17.8663 10.8736
-17.8113 10.6297
-17.7563 10.3858
-17.7013 10.142
-17.6463 9.89808
-17.5913 9.65421
-17.5363 9.41034
-17.4813 9.16646
-17.4262 8.92259
-17.3712 8.67872
-17.3162 8.43484
-17.2612 8.19097
-17.2062 7.9471
-17.1512 7.70323
-17.0962 7.45935
-17.0412 7.21548
-16.9862 6.97161
-16.9312 6.72774
-16.8761 6.48386
-16.8211 6.23999
-16.7661 5.99612
-16.7111 5.75225
-16.6561 5.50837
-16.6011 5.2645
-16.5461 5.02063
-16.4936 4.77732
-16.4438 4.53461
-16.3967 4.29245
-16.3521 4.05082
-16.31 3.80966
-16.2703 3.56888
-16.2331 3.32838
-16.1982 3.08799
-16.1657 2.84741
-16.1354 2.60619
-16.1073 2.36355
-16.081 2.11814
-16.0554 1.8678
-16.0269 1.6098
-15.9883 1.34418
-15.9428 1.07752
-15.8971 0.8108
-15.8513 0.544022
-15.8055 0.277185
-15.7594 0.0102885
-15.7133 -0.256669
-15.6671 -0.523688
-15.6207 -0.790769
-15.5742 -1.05791
-15.5276 -1.32512
-15.4808 -1.5924
-15.4339 -1.85974
-15.3869 -2.12715
-15.3398 -2.39463
-15.2925 -2.66218
-15.2451 -2.9298
-15.1975 -3.19749
-15.1498 -3.46526
-15.1019 -3.7331
-15.0539 -4.00102
-15.0057 -4.26902
-14.9574 -4.5371
-14.9089 -4.80526
-14.8603 -5.0735
-14.8115 -5.34182
-14.7625 -5.61023
-14.7134 -5.87873
-14.6641 -6.14732
-14.6146 -6.416
-14.5649 -6.68478
-14.515 -6.95365
-14.4649 -7.22261
-14.4147 -7.49168
-14.3642 -7.76085
-14.3136 -8.03012
-14.2512 -8.28095
-14.187 -8.52672
-14.1217 -8.76804
-14.0564 -9.00936
-13.9911 -9.25068
-13.9258 -9.492
-13.8605 -9.73332
-13.7952 -9.97464
-13.7299 -10.216
-13.6646 -10.4573
-13.5993 -10.6986
-13.534 -10.9399
-13.4687 -11.1813
-13.4034 -11.4226
-13.3381 -11.6639
-13.2728 -11.9052
-13.2075 -12.1465
-13.1422 -12.3879
-13.0769 -12.6292
-13.0116 -12.8705
-12.9463 -13.1118
-12.881 -13.3531
-12.8157 -13.5945
-12.7504 -13.8358
-12.6851 -14.0771
-12.6198 -14.3184
-12.5545 -14.5598
-12.4892 -14.8011
-12.4239 -15.0424
-12.3586 -15.2837
-12.2933 -15.525
-12.228 -15.7664
-12.1627 -16.0077
-12.0974 -16.249
-12.0321 -16.4903
-11.9668 -16.7316
-11.9015 -16.973
-11.8362 -17.2143
-11.7709 -17.4556
-11.7056 -17.6969
-11.6403 -17.9383
-11.575 -18.1796
-11.5097 -18.4209
-11.4444 -18.6622
-11.3791 -18.9035
-11.3138 -19.1449
-11.2485 -19.3862
-11.1832 -19.6275
-11.1179 -19.8688
-11.0526 -20.1101
-10.9873 -20.3515
-10.922 -20.5928
-10.8567 -20.8341
-10.7914 -21.0754
-10.7261 -21.3168
-10.6608 -21.5581
-10.5955 -21.7994
-10.5302 -22.0407
-10.4649 -22.282
-10.3996 -22.5234
-10.3343 -22.7647
-10.269 -23.006
-10.2037 -23.2473
-10.2037 -23.2473
-10.2037 -23.2473
-10.2037 -23.2473
-10.2037 -23.2473
-10.2037 -23.2473
-10.2037 -23.2473
-10.2037 -23.2473
-10.2037 -23.2473
-10.2037 -23.2473
-10.2037 -23.2473
-10.2037 -23.2473
-10.2037 -23.2473
-10.2037 -23.2473
-10.2037 -23.2473
-10.2037 -23.2473
-10.2037 -23.2473
-10.2037 -23.2473
-10.2037 -23.2473
-10.2037 -23.2473
-10.2037 -23.2473
-10.2037 -23.2473
-10.2037 -23.2473
-10.2037 -23.2473
-10.2037 -23.2473
-10.2037 -23.2473
-10.2037 -23.2473
-10.2037 -23.2473
-10.2037 -23.2473
-10.2037 -23.2473
-10.2037 -23.2473
-10 -24