15 -6
14.9589 -6.2466
14.9178 -6.4932
14.8767 -6.7398
14.8356 -6.98639
14.7945 -7.23299
14.7534 -7.47959
14.7123 -7.72619
14.6712 -7.97279
14.6301 -8.21939
14.589 -8.46598
14.5479 -8.71258
14.5068 -8.95918
14.4657 -9.20578
14.4246 -9.45238
14.3835 -9.69898
14.3424 -9.94557
14.3013 -10.1922
14.2602 -10.4388
14.2191 -10.6854
14.178 -10.932
14.1369 -11.1786
14.0958 -11.4252
14.0547 -11.6718
14.0136 -11.9184
13.9725 -12.165
13.9314 -12.4116
13.8903 -12.6582
13.8492 -12.9048
13.8081 -13.1514
13.767 -13.3979
13.7259 -13.6445
13.6848 -13.8911
13.6437 -14.1377
13.6026 -14.3843
13.5615 -14.6309
13.5204 -14.8775
13.4793 -15.1241
13.4382 -15.3707
13.3971 -15.6173
13.356 -15.8639
13.3149 -16.1105
13.2738 -16.3571
13.2327 -16.6037
13.1916 -16.8503
13.1505 -17.0969
13.1094 -17.3435
13.0683 -17.5901
13.0272 -17.8367
12.9861 -18.0833
12.945 -18.3299
12.9039 -18.5765
12.8628 -18.8231
12.8217 -19.0697
12.7806 -19.3163
12.7395 -19.5629
12.6984 -19.8095
12.6573 -20.0561
12.6162 -20.3027
12.5751 -20.5493
12.534 -20.7959
12.4929 -21.0425
12.4518 -21.2891
12.4107 -21.5357
12.3696 -21.7823
12.3285 -22.0289
12.2874 -22.2755
12.2463 -22.5221
12.2052 -22.7687
12.1641 -23.0153
12.1641 -23.0153
12.1641 -23.0153
12.1641 -23.0153
12.1641 -23.0153
12.1641 -23.0153
12.1641 -23.0153
12.1641 -23.0153
12.1641 -23.0153
12.1641 -23.0153
12.1641 -23.0153
12.1641 -23.0153
12.1641 -23.0153
12.1641 -23.0153
12.1641 -23.0153
12.1641 -23.0153
12.1641 -23.0153
12.1641 -23.0153
12.1641 -23.0153
12.1641 -23.0153
12.1641 -23.0153
12.1641 -23.0153
12.1649 -23.0152
12.1661 -23.015
12.1674 -23.0146
12.1686 -23.0143
12.2317 -23.2307
12.2987 -23.35
12.3628 -23.4024
12.4057 -23.4092
12.4244 -23.4036
12.4334 -23.4009
12.4374 -23.3997
12.4388 -23.3993
12.4389 -23.3992
12.4389 -23.3992
12.4389 -23.3992
12.4389 -23.3992
12.4389 -23.3992
12.4389 -23.3992
12.4389 -23.3992
12.4389 -23.3992
12.4389 -23.3992
12.4389 -23.3992
12.4389 -23.3992
12.4389 -23.3992
12.4389 -23.3992
12.4389 -23.3992
12.4389 -23.3992
12.4389 -23.3992
12.4389 -23.3992
12.4389 -23.3992
12.4389 -23.3992
12.4389 -23.3992
12.4389 -23.3992
12.4389 -23.3992
12.4389 -23.3992
12.4389 -23.3992
12.4389 -23.3992
12.4389 -23.3992
12.4389 -23.3992
12.4389 -23.3992
12.4389 -23.3992
12.4389 -23.3992
12.4389 -23.3992
12.4389 -23.3992
12.4389 -23.3992
12.4389 -23.3992
12.4389 -23.3992
12.4389 -23.3992
12.4389 -23.3992
12.4389 -23.3992
12.4389 -23.3992
12.4389 -23.3992
12.4389 -23.3992
12.4389 -23.3992
12.4389 -23.3992
12.4389 -23.3992
12.4389 -23.3992
12.4389 -23.3992
12.4389 -23.3992
12.4389 -23.3992
12.4389 -23.3992
12.4389 -23.3992
12.4389 -23.3992
12.4389 -23.3992
12.4389 -23.3992
12.4389 -23.3992
12.4389 -23.3992
12.4389 -23.3992
12.4389 -23.3992
12.4389 -23.3992
12.4389 -23.3992
12.4389 -23.3992
12.4389 -23.3992
12.4389 -23.3992
12.4389 -23.3992
12.4389 -23.3992
12.4389 -23.3992
12.4389 -23.3992
12.4389 -23.3992
12.4389 -23.3992
12.4389 -23.3992
12.4389 -23.3992
12.4389 -23.3992
12.4389 -23.3992
12.4389 -23.3992
12.4389 -23.3992
12.4389 -23.3992
12.4389 -23.3992
12.4389 -23.3992
12.4389 -23.3992
12.4389 -23.3992
12.4389 -23.3992
12.4389 -23.3992
12.4389 -23.3992
12.4389 -23.3992
12.4389 -23.3992
12.4389 -23.3992
12.4389 -23.3992
12.4389 -23.3992
12.4389 -23.3992
12.4389 -23.3992
12.4389 -23.3992
12.4389 -23.3992
12.4389 -23.3992
12.4389 -23.3992
12.4389 -23.3992
12.4389 -23.3992
12.4389 -23.3992
12.4389 -23.3992
12.4389 -23.3992
12.4389 -23.3992
12.4389 -23.3992
12.4389 -23.3992
12.4389 -23.3992
12.4389 -23.3992
12 -24