15 -17
14.8266 -16.8199
14.6532 -16.6398
14.4798 -16.4598
14.3064 -16.2797
14.1329 -16.0996
13.9595 -15.9195
13.7861 -15.7394
13.6127 -15.5594
13.4393 -15.3793
13.2659 -15.1992
13.0925 -15.0191
12.9191 -14.839
12.7457 -14.659
12.5723 -14.4789
12.3988 -14.2988
12.2254 -14.1187
12.052 -13.9386
11.8786 -13.7586
11.7052 -13.5785
11.5318 -13.3984
11.3584 -13.2183
11.185 -13.0382
11.0116 -12.8582
10.8382 -12.6781
10.6647 -12.498
10.4913 -12.3179
10.3179 -12.1378
10.1445 -11.9577
9.9711 -11.7777
9.79769 -11.5976
9.62428 -11.4175
9.45087 -11.2374
9.27746 -11.0573
9.10405 -10.8773
8.93064 -10.6972
8.75723 -10.5171
8.58381 -10.337
8.4104 -10.1569
8.23699 -9.97686
8.06358 -9.79678
7.89017 -9.6167
7.71676 -9.43662
7.54335 -9.25654
7.36994 -9.07646
7.19653 -8.89638
7.02312 -8.7163
6.84971 -8.53622
6.6763 -8.35614
6.50289 -8.17606
6.32948 -7.99598
6.15607 -7.8159
5.98266 -7.63582
5.80925 -7.45574
5.63584 -7.27566
5.46243 -7.09558
5.28902 -6.9155
5.11561 -6.73542
4.9422 -6.55534
4.76879 -6.37526
4.59538 -6.19518
4.42196 -6.0151
4.24855 -5.83502
4.07514 -5.65494
3.90173 -5.47486
3.72832 -5.29478
3.55491 -5.1147
3.3815 -4.93462
3.20809 -4.75454
3.03468 -4.57446
2.86127 -4.39438
2.68786 -4.2143
2.51445 -4.03422
2.34104 -3.85414
2.16763 -3.67406
1.99422 -3.49398
1.82081 -3.3139
1.6474 -3.13382
1.47399 -2.95374
1.30058 -2.77366
1.12717 -2.59358
0.953755 -2.4135
0.780345 -2.23342
0.606934 -2.05334
0.433524 -1.87326
0.260113 -1.69318
0.0867029 -1.5131
-0.0867077 -1.33302
-0.260118 -1.15294
-0.433529 -0.972862
-0.606939 -0.792782
-0.78035 -0.612702
-0.95376 -0.432622
-1.12717 -0.252542
-1.30058 -0.0724625
-1.47399 0.107617
-1.6474 0.287697
-1.82081 0.467777
-1.99422 0.647857
-2.16763 0.827937
-2.34104 1.00802
-2.51445 1.1881
-2.68787 1.36818
-2.86128 1.54826
-3.03469 1.72834
-3.2081 1.90842
-3.38151 2.0885
-3.55492 2.26858
-3.72833 2.44866
-3.90174 2.62874
-4.07515 2.80882
-4.24856 2.9889
-4.42197 3.16898
-4.59538 3.34906
-4.76879 3.52914
-4.9422 3.70922
-5.11561 3.8893
-5.28902 4.06938
-5.46243 4.24946
-5.63584 4.42954
-5.80925 4.60962
-5.98266 4.7897
-6.15607 4.96978
-6.32948 5.14986
-6.50289 5.32994
-6.6763 5.51002
-6.84972 5.6901
-7.02313 5.87018
-7.19654 6.05026
-7.36995 6.23034
-7.54336 6.41042
-7.71677 6.5905
-7.89018 6.77058
-8.06359 6.95065
-8.237 7.13073
-8.41041 7.31081
-8.58382 7.49089
-8.75723 7.67097
-8.93064 7.85105
-9.10405 8.03113
-9.27746 8.21121
-9.45087 8.39129
-9.62428 8.57137
-9.79769 8.75145
-9.9711 8.93153
-10.1445 9.11161
-11 10