-10 14
-9.8386 13.9434
-9.61052 13.8411
-9.38244 13.7387
-9.15436 13.6363
-8.92628 13.534
-8.6982 13.4316
-8.47012 13.3292
-8.24203 13.2268
-8.01395 13.1245
-7.78587 13.0221
-7.55779 12.9197
-7.32971 12.8174
-7.10163 12.715
-6.87355 12.6126
-6.64547 12.5103
-6.41739 12.4079
-6.18931 12.3055
-5.96123 12.2032
-5.73315 12.1008
-5.50507 11.9984
-5.27699 11.8961
-5.0489 11.7937
-4.82082 11.6913
-4.59274 11.589
-4.36466 11.4866
-4.13658 11.3842
-3.9085 11.2819
-3.68042 11.1795
-3.45234 11.0771
-3.22426 10.9748
-2.99618 10.8724
-2.7681 10.77
-2.54002 10.6677
-2.31194 10.5653
-2.08385 10.4629
-1.85577 10.3606
-1.62769 10.2582
-1.39961 10.1558
-1.17153 10.0534
-0.943451 9.95108
-0.71537 9.84871
-0.487289 9.74634
-0.259209 9.64398
-0.031128 9.54161
0.196953 9.43924
0.425033 9.33687
0.653114 9.2345
0.881195 9.13214
1.10928 9.02977
1.33736 8.9274
1.56544 8.82503
1.79352 8.72266
2.0216 8.6203
2.24968 8.51793
2.47776 8.41556
2.70584 8.31319
2.93392 8.21083
3.162 8.10846
3.39008 8.00609
3.61816 7.90372
3.84624 7.80135
4.07433 7.69899
4.30241 7.59662
4.53049 7.49425
4.75857 7.39188
4.98665 7.28952
5.21473 7.18715
5.44281 7.08478
5.67089 6.98241
5.89897 6.88004
6.12705 6.77768
6.35513 6.67531
6.58321 6.57294
6.81129 6.47057
7.03937 6.3682
7.26746 6.26584
7.49554 6.16347
7.72362 6.0611
7.9517 5.95873
8.17978 5.85636
8.40786 5.754
8.63594 5.65163
8.86402 5.54926
9.0921 5.44689
9.32018 5.34453
9.54826 5.24216
9.77634 5.13979
10.0044 5.03742
10.2325 4.93505
10.4606 4.83269
10.6887 4.73032
10.9167 4.62795
11.1448 4.52558
11.3729 4.42321
11.601 4.32085
11.8291 4.21848
12.0572 4.11611
12.2852 4.01374
12.5133 3.91138
12.7414 3.80901
12.9695 3.70664
13.1976 3.60427
13.4256 3.5019
13.6537 3.39954
13.8818 3.29717
14.1099 3.1948
14.338 3.09243
14.566 2.99006
14.7941 2.8877
15.0222 2.78533
15.2503 2.68296
15.4784 2.58059
15.7064 2.47822
15.9345 2.37586
16.1626 2.27349
16.3907 2.17112
16.6188 2.06875
16.8468 1.96639
17.0749 1.86402
17.303 1.76165
17.5311 1.65928
17.7592 1.55691
17.9872 1.45455
18.2153 1.35218
18.2912 1.3524
18.2912 1.3524
18.2912 1.3524
18.2912 1.3524
18.2912 1.3524
18.2912 1.3524
18.2912 1.3524
18.2912 1.3524
18.2912 1.3524
18.2912 1.3524
18.2912 1.3524
18.2912 1.3524
18.2912 1.3524
18.2912 1.3524
18.2912 1.3524
18.2912 1.3524
18.2912 1.3524
18.2912 1.3524
18.2912 1.3524
18.2912 1.3524
18.2912 1.3524
19 1