4 16
3.84475 16.0135
3.59475 16.0123
3.34475 16.0112
3.09476 16.01
2.84476 16.0088
2.59476 16.0076
2.34477 16.0064
2.09477 16.0052
1.84477 16.004
1.84477 16.004
1.84477 16.004
1.84477 16.004
1.84477 16.004
1.84477 16.004
1.84477 16.004
1.84477 16.004
1.84477 16.004
1.84477 16.004
1.84477 16.004
1.84477 16.004
1.84477 16.004
1.84477 16.004
1.84477 16.004
1.84477 16.004
1.84477 16.004
1.84477 16.004
1.84477 16.004
1.84477 16.004
1.84477 16.004
1.84477 16.004
1.84477 16.004
1.84477 16.004
1.84477 16.004
1.84477 16.004
1.84477 16.004
1.84477 16.004
1.84477 16.004
1.84477 16.004
1.84477 16.004
1.84477 16.004
1.84477 16.004
1.84477 16.004
1.84477 16.004
1.84477 16.004
1.84477 16.004
1.84477 16.004
1.84477 16.004
1.84477 16.004
1.84477 16.004
1.84477 16.004
1.84477 16.004
1.84477 16.004
1.84477 16.004
1.84477 16.004
1.84477 16.004
1.84477 16.004
1.84477 16.004
1.84477 16.004
1.84477 16.004
1.84477 16.004
1.84477 16.004
1.84477 16.004
1.84477 16.004
1.84477 16.004
1.84477 16.004
1.84477 16.004
1.84477 16.004
1.84477 16.004
1.84477 16.004
1.84477 16.004
1.84477 16.004
1.84477 16.004
1.84477 16.004
1.84477 16.004
1.84477 16.004
1.84477 16.004
1.84477 16.004
1.84477 16.004
1.84477 16.004
1.84477 16.004
1.84477 16.004
1.84477 16.004
1.84477 16.004
1.84477 16.004
1.84477 16.004
1.84477 16.004
1.84477 16.004
1.84477 16.004
1.84477 16.004
1.84477 16.004
1.84477 16.004
1.84477 16.004
1.84477 16.004
1.84477 16.004
1.84477 16.004
1.84477 16.004
1.84477 16.004
1.84477 16.004
1.84477 16.004
1.84477 16.004
1.84477 16.004
1.84477 16.004
1.84477 16.004
1.84477 16.004
1.84477 16.004
1.84477 16.004
1.84477 16.004
1.84477 16.004
1.84477 16.004
1.84477 16.004
1.84477 16.004
1.84477 16.004
1.84477 16.004
1.84477 16.004
1.84477 16.004
1.84477 16.004
1.84477 16.004
1.84477 16.004
1.84477 16.004
1.84477 16.004
1.84477 16.004
1.84477 16.004
1.84477 16.004
1.84477 16.004
1.84477 16.004
1.84477 16.004
1.84477 16.004
1.84477 16.004
1.84477 16.004
1.84477 16.004
1.84477 16.004
1.84477 16.004
1.84477 16.004
1.84477 16.004
1.84477 16.004
1.84477 16.004
1.84477 16.004
1.84477 16.004
1.84477 16.004
1.84477 16.004
1.84477 16.004
1.84477 16.004
1.84477 16.004
1.84477 16.004
1.84477 16.004
1 16