-23 1
-22.8232 0.823223
-22.6464 0.646447
-22.4697 0.46967
-22.2929 0.292893
-22.1161 0.116116
-21.9393 -0.0606602
-21.7626 -0.237437
-21.5858 -0.414214
-21.409 -0.59099
-21.2322 -0.767767
-21.0555 -0.944544
-20.8787 -1.12132
-20.7019 -1.2981
-20.5251 -1.47487
-20.3483 -1.65165
-20.1716 -1.82843
-19.9948 -2.0052
-19.818 -2.18198
-19.6412 -2.35876
-19.4645 -2.53553
-19.2877 -2.71231
-19.1109 -2.88909
-18.9341 -3.06586
-18.7574 -3.24264
-18.5806 -3.41942
-18.4038 -3.59619
-18.227 -3.77297
-18.0502 -3.94975
-17.8735 -4.12652
-17.6967 -4.3033
-17.5199 -4.48008
-17.3431 -4.65685
-17.1664 -4.83363
-16.9896 -5.01041
-16.8128 -5.18719
-16.636 -5.36396
-16.4593 -5.54074
-16.2825 -5.71752
-16.1057 -5.89429
-15.9289 -6.07107
-15.7521 -6.24785
-15.5754 -6.42462
-15.3986 -6.6014
-15.2218 -6.77818
-15.045 -6.95495
-14.8683 -7.13173
-14.6915 -7.30851
-14.5147 -7.48528
-14.3379 -7.66206
-14.1612 -7.83884
-13.9844 -8.01562
-13.8076 -8.19239
-13.6308 -8.36917
-13.454 -8.54595
-13.2773 -8.72272
-13.1005 -8.8995
-12.9237 -9.07628
-12.7469 -9.25305
-12.5702 -9.42983
-12.3934 -9.60661
-12.2166 -9.78338
-12.0398 -9.96016
-11.8631 -10.1369
-11.6863 -10.3137
-11.5095 -10.4905
-11.3327 -10.6673
-11.1559 -10.844
-10.9792 -11.0208
-10.8024 -11.1976
-10.6256 -11.3744
-10.4488 -11.5512
-10.2721 -11.7279
-10.0953 -11.9047
-9.91851 -12.0815
-9.74173 -12.2583
-9.56496 -12.435
-9.38818 -12.6118
-9.2114 -12.7886
-9.03463 -12.9654
-8.85785 -13.1421
-8.68108 -13.3189
-8.68108 -13.3189
-8.68108 -13.3189
-8.68108 -13.3189
-8.68108 -13.3189
-8.68108 -13.3189
-8.68108 -13.3189
-8.68108 -13.3189
-8.68108 -13.3189
-8.68108 -13.3189
-8.68108 -13.3189
-8.68108 -13.3189
-8.68108 -13.3189
-8.68108 -13.3189
-8.68108 -13.3189
-8.68108 -13.3189
-8.68108 -13.3189
-8.68108 -13.3189
-8.68108 -13.3189
-8.68108 -13.3189
-8.68108 -13.3189
-8.68108 -13.3189
-8.68108 -13.3189
-8.68108 -13.3189
-8.68108 -13.3189
-8.68108 -13.3189
-8.68108 -13.3189
-8.68108 -13.3189
-8.68108 -13.3189
-8.68108 -13.3189
-8.68108 -13.3189
-8.68108 -13.3189
-8.68108 -13.3189
-8.68108 -13.3189
-8.68108 -13.3189
-8.68108 -13.3189
-8.68108 -13.3189
-8.68108 -13.3189
-8.68108 -13.3189
-8.68108 -13.3189
-8.68108 -13.3189
-8.68108 -13.3189
-8.68108 -13.3189
-8.68108 -13.3189
-8.68108 -13.3189
-8.68108 -13.3189
-8.68108 -13.3189
-8.68108 -13.3189
-8.68108 -13.3189
-8.68108 -13.3189
-8.68108 -13.3189
-8.68108 -13.3189
-8.68108 -13.3189
-8.68108 -13.3189
-8.68108 -13.3189
-8.68108 -13.3189
-8.68108 -13.3189
-8.68108 -13.3189
-8.68108 -13.3189
-8.68108 -13.3189
-8.68108 -13.3189
-8.68108 -13.3189
-8.68108 -13.3189
-8.68108 -13.3189
-8.68108 -13.3189
-8 -14