-8 5
-7.76505 4.91456
-7.5301 4.82913
-7.29516 4.74369
-7.06021 4.65826
-6.82526 4.57282
-6.59031 4.48738
-6.35536 4.40195
-6.12041 4.31651
-5.88547 4.23108
-5.65052 4.14564
-5.41557 4.06021
-5.18062 3.97477
-4.94567 3.88933
-4.71073 3.8039
-4.47578 3.71846
-4.24083 3.63303
-4.00588 3.54759
-3.77093 3.46216
-3.53598 3.37672
-3.30104 3.29128
-3.06609 3.20585
-2.83114 3.12041
-2.59619 3.03498
-2.36124 2.94954
-2.12629 2.86411
-1.89135 2.77867
-1.6564 2.69323
-1.42145 2.6078
-1.1865 2.52236
-0.951552 2.43693
-0.716604 2.35149
-0.481656 2.26606
-0.246707 2.18062
-0.0117588 2.09518
0.22319 2.00975
0.458138 1.92431
0.693086 1.83888
0.928035 1.75344
1.16298 1.668
1.39793 1.58257
1.63288 1.49713
1.86783 1.4117
2.10278 1.32626
2.33772 1.24083
2.57267 1.15539
2.80762 1.06995
3.04257 0.984519
3.27752 0.899083
3.51247 0.813648
3.74742 0.728212
3.98236 0.642776
4.21731 0.55734
4.45226 0.471905
4.68721 0.386469
4.92216 0.301033
5.1571 0.215597
5.39205 0.130162
5.627 0.0447258
5.86195 -0.04071
6.0969 -0.126146
6.33185 -0.211581
6.56679 -0.297017
6.80174 -0.382453
7.03669 -0.467889
7.27164 -0.553324
7.50659 -0.63876
7.74153 -0.724196
7.97648 -0.809631
8.21143 -0.895067
8.44638 -0.980503
8.68133 -1.06594
8.91628 -1.15137
9.15122 -1.23681
9.38617 -1.32225
9.62112 -1.40768
9.85607 -1.49312
10.091 -1.57855
10.326 -1.66399
10.5609 -1.74942
10.7959 -1.83486
11.0308 -1.9203
11.2658 -2.00573
11.5007 -2.09117
11.7357 -2.1766
11.9706 -2.26204
12.2055 -2.34747
12.4405 -2.43291
12.6754 -2.51834
12.9104 -2.60378
13.1453 -2.68922
13.1864 -2.78417
13.1864 -2.78417
13.1864 -2.78417
13.1864 -2.78417
13.1864 -2.78417
13.1864 -2.78417
13.1864 -2.78417
13.1864 -2.78417
13.1864 -2.78417
13.1864 -2.78417
13.1864 -2.78417
13.1864 -2.78417
13.1864 -2.78417
13.1864 -2.78417
13.1864 -2.78417
13.1864 -2.78417
13.1864 -2.78417
13.1864 -2.78417
13.1864 -2.78417
13.1864 -2.78417
13.1864 -2.78417
13.1864 -2.78417
13.1864 -2.78417
13.1864 -2.78417
13.1864 -2.78417
13.1864 -2.78417
13.1864 -2.78417
13.1864 -2.78417
13.1864 -2.78417
13.1864 -2.78417
13.1864 -2.78417
13.1864 -2.78417
13.1864 -2.78417
13.1864 -2.78417
13.1864 -2.78417
13.1864 -2.78417
13.1864 -2.78417
13.1864 -2.78417
13.1864 -2.78417
13.1864 -2.78417
13.1864 -2.78417
13.1864 -2.78417
13.1864 -2.78417
13.1864 -2.78417
13.1864 -2.78417
13.1864 -2.78417
13.1864 -2.78417
13.1864 -2.78417
13.1864 -2.78417
13.1864 -2.78417
13.1864 -2.78417
13.1864 -2.78417
13.1864 -2.78417
13.1864 -2.78417
13.1864 -2.78417
14 -3