-11 15
-10.9127 14.7968
-10.8294 14.5592
-10.7612 14.3187
-10.693 14.0782
-10.6248 13.8377
-10.5566 13.5971
-10.4884 13.3566
-10.4202 13.1161
-10.352 12.8756
-10.2838 12.6351
-10.2156 12.3945
-10.1474 12.154
-10.0792 11.9135
-10.011 11.673
-9.9428 11.4325
-9.87461 11.1919
-9.80641 10.9514
-9.73822 10.7109
-9.67002 10.4704
-9.60182 10.2299
-9.53363 9.98936
-9.46543 9.74884
-9.39723 9.50832
-9.32904 9.2678
-9.26084 9.02728
-9.19264 8.78676
-9.12445 8.54624
-9.05625 8.30573
-8.98805 8.06521
-8.91986 7.82469
-8.85166 7.58417
-8.78346 7.34365
-8.71527 7.10313
-8.64707 6.86261
-8.57887 6.6221
-8.51068 6.38158
-8.44248 6.14106
-8.37428 5.90054
-8.30609 5.66002
-8.23789 5.4195
-8.16969 5.17898
-8.1015 4.93847
-8.0333 4.69795
-7.9651 4.45743
-7.89691 4.21691
-7.82871 3.97639
-7.76051 3.73587
-7.69232 3.49535
-7.62412 3.25484
-7.55592 3.01432
-7.48773 2.7738
-7.41953 2.53328
-7.35133 2.29276
-7.28314 2.05224
-7.21494 1.81172
-7.14674 1.57121
-7.07855 1.33069
-7.01035 1.09017
-6.94215 0.849649
-6.87396 0.609131
-6.80576 0.368612
-6.73756 0.128093
-6.66937 -0.112425
-6.60117 -0.352944
-6.53297 -0.593462
-6.46478 -0.833981
-6.39658 -1.0745
-6.32838 -1.31502
-6.26019 -1.55554
-6.19199 -1.79606
-6.12379 -2.03657
-6.05559 -2.27709
-5.9874 -2.51761
-5.9192 -2.75813
-5.851 -2.99865
-5.78281 -3.23917
-5.71461 -3.47969
-5.64641 -3.7202
-5.57822 -3.96072
-5.51002 -4.20124
-5.44182 -4.44176
-5.37363 -4.68228
-5.30543 -4.9228
-5.23723 -5.16332
-5.23723 -5.16332
-5.23723 -5.16332
-5.23723 -5.16332
-5.23723 -5.16332
-5.23723 -5.16332
-5.23723 -5.16332
-5.23723 -5.16332
-5.23723 -5.16332
-5.23723 -5.16332
-5.23723 -5.16332
-5.23723 -5.16332
-5.23723 -5.16332
-5.23723 -5.16332
-5.23723 -5.16332
-5.23723 -5.16332
-5.23723 -5.16332
-5.23723 -5.16332
-5.23723 -5.16332
-5.23723 -5.16332
-5.23723 -5.16332
-5.23723 -5.16332
-5.23723 -5.16332
-5.23723 -5.16332
-5.23723 -5.16332
-5.23723 -5.16332
-5.23723 -5.16332
-5.23723 -5.16332
-5.23723 -5.16332
-5.23723 -5.16332
-5.23723 -5.16332
-5.23723 -5.16332
-5.23723 -5.16332
-5.23723 -5.16332
-5.23723 -5.16332
-5.23723 -5.16332
-5.23723 -5.16332
-5.23723 -5.16332
-5.23723 -5.16332
-5.23723 -5.16332
-5.23723 -5.16332
-5.23723 -5.16332
-5.23723 -5.16332
-5.23723 -5.16332
-5.23723 -5.16332
-5.23723 -5.16332
-5.23723 -5.16332
-5.23723 -5.16332
-5.23723 -5.16332
-5.23723 -5.16332
-5 -6