-7 -14
-6.93422 -13.9375
-6.8271 -13.7314
-6.762 -13.49
-6.69691 -13.2486
-6.63181 -13.0072
-6.56672 -12.7659
-6.50163 -12.5245
-6.43653 -12.2831
-6.37144 -12.0417
-6.30634 -11.8004
-6.24125 -11.559
-6.17615 -11.3176
-6.11106 -11.0762
-6.04596 -10.8349
-5.98087 -10.5935
-5.91577 -10.3521
-5.85067 -10.1107
-5.78558 -9.86935
-5.72048 -9.62797
-5.65539 -9.3866
-5.59029 -9.14522
-5.5252 -8.90384
-5.4601 -8.66247
-5.39501 -8.42109
-5.32991 -8.17971
-5.26482 -7.93833
-5.19972 -7.69696
-5.13463 -7.45558
-5.06953 -7.21421
-5.00444 -6.97283
-4.93934 -6.73145
-4.87425 -6.49008
-4.80915 -6.2487
-4.74406 -6.00732
-4.67896 -5.76595
-4.61386 -5.52457
-4.54877 -5.28319
-4.48367 -5.04182
-4.41858 -4.80044
-4.35348 -4.55907
-4.28839 -4.31769
-4.22329 -4.07631
-4.1582 -3.83494
-4.0931 -3.59356
-4.02801 -3.35218
-3.96291 -3.11081
-3.89782 -2.86943
-3.83272 -2.62805
-3.76763 -2.38668
-3.70253 -2.1453
-3.63744 -1.90392
-3.57234 -1.66255
-3.50725 -1.42117
-3.44215 -1.1798
-3.37706 -0.938419
-3.31196 -0.697042
-3.24687 -0.455666
-3.18177 -0.214289
-3.11668 0.0270873
-3.05158 0.268464
-2.98649 0.50984
-2.92139 0.751217
-2.8563 0.992593
-2.7912 1.23397
-2.7261 1.47535
-2.66101 1.71672
-2.59591 1.9581
-2.53082 2.19948
-2.46572 2.44085
-2.40063 2.68223
-2.33553 2.92361
-2.27044 3.16498
-2.20534 3.40636
-2.14025 3.64773
-2.07515 3.88911
-2.01006 4.13049
-1.94496 4.37186
-1.87987 4.61324
-1.81477 4.85462
-1.74968 5.09599
-1.68458 5.33737
-1.61949 5.57875
-1.55439 5.82012
-1.4893 6.0615
-1.4242 6.30288
-1.35911 6.54425
-1.29401 6.78563
-1.22892 7.027
-1.16382 7.26838
-1.09873 7.50976
-1.03363 7.75113
-0.968535 7.99251
-0.90344 8.23389
-0.838344 8.47526
-0.773249 8.71664
-0.708154 8.95802
-0.643059 9.19939
-0.577964 9.44077
-0.512868 9.68215
-0.447773 9.92352
-0.382678 10.1649
-0.317583 10.4063
-0.252488 10.6477
-0.187392 10.889
-0.122297 11.1304
-0.057202 11.3718
0.0078932 11.6132
0.0729884 11.8545
0.138084 12.0959
0.203179 12.3373
0.268274 12.5787
0.333369 12.82
0.398465 13.0614
0.46356 13.3028
0.528655 13.5442
0.59375 13.7856
0.658846 14.0269
0.723941 14.2683
0.789036 14.5097
0.854131 14.7511
0.919227 14.9924
0.984322 15.2338
1.04942 15.4752
1.11451 15.7166
1.17961 15.9579
1.2447 16.1993
1.3098 16.4407
1.37489 16.6821
1.43999 16.9235
1.50508 17.1648
1.57018 17.4062
1.63528 17.6476
1.70037 17.889
2 19