-7 -7
-7.0625 -7
-7.27443 -6.93578
-7.5122 -6.89398
-7.75013 -6.85375
-7.98778 -6.8136
-8.22513 -6.77353
-8.46217 -6.73356
-8.69886 -6.69368
-8.93519 -6.6539
-9.17114 -6.61423
-9.40668 -6.57468
-9.64177 -6.53525
-9.8764 -6.49595
-10.1105 -6.4568
-10.3441 -6.41779
-10.5872 -6.40186
-10.8364 -6.42196
-11.0856 -6.44207
-11.3348 -6.46218
-11.584 -6.48229
-11.8332 -6.50239
-12.0824 -6.5225
-12.3316 -6.54261
-12.5808 -6.56272
-12.8299 -6.58282
-13.0791 -6.60293
-13.3283 -6.62304
-13.5775 -6.64314
-13.8267 -6.66325
-14.0759 -6.68336
-14.3251 -6.70347
-14.5743 -6.72357
-14.8235 -6.74368
-15.0727 -6.76379
-15.3218 -6.7839
-15.571 -6.804
-15.8202 -6.82411
-16.0694 -6.84422
-16.3186 -6.86433
-16.5678 -6.88443
-16.817 -6.90454
-17.0662 -6.92465
-17.0673 -6.92481
-17.0673 -6.92481
-17.0673 -6.92481
-17.0673 -6.92481
-17.0673 -6.92481
-17.0673 -6.92481
-17.0673 -6.92481
-17.0673 -6.92481
-17.0673 -6.92481
-17.0673 -6.92481
-17.0673 -6.92481
-17.0673 -6.92481
-17.0673 -6.92481
-17.0673 -6.92481
-17.0673 -6.92481
-17.0673 -6.92481
-17.0673 -6.92481
-17.0673 -6.92481
-17.0673 -6.92481
-17.0673 -6.92481
-17.0673 -6.92481
-17.0673 -6.92481
-17.0673 -6.92481
-17.0673 -6.92481
-17.0673 -6.92481
-17.0673 -6.92481
-17.0673 -6.92481
-17.0673 -6.92481
-17.0673 -6.92481
-17.0673 -6.92481
-17.0673 -6.92481
-17.0673 -6.92481
-17.0673 -6.92481
-17.0673 -6.92481
-17.0673 -6.92481
-17.0673 -6.92481
-17.0673 -6.92481
-17.0673 -6.92481
-17.0673 -6.92481
-17.0673 -6.92481
-17.0673 -6.92481
-17.0673 -6.92481
-17.0673 -6.92481
-17.0673 -6.92481
-17.0673 -6.92481
-17.0673 -6.92481
-17.0673 -6.92481
-17.0673 -6.92481
-17.0673 -6.92481
-17.0673 -6.92481
-17.0673 -6.92481
-17.0673 -6.92481
-17.0673 -6.92481
-17.0673 -6.92481
-17.0673 -6.92481
-17.0673 -6.92481
-17.0673 -6.92481
-17.0673 -6.92481
-17.0673 -6.92481
-17.0673 -6.92481
-17.0673 -6.92481
-17.0673 -6.92481
-17.0673 -6.92481
-17.0673 -6.92481
-17.0673 -6.92481
-17.0673 -6.92481
-17.0673 -6.92481
-17.0673 -6.92481
-17.0673 -6.92481
-17.0673 -6.92481
-17.0673 -6.92481
-17.0673 -6.92481
-17.0673 -6.92481
-17.0673 -6.92481
-17.0673 -6.92481
-17.0673 -6.92481
-17.0673 -6.92481
-17.0673 -6.92481
-17.0673 -6.92481
-17.0673 -6.92481
-17.0673 -6.92481
-17.0673 -6.92481
-17.0673 -6.92481
-17.0673 -6.92481
-17.0673 -6.92481
-17.0673 -6.92481
-17.0673 -6.92481
-17.0673 -6.92481
-17.0673 -6.92481
-17.0673 -6.92481
-17.0673 -6.92481
-18 -7