-14 -7
-13.9375 -7.07714
-13.8108 -7.16797
-13.5913 -7.25831
-13.3579 -7.35095
-13.1245 -7.44358
-12.891 -7.53623
-12.6576 -7.62887
-12.4242 -7.72151
-12.1907 -7.81416
-11.9572 -7.90681
-11.7238 -7.99947
-11.4903 -8.09212
-11.2568 -8.18478
-11.0233 -8.27744
-10.7898 -8.3701
-10.5512 -8.44479
-10.3126 -8.51947
-10.074 -8.59416
-9.83546 -8.66885
-9.59688 -8.74354
-9.35829 -8.81823
-9.11971 -8.89291
-8.88113 -8.9676
-8.64255 -9.04229
-8.40396 -9.11698
-8.16538 -9.19167
-7.9268 -9.26635
-7.68822 -9.34104
-7.44963 -9.41573
-7.21105 -9.49042
-6.97247 -9.56511
-6.73388 -9.63979
-6.4953 -9.71448
-6.25672 -9.78917
-6.01814 -9.86386
-5.77955 -9.93855
-5.54097 -10.0132
-5.30239 -10.0879
-5.06381 -10.1626
-4.82522 -10.2373
-4.58664 -10.312
-4.34806 -10.3867
-4.10948 -10.4614
-3.87089 -10.536
-3.63231 -10.6107
-3.39373 -10.6854
-3.15514 -10.7601
-2.91656 -10.8348
-2.67798 -10.9095
-2.4394 -10.9842
-2.20081 -11.0589
-1.96223 -11.1335
-1.72365 -11.2082
-1.48506 -11.2829
-1.24648 -11.3576
-1.0079 -11.4323
-0.769315 -11.507
-0.530732 -11.5817
-0.29215 -11.6564
-0.0535667 -11.731
0.185016 -11.8057
0.423599 -11.8804
0.662182 -11.9551
0.900765 -12.0298
1.13935 -12.1045
1.37793 -12.1792
1.61651 -12.2539
1.8551 -12.3285
2.09368 -12.4032
2.33226 -12.4779
2.57084 -12.5526
2.80943 -12.6273
3.04801 -12.702
3.11738 -12.7175
3.11738 -12.7175
3.11738 -12.7175
3.11738 -12.7175
3.11738 -12.7175
3.11738 -12.7175
3.11738 -12.7175
3.11738 -12.7175
3.11738 -12.7175
3.11738 -12.7175
3.11738 -12.7175
3.11738 -12.7175
3.11738 -12.7175
3.11738 -12.7175
3.11738 -12.7175
3.11738 -12.7175
3.11738 -12.7175
3.11738 -12.7175
3.11738 -12.7175
3.11738 -12.7175
3.11738 -12.7175
3.11738 -12.7175
3.11738 -12.7175
3.11738 -12.7175
3.11738 -12.7175
3.11738 -12.7175
3.11738 -12.7175
3.11738 -12.7175
3.11738 -12.7175
3.11738 -12.7175
3.11738 -12.7175
3.11738 -12.7175
3.11738 -12.7175
3.11738 -12.7175
3.11738 -12.7175
3.11738 -12.7175
3.11738 -12.7175
3.11738 -12.7175
3.11738 -12.7175
3.11738 -12.7175
3.11738 -12.7175
3.11738 -12.7175
3.11738 -12.7175
3.11738 -12.7175
3.11738 -12.7175
3.11738 -12.7175
3.11738 -12.7175
3.11738 -12.7175
3.11738 -12.7175
3.11738 -12.7175
3.11738 -12.7175
3.11738 -12.7175
3.11738 -12.7175
3.11738 -12.7175
3.11738 -12.7175
3.11738 -12.7175
3.11738 -12.7175
3.11738 -12.7175
3.11738 -12.7175
3.11738 -12.7175
4 -13