-17 3
-16.834 3.07657
-16.6699 3.2177
-16.4803 3.36964
-16.287 3.52031
-16.0919 3.67031
-15.8958 3.81994
-15.6992 3.96937
-15.5024 4.11868
-15.3055 4.26791
-15.1085 4.41709
-14.9114 4.56621
-14.7144 4.71529
-14.5173 4.86434
-14.3203 5.01334
-14.1233 5.16231
-13.9263 5.31123
-13.7293 5.46012
-13.5323 5.60896
-13.3353 5.75777
-13.1384 5.90652
-12.9414 6.05524
-12.7445 6.2039
-12.5476 6.35252
-12.3507 6.50109
-12.1538 6.64961
-11.957 6.79807
-11.7602 6.94648
-11.5633 7.09484
-11.3665 7.24313
-11.1697 7.39137
-10.973 7.53954
-10.7762 7.68765
-10.5795 7.83569
-10.3765 7.98156
-10.1735 8.12744
-9.97044 8.27331
-9.76742 8.41918
-9.56439 8.56506
-9.36136 8.71093
-9.15833 8.85681
-8.9553 9.00268
-8.75227 9.14855
-8.54924 9.29443
-8.34621 9.4403
-8.14319 9.58618
-7.94016 9.73205
-7.73713 9.87792
-7.5341 10.0238
-7.33107 10.1697
-7.12804 10.3155
-6.92501 10.4614
-6.72198 10.6073
-6.51896 10.7532
-6.31593 10.899
-6.1129 11.0449
-5.90987 11.1908
-5.70684 11.3367
-5.50381 11.4825
-5.30078 11.6284
-5.09776 11.7743
-4.89473 11.9202
-4.6917 12.066
-4.48867 12.2119
-4.28564 12.3578
-4.08261 12.5037
-3.87958 12.6495
-3.67655 12.7954
-3.47353 12.9413
-3.2705 13.0872
-3.06747 13.233
-2.86444 13.3789
-2.66141 13.5248
-2.56197 13.6516
-2.54509 13.7456
-2.56397 13.7796
-2.56711 13.7809
-2.56711 13.7809
-2.56711 13.7809
-2.56711 13.7809
-2.56711 13.7809
-2.56711 13.7809
-2.56711 13.7809
-2.56711 13.7809
-2.56711 13.7809
-2.56711 13.7809
-2.56711 13.7809
-2.56711 13.7809
-2.56711 13.7809
-2.56711 13.7809
-2.56711 13.7809
-2.56711 13.7809
-2.56711 13.7809
-2.56711 13.7809
-2.56711 13.7809
-2.56711 13.7809
-2.56711 13.7809
-2.56711 13.7809
-2.56711 13.7809
-2.56711 13.7809
-2.56711 13.7809
-2.56711 13.7809
-2.56711 13.7809
-2.56711 13.7809
-2.56711 13.7809
-2.56711 13.7809
-2.56711 13.7809
-2.56711 13.7809
-2.56711 13.7809
-2.56711 13.7809
-2.56711 13.7809
-2.56711 13.7809
-2.56711 13.7809
-2.56711 13.7809
-2.56711 13.7809
-2.56711 13.7809
-2.56711 13.7809
-2.56711 13.7809
-2.56711 13.7809
-2.56711 13.7809
-2.56711 13.7809
-2.56711 13.7809
-2.56711 13.7809
-2.56711 13.7809
-2.56711 13.7809
-2.56711 13.7809
-2.56711 13.7809
-2.56711 13.7809
-2.56711 13.7809
-2.56711 13.7809
-2.56711 13.7809
-2.56711 13.7809
-2.56711 13.7809
-2.56711 13.7809
-2 14