5 -7
4.77639 -7.1118
4.55279 -7.22361
4.32918 -7.33541
4.10557 -7.44721
3.88197 -7.55902
3.65836 -7.67082
3.43475 -7.78262
3.21115 -7.89443
2.98754 -8.00623
2.76393 -8.11803
2.54033 -8.22984
2.31672 -8.34164
2.09311 -8.45344
1.86951 -8.56525
1.6459 -8.67705
1.42229 -8.78885
1.19868 -8.90066
0.975078 -9.01246
0.751471 -9.12426
0.527865 -9.23606
0.304258 -9.34787
0.0806511 -9.45967
-0.142956 -9.57147
-0.366562 -9.68328
-0.590169 -9.79508
-0.813776 -9.90689
-1.03738 -10.0187
-1.26099 -10.1305
-1.4846 -10.2423
-1.7082 -10.3541
-1.93181 -10.4659
-2.15542 -10.5777
-2.37902 -10.6895
-2.60263 -10.8013
-2.82624 -10.9131
-3.04984 -11.0249
-3.27345 -11.1367
-3.49706 -11.2485
-3.72066 -11.3603
-3.94427 -11.4721
-4.16788 -11.5839
-4.16788 -11.5839
-4.16788 -11.5839
-4.16788 -11.5839
-4.16788 -11.5839
-4.16788 -11.5839
-4.16788 -11.5839
-4.16788 -11.5839
-4.16788 -11.5839
-4.16788 -11.5839
-4.16788 -11.5839
-4.16788 -11.5839
-4.16788 -11.5839
-4.16788 -11.5839
-4.16788 -11.5839
-4.16788 -11.5839
-4.16788 -11.5839
-4.16788 -11.5839
-4.16788 -11.5839
-4.16788 -11.5839
-4.16788 -11.5839
-4.16788 -11.5839
-4.16788 -11.5839
-4.16788 -11.5839
-4.16788 -11.5839
-4.16788 -11.5839
-4.16788 -11.5839
-4.16788 -11.5839
-4.16788 -11.5839
-4.16788 -11.5839
-4.16788 -11.5839
-4.16788 -11.5839
-4.16788 -11.5839
-4.16788 -11.5839
-4.16788 -11.5839
-4.16788 -11.5839
-4.16788 -11.5839
-4.16788 -11.5839
-4.16788 -11.5839
-4.16788 -11.5839
-4.16788 -11.5839
-4.16788 -11.5839
-4.16788 -11.5839
-4.16788 -11.5839
-4.16788 -11.5839
-4.16788 -11.5839
-4.16788 -11.5839
-4.16788 -11.5839
-4.16788 -11.5839
-4.16788 -11.5839
-4.16788 -11.5839
-4.16788 -11.5839
-4.16788 -11.5839
-4.16788 -11.5839
-4.16788 -11.5839
-4.16788 -11.5839
-4.16788 -11.5839
-4.16788 -11.5839
-4.16788 -11.5839
-4.16788 -11.5839
-4.16788 -11.5839
-4.16788 -11.5839
-4.16788 -11.5839
-4.16788 -11.5839
-4.16788 -11.5839
-4.16788 -11.5839
-4.16788 -11.5839
-4.16788 -11.5839
-4.16788 -11.5839
-4.16788 -11.5839
-4.16788 -11.5839
-4.16788 -11.5839
-4.16788 -11.5839
-4.16788 -11.5839
-4.16788 -11.5839
-4.16788 -11.5839
-4.16788 -11.5839
-4.16788 -11.5839
-4.16788 -11.5839
-4.16788 -11.5839
-4.16788 -11.5839
-4.16788 -11.5839
-4.16788 -11.5839
-4.16788 -11.5839
-4.16788 -11.5839
-4.16788 -11.5839
-4.16788 -11.5839
-4.16788 -11.5839
-4.16788 -11.5839
-4.16788 -11.5839
-4.16788 -11.5839
-5 -12