-21 -16
-21.033 -15.7522
-21.0661 -15.5044
-21.0991 -15.2566
-21.1322 -15.0088
-21.1652 -14.761
-21.1982 -14.5132
-21.2313 -14.2654
-21.2643 -14.0175
-21.2974 -13.7697
-21.3304 -13.5219
-21.3635 -13.2741
-21.3965 -13.0263
-21.4295 -12.7785
-21.4626 -12.5307
-21.4956 -12.2829
-21.5287 -12.0351
-21.5617 -11.7873
-21.5947 -11.5395
-21.6278 -11.2917
-21.6608 -11.0439
-21.6939 -10.7961
-21.7269 -10.5483
-21.7599 -10.3004
-21.793 -10.0526
-21.826 -9.80484
-21.8591 -9.55703
-21.8921 -9.30922
-21.9251 -9.06142
-21.9582 -8.81361
-21.9912 -8.5658
-22.0243 -8.318
-22.0573 -8.07019
-22.0904 -7.82238
-22.1234 -7.57458
-22.1564 -7.32677
-22.1895 -7.07896
-22.2225 -6.83116
-22.2556 -6.58335
-22.2886 -6.33554
-22.3216 -6.08773
-22.3547 -5.83993
-22.3877 -5.59212
-22.4208 -5.34431
-22.4538 -5.09651
-22.4868 -4.8487
-22.5199 -4.60089
-22.5529 -4.35309
-22.586 -4.10528
-22.619 -3.85747
-22.6521 -3.60966
-22.6851 -3.36186
-22.7181 -3.11405
-22.7512 -2.86624
-22.7842 -2.61844
-22.8173 -2.37063
-22.8503 -2.12282
-22.8833 -1.87501
-22.9164 -1.62721
-22.9494 -1.3794
-22.9825 -1.13159
-23.0155 -0.883787
-23.0485 -0.63598
-23.0816 -0.388173
-23.1146 -0.140366
-23.1477 0.107441
-23.1807 0.355248
-23.2137 0.603055
-23.2468 0.850862
-23.2798 1.09867
-23.3129 1.34648
-23.3459 1.59428
-23.379 1.84209
-23.412 2.0899
-23.445 2.3377
-23.4781 2.58551
-23.5111 2.83332
-23.5442 3.08113
-23.5772 3.32893
-23.6102 3.57674
-23.6433 3.82455
-23.6763 4.07235
-23.7094 4.32016
-23.7424 4.56797
-23.7754 4.81577
-23.8085 5.06358
-23.8415 5.31139
-23.8746 5.5592
-23.9076 5.807
-23.9406 6.05481
-23.9737 6.30262
-24.0067 6.55042
-24.0398 6.79823
-24.0728 7.04604
-24.1059 7.29384
-24.1389 7.54165
-24.1719 7.78946
-24.205 8.03727
-24.238 8.28507
-24.2711 8.53288
-24.3041 8.78069
-24.3371 9.02849
-24.3702 9.2763
-24.4032 9.52411
-24.4363 9.77192
-24.4693 10.0197
-24.5023 10.2675
-24.5354 10.5153
-24.5684 10.7631
-24.6015 11.011
-24.6345 11.2588
-24.6676 11.5066
-24.7006 11.7544
-24.7336 12.0022
-24.7667 12.25
-24.7997 12.4978
-24.8328 12.7456
-24.8658 12.9934
-24.8988 13.2412
-24.8988 13.2412
-24.8988 13.2412
-24.8988 13.2412
-24.8988 13.2412
-24.8988 13.2412
-24.8988 13.2412
-24.8988 13.2412
-24.8988 13.2412
-24.8988 13.2412
-24.8988 13.2412
-24.8988 13.2412
-24.8988 13.2412
-24.8988 13.2412
-25 14