-18 -25
-17.7502 -24.99
-17.5004 -24.98
-17.2506 -24.97
-17.0008 -24.96
-16.751 -24.95
-16.5012 -24.94
-16.2514 -24.9301
-16.0016 -24.9201
-15.7518 -24.9101
-15.502 -24.9001
-15.2522 -24.8901
-15.0024 -24.8801
-14.7526 -24.8701
-14.5028 -24.8601
-14.253 -24.8501
-14.0032 -24.8401
-13.7534 -24.8301
-13.5036 -24.8201
-13.2538 -24.8101
-13.004 -24.8001
-12.7542 -24.7902
-12.5044 -24.7802
-12.2546 -24.7702
-12.0048 -24.7602
-11.755 -24.7502
-11.5052 -24.7402
-11.2554 -24.7302
-11.0056 -24.7202
-10.7558 -24.7102
-10.506 -24.7002
-10.2562 -24.6902
-10.0064 -24.6802
-9.75659 -24.6702
-9.50678 -24.6603
-9.25698 -24.6503
-9.00718 -24.6403
-8.75738 -24.6303
-8.50758 -24.6203
-8.25778 -24.6103
-8.00798 -24.6003
-7.75818 -24.5903
-7.50838 -24.5803
-7.25858 -24.5703
-7.00878 -24.5603
-6.75898 -24.5503
-6.50918 -24.5403
-6.25938 -24.5304
-6.00958 -24.5204
-5.75978 -24.5104
-5.50571 -24.5065
-5.25158 -24.5027
-4.99739 -24.4988
-4.74315 -24.4948
-4.48884 -24.4908
-4.23447 -24.4868
-3.98004 -24.4827
-3.72553 -24.4786
-3.47095 -24.4744
-3.2163 -24.4702
-2.96157 -24.4659
-2.70675 -24.4616
-2.45186 -24.4572
-2.19687 -24.4527
-1.94179 -24.4482
-1.68662 -24.4436
-1.43134 -24.4389
-1.17596 -24.4342
-0.920457 -24.4294
-0.664841 -24.4245
-0.409099 -24.4195
-0.153225 -24.4144
0.10279 -24.4092
0.358954 -24.4039
0.615277 -24.3986
0.87177 -24.393
1.12126 -24.377
1.37074 -24.361
1.62023 -24.345
1.86972 -24.329
2.11921 -24.313
2.36869 -24.297
2.61818 -24.281
2.86767 -24.265
3.11716 -24.249
3.36664 -24.233
3.61613 -24.217
3.86562 -24.201
4.11511 -24.185
4.36459 -24.169
4.61408 -24.153
4.86357 -24.137
5.11306 -24.121
5.36254 -24.105
5.61203 -24.089
5.86152 -24.073
6.111 -24.057
6.20489 -24.0805
6.21386 -24.0868
6.21386 -24.0868
6.21386 -24.0868
6.21386 -24.0868
6.21386 -24.0868
6.21386 -24.0868
6.21386 -24.0868
6.21386 -24.0868
6.21386 -24.0868
6.21386 -24.0868
6.21386 -24.0868
6.21386 -24.0868
6.21386 -24.0868
6.21386 -24.0868
6.21386 -24.0868
6.21386 -24.0868
6.21386 -24.0868
6.21386 -24.0868
6.21386 -24.0868
6.21386 -24.0868
6.21386 -24.0868
6.21386 -24.0868
6.21386 -24.0868
6.21386 -24.0868
6.21386 -24.0868
6.21386 -24.0868
6.21386 -24.0868
6.21386 -24.0868
6.21386 -24.0868
6.21386 -24.0868
6.21386 -24.0868
6.21386 -24.0868
6.21386 -24.0868
6.21386 -24.0868
7 -24