21 -14
20.8824 -13.7794
20.7647 -13.5588
20.6471 -13.3382
20.5294 -13.1176
20.4118 -12.8971
20.2941 -12.6765
20.1765 -12.4559
20.0588 -12.2353
19.9412 -12.0147
19.8235 -11.7941
19.7059 -11.5735
19.5882 -11.3529
19.4706 -11.1323
19.3529 -10.9118
19.2353 -10.6912
19.1176 -10.4706
19 -10.25
18.8824 -10.0294
18.7647 -9.80882
18.6471 -9.58823
18.5294 -9.36764
18.4118 -9.14705
18.2941 -8.92646
18.1765 -8.70587
18.0588 -8.48528
17.9412 -8.26469
17.8235 -8.04411
17.7059 -7.82352
17.5882 -7.60293
17.4706 -7.38234
17.3529 -7.16175
17.2353 -6.94116
17.1176 -6.72058
17 -6.49999
16.8823 -6.2794
16.7647 -6.05881
16.6471 -5.83822
16.5294 -5.61764
16.4118 -5.39705
16.2941 -5.17646
16.1765 -4.95587
16.0588 -4.73528
15.9412 -4.51469
15.8235 -4.29411
15.7059 -4.07352
15.5882 -3.85293
15.4706 -3.63234
15.3529 -3.41175
15.2353 -3.19116
15.1176 -2.97058
15 -2.74999
14.8823 -2.5294
14.7647 -2.30881
14.6471 -2.08822
14.5294 -1.86764
14.4118 -1.64705
14.2941 -1.42646
14.1765 -1.20587
14.0588 -0.985283
13.9412 -0.764695
13.8235 -0.544106
13.7059 -0.323518
13.5882 -0.10293
13.4706 0.117658
13.3529 0.338247
13.2353 0.558835
13.1176 0.779423
13 1.00001
12.8823 1.2206
12.7647 1.44119
12.6471 1.66178
12.5294 1.88236
12.4118 2.10295
12.2941 2.32354
12.1765 2.54413
12.0588 2.76472
11.9412 2.98531
11.8235 3.20589
11.7059 3.42648
11.5882 3.64707
11.4706 3.86766
11.3529 4.08825
11.2353 4.30883
11.1176 4.52942
11 4.75001
10.8823 4.9706
10.7647 5.19119
10.647 5.41178
10.5294 5.63236
10.4118 5.85295
10.2941 6.07354
10.1765 6.29413
10.0588 6.51472
9.94117 6.7353
9.82352 6.95589
9.70587 7.17648
9.58822 7.39707
9.47058 7.61766
9.35293 7.83825
9.23528 8.05883
9.11764 8.27942
8.99999 8.50001
8.88234 8.7206
8.76469 8.94119
8.64705 9.16178
8.5294 9.38237
8.41175 9.60295
8.29411 9.82354
8.17646 10.0441
8.05881 10.2647
7.94116 10.4853
7.82352 10.7059
7.70587 10.9265
7.58822 11.1471
7.47058 11.3677
7.35293 11.5883
7.23528 11.8088
7.11763 12.0294
6.99999 12.25
6.88234 12.4706
6.76469 12.6912
6.64705 12.9118
6.5294 13.1324
6.41175 13.353
6.2941 13.5736
6.17646 13.7941
6.05881 14.0147
5.94116 14.2353
5.82352 14.4559
5.70587 14.6765
5.58822 14.8971
5 16