9 -3
9.04673 -3.11138
8.96668 -3.34822
8.88662 -3.58505
8.80657 -3.82189
8.72651 -4.05872
8.64646 -4.29556
8.5664 -4.53239
8.48635 -4.76923
8.40629 -5.00606
8.32624 -5.2429
8.24618 -5.47973
8.16613 -5.71657
8.08607 -5.95341
8.00602 -6.19024
7.92596 -6.42708
7.84591 -6.66391
7.76585 -6.90075
7.68579 -7.13758
7.60574 -7.37442
7.52568 -7.61125
7.44563 -7.84809
7.36557 -8.08493
7.28552 -8.32176
7.20546 -8.5586
7.1254 -8.79543
7.04535 -9.03227
6.96529 -9.2691
6.88524 -9.50594
6.80518 -9.74277
6.72513 -9.97961
6.64507 -10.2164
6.56501 -10.4533
6.48496 -10.6901
6.4049 -10.927
6.32485 -11.1638
6.24479 -11.4006
6.16474 -11.6375
6.08468 -11.8743
6.00463 -12.1111
5.92457 -12.348
5.84452 -12.5848
5.76446 -12.8216
5.68441 -13.0585
5.60435 -13.2953
5.52429 -13.5321
5.44424 -13.769
5.36418 -14.0058
5.28413 -14.2426
5.20407 -14.4795
5.11975 -14.7102
5.03553 -14.9408
4.95143 -15.1713
4.86746 -15.4017
4.78363 -15.632
4.69993 -15.8623
4.6164 -16.0924
4.53303 -16.3224
4.44985 -16.5523
4.36686 -16.782
4.28409 -17.0116
4.20155 -17.241
4.11928 -17.4703
4.0373 -17.6993
3.95564 -17.9281
3.87435 -18.1567
3.79347 -18.385
3.71306 -18.613
3.63321 -18.8405
3.55401 -19.0676
3.47559 -19.2942
3.39813 -19.5201
3.32186 -19.7452
3.24716 -19.9692
3.1746 -20.1917
3.1746 -20.1917
3.1746 -20.1917
3.1746 -20.1917
3.1746 -20.1917
3.1746 -20.1917
3.1746 -20.1917
3.1746 -20.1917
3.1746 -20.1917
3.1746 -20.1917
3.1746 -20.1917
3.1746 -20.1917
3.1746 -20.1917
3.1746 -20.1917
3.1746 -20.1917
3.1746 -20.1917
3.1746 -20.1917
3.1746 -20.1917
3.1746 -20.1917
3.1746 -20.1917
3.1746 -20.1917
3.1746 -20.1917
3.1746 -20.1917
3.1746 -20.1917
3.1746 -20.1917
3.1746 -20.1917
3.1746 -20.1917
3.1746 -20.1917
3.1746 -20.1917
3.1746 -20.1917
3.1746 -20.1917
3.1746 -20.1917
3.1746 -20.1917
3.1746 -20.1917
3.1746 -20.1917
3.1746 -20.1917
3.1746 -20.1917
3.1746 -20.1917
3.1746 -20.1917
3.1746 -20.1917
3.1746 -20.1917
3.1746 -20.1917
3.1746 -20.1917
3.1746 -20.1917
3.1746 -20.1917
3.1746 -20.1917
3.1746 -20.1917
3.1746 -20.1917
3.1746 -20.1917
3.1746 -20.1917
3.1746 -20.1917
3.1746 -20.1917
3.1746 -20.1917
3.1746 -20.1917
3.1746 -20.1917
3.1746 -20.1917
3.1746 -20.1917
3.1746 -20.1917
3 -21