-7 -19
-7.08866 -18.7663
-7.17733 -18.5325
-7.26599 -18.2988
-7.35465 -18.065
-7.44332 -17.8313
-7.53198 -17.5975
-7.62065 -17.3638
-7.70931 -17.13
-7.79797 -16.8963
-7.88664 -16.6625
-7.9753 -16.4288
-8.06396 -16.195
-8.15263 -15.9613
-8.24129 -15.7275
-8.32995 -15.4938
-8.41862 -15.26
-8.50728 -15.0263
-8.59594 -14.7925
-8.68461 -14.5588
-8.77327 -14.325
-8.86193 -14.0913
-8.9506 -13.8575
-9.03926 -13.6238
-9.12792 -13.39
-9.21659 -13.1563
-9.30525 -12.9225
-9.39391 -12.6888
-9.48258 -12.455
-9.57124 -12.2213
-9.6599 -11.9875
-9.74857 -11.7538
-9.83723 -11.52
-9.92589 -11.2863
-10.0146 -11.0525
-10.1032 -10.8188
-10.1919 -10.585
-10.2806 -10.3513
-10.3692 -10.1175
-10.4579 -9.88377
-10.5465 -9.65002
-10.6352 -9.41628
-10.7239 -9.18253
-10.8125 -8.94878
-10.9012 -8.71503
-10.9899 -8.48128
-11.0785 -8.24753
-11.1672 -8.01378
-11.2558 -7.78003
-11.3445 -7.54628
-11.4332 -7.31253
-11.5218 -7.07878
-11.6105 -6.84503
-11.6992 -6.61128
-11.7878 -6.37753
-11.8765 -6.14378
-11.9652 -5.91003
-12.0538 -5.67628
-12.1425 -5.44254
-12.2311 -5.20879
-12.3198 -4.97504
-12.4085 -4.74129
-12.4971 -4.50754
-12.5858 -4.27379
-12.6745 -4.04004
-12.7631 -3.80629
-12.8518 -3.57254
-12.9405 -3.33879
-13.0291 -3.10504
-13.1178 -2.87129
-13.2064 -2.63754
-13.2951 -2.40379
-13.3838 -2.17004
-13.4724 -1.93629
-13.5611 -1.70255
-13.6498 -1.4688
-13.7384 -1.23505
-13.8271 -1.0013
-13.9158 -0.767548
-14.0044 -0.533798
-14.0931 -0.300049
-14.1817 -0.0662995
-14.2704 0.16745
-14.3591 0.401199
-14.4477 0.634949
-14.5364 0.868698
-14.6251 1.10245
-14.7137 1.3362
-14.8024 1.56995
-14.8911 1.8037
-14.9797 2.03744
-15.0684 2.27119
-15.157 2.50494
-15.2457 2.73869
-15.3344 2.97244
-15.423 3.20619
-15.5117 3.43994
-15.6004 3.67369
-15.689 3.90744
-15.7777 4.14119
-15.8664 4.37494
-15.955 4.60869
-16.0437 4.84244
-16.1323 5.07619
-16.221 5.30994
-16.3097 5.54369
-16.3983 5.77743
-16.487 6.01118
-16.5757 6.24493
-16.6643 6.47868
-16.753 6.71243
-16.8417 6.94618
-16.9303 7.17993
-17.019 7.41368
-17.1076 7.64743
-17.1963 7.88118
-17.285 8.11493
-17.3736 8.34868
-17.4623 8.58243
-17.551 8.81618
-17.6396 9.04993
-17.7283 9.28368
-17.7309 9.28923
-17.7309 9.28923
-17.7309 9.28923
-17.7309 9.28923
-17.7309 9.28923
-17.7309 9.28923
-17.7309 9.28923
-17.7309 9.28923
-17.7309 9.28923
-17.7309 9.28923
-17.7309 9.28923
-17.7309 9.28923
-17.7309 9.28923
-17.7309 9.28923
-17.7309 9.28923
-17.7309 9.28923
-17.7309 9.28923
-17.7309 9.28923
-17.7309 9.28923
-17.7309 9.28923
-17.7309 9.28923
-17.7309 9.28923
-17.7309 9.28923
-17.7309 9.28923
-17.7309 9.28923
-17.7309 9.28923
-17.7309 9.28923
-17.7309 9.28923
-17.7309 9.28923
-17.7309 9.28923
-17.7309 9.28923
-17.7309 9.28923
-17.7309 9.28923
-17.7309 9.28923
-17.7309 9.28923
-17.7309 9.28923
-18 10