-2 10
-2.12403 9.78294
-2.24807 9.56588
-2.3721 9.34882
-2.49614 9.13176
-2.62017 8.91469
-2.74421 8.69763
-2.86824 8.48057
-2.99228 8.26351
-3.11631 8.04645
-3.24035 7.82939
-3.36438 7.61233
-3.48842 7.39527
-3.61245 7.17821
-3.73649 6.96115
-3.86052 6.74409
-3.98455 6.52703
-4.10859 6.30997
-4.23262 6.09291
-4.35666 5.87584
-4.48069 5.65878
-4.60473 5.44172
-4.72876 5.22466
-4.8528 5.0076
-4.97683 4.79054
-5.10087 4.57348
-5.2249 4.35642
-5.34894 4.13936
-5.47297 3.9223
-5.59701 3.70524
-5.72104 3.48818
-5.84508 3.27112
-5.96911 3.05406
-6.09315 2.837
-6.21718 2.61993
-6.34122 2.40287
-6.46525 2.18581
-6.58929 1.96875
-6.71332 1.75169
-6.83736 1.53463
-6.96139 1.31757
-7.08543 1.10051
-7.20946 0.883448
-7.3335 0.666387
-7.45753 0.449326
-7.58157 0.232265
-7.7056 0.0152047
-7.82964 -0.201856
-7.95367 -0.418917
-8.07771 -0.635978
-8.20174 -0.853039
-8.32578 -1.0701
-8.44981 -1.28716
-8.57384 -1.50422
-8.69788 -1.72128
-8.82191 -1.93834
-8.94595 -2.1554
-9.06998 -2.37246
-9.19402 -2.58952
-9.31805 -2.80659
-9.44209 -3.02365
-9.56612 -3.24071
-9.69016 -3.45777
-9.81419 -3.67483
-9.93823 -3.89189
-10.0623 -4.10895
-10.1863 -4.32601
-10.3103 -4.54307
-10.4344 -4.76013
-10.5584 -4.97719
-10.6824 -5.19426
-10.8065 -5.41132
-10.9305 -5.62838
-11.0545 -5.84544
-11.1786 -6.0625
-11.3026 -6.27956
-11.4266 -6.49662
-11.5507 -6.71368
-11.6747 -6.93074
-11.7988 -7.14781
-11.9228 -7.36487
-12.0468 -7.58193
-12.1709 -7.79899
-12.2949 -8.01605
-12.4189 -8.23311
-12.543 -8.45017
-12.667 -8.66723
-12.791 -8.88429
-12.9151 -9.10135
-13.0391 -9.31842
-13.1631 -9.53548
-13.2872 -9.75254
-13.4112 -9.9696
-13.5352 -10.1867
-13.6593 -10.4037
-13.7833 -10.6208
-13.9073 -10.8378
-14.0314 -11.0549
-14.1554 -11.272
-14.2794 -11.489
-14.4035 -11.7061
-14.5275 -11.9231
-14.6516 -12.1402
-14.7756 -12.3573
-14.8996 -12.5743
-15.0237 -12.7914
-15.1477 -13.0085
-15.2717 -13.2255
-15.3958 -13.4426
-15.5198 -13.6596
-15.6438 -13.8767
-15.7679 -14.0938
-15.8919 -14.3108
-16.0159 -14.5279
-16.14 -14.7449
-16.264 -14.962
-16.388 -15.1791
-16.5121 -15.3961
-16.6361 -15.6132
-16.7601 -15.8302
-16.8842 -16.0473
-17.0082 -16.2644
-17.1323 -16.4814
-17.2563 -16.6985
-17.3803 -16.9155
-17.5044 -17.1326
-17.6284 -17.3497
-17.7524 -17.5667
-17.8765 -17.7838
-18.0005 -18.0008
-18.1245 -18.2179
-18.2486 -18.435
-18.3726 -18.652
-18.4966 -18.8691
-18.6207 -19.0861
-18.7447 -19.3032
-18.8687 -19.5203
-18.9928 -19.7373
-19.1168 -19.9544
-19.2408 -20.1715
-19.3649 -20.3885
-19.4889 -20.6056
-19.6129 -20.8226
-19.737 -21.0397
-19.861 -21.2568
-19.9851 -21.4738
-20.1091 -21.6909
-20.2331 -21.9079
-20.3572 -22.125
-20.4812 -22.3421
-20.6052 -22.5591
-20.7293 -22.7762
-20.8533 -22.9933
-20.9773 -23.2103
-21.1014 -23.4274
-21.2254 -23.6444
-21.3494 -23.8615
-21.4735 -24.0786
-22 -25