-21 -9
-20.8232 -8.82322
-20.6464 -8.64645
-20.4697 -8.46967
-20.2929 -8.29289
-20.1161 -8.11612
-19.9393 -7.93934
-19.7626 -7.76256
-19.5858 -7.58578
-19.409 -7.40901
-19.2322 -7.23223
-19.0555 -7.05545
-18.8787 -6.87868
-18.7019 -6.7019
-18.5251 -6.52512
-18.3483 -6.34835
-18.1716 -6.17157
-17.9948 -5.99479
-17.818 -5.81802
-17.6412 -5.64124
-17.4645 -5.46446
-17.2877 -5.28769
-17.1109 -5.11091
-16.9341 -4.93413
-16.7574 -4.75735
-16.5806 -4.58058
-16.4038 -4.4038
-16.227 -4.22702
-16.0502 -4.05025
-15.8735 -3.87347
-15.6967 -3.69669
-15.5199 -3.51992
-15.3431 -3.34314
-15.1664 -3.16636
-14.9896 -2.98959
-14.8128 -2.81281
-14.636 -2.63603
-14.4593 -2.45926
-14.2825 -2.28248
-14.1057 -2.1057
-13.9289 -1.92893
-13.7521 -1.75215
-13.5754 -1.57537
-13.4495 -1.48787
-13.3621 -1.42872
-13.295 -1.38386
-13.2383 -1.34628
-13.187 -1.31245
-13.1386 -1.28056
-13.0917 -1.24966
-13.0455 -1.21929
-12.9997 -1.18918
-12.9541 -1.15922
-12.9086 -1.12933
-12.8632 -1.09948
-12.8178 -1.06965
-12.7724 -1.03984
-12.7271 -1.01002
-12.6817 -0.980214
-12.6363 -0.950405
-12.591 -0.920598
-12.5456 -0.890792
-12.5003 -0.860985
-12.4549 -0.831179
-12.4096 -0.801373
-12.3642 -0.771566
-12.3188 -0.74176
-12.2735 -0.711954
-12.2281 -0.682148
-12.1828 -0.652341
-12.1374 -0.622535
-12.0921 -0.592729
-12.0467 -0.562923
-12.0221 -0.501587
-11.9918 -0.448837
-11.9575 -0.402106
-11.9184 -0.37178
-11.8848 -0.413719
-11.8893 -0.50305
-11.9504 -0.618082
-12.0748 -0.734684
-12.0748 -0.734684
-12.0748 -0.734684
-12.0748 -0.734684
-12.0748 -0.734684
-12.0748 -0.734684
-12.0748 -0.734684
-12.0748 -0.734684
-12.0748 -0.734684
-12.0748 -0.734684
-12.0748 -0.734684
-12.0748 -0.734684
-12.0748 -0.734684
-12.0748 -0.734684
-12.0748 -0.734684
-12.0748 -0.734684
-12.0748 -0.734684
-12.0748 -0.734684
-12.0748 -0.734684
-12.0748 -0.734684
-12.0748 -0.734684
-12.0748 -0.734684
-12.0748 -0.734684
-12.0748 -0.734684
-12.0748 -0.734684
-12.0748 -0.734684
-12.0748 -0.734684
-12.0748 -0.734684
-12.0748 -0.734684
-12.0748 -0.734684
-12.0748 -0.734684
-12.0748 -0.734684
-12.0748 -0.734684
-12.0748 -0.734684
-12.0748 -0.734684
-12.0748 -0.734684
-12.0748 -0.734684
-12.0748 -0.734684
-12.0748 -0.734684
-12.0748 -0.734684
-12.0748 -0.734684
-12.0748 -0.734684
-12.0748 -0.734684
-12.0748 -0.734684
-12.0748 -0.734684
-12.0748 -0.734684
-12.0748 -0.734684
-12.0748 -0.734684
-12.0748 -0.734684
-12.0748 -0.734684
-12.0748 -0.734684
-12.0748 -0.734684
-12.0748 -0.734684
-12.0748 -0.734684
-12.0748 -0.734684
-12.0748 -0.734684
-12.0748 -0.734684
-12.0748 -0.734684
-12.0748 -0.734684
-12.0748 -0.734684
-12.0748 -0.734684
-12.0748 -0.734684
-12.0748 -0.734684
-12.0748 -0.734684
-12.0748 -0.734684
-12.0748 -0.734684
-12.0748 -0.734684
-12.0748 -0.734684
-12.0748 -0.734684
-12.0748 -0.734684
-12.0748 -0.734684
-12.0748 -0.734684
-12.0748 -0.734684
-12.0748 -0.734684
-12.0748 -0.734684
-12.0748 -0.734684
-12.0748 -0.734684
-12.0748 -0.734684
-13 -1