21 23
20.8304 22.8163
20.6609 22.6326
20.4913 22.4489
20.3217 22.2652
20.1521 22.0815
19.9826 21.8978
19.813 21.7141
19.6434 21.5304
19.4739 21.3467
19.3043 21.163
19.1347 20.9793
18.9652 20.7956
18.7956 20.6119
18.626 20.4282
18.4564 20.2445
18.2869 20.0608
18.1173 19.8771
17.9477 19.6934
17.7782 19.5097
17.6086 19.326
17.439 19.1423
17.2695 18.9586
17.0999 18.7749
16.9303 18.5912
16.7608 18.4075
16.5912 18.2238
16.4216 18.0401
16.252 17.8564
16.0825 17.6727
15.9129 17.489
15.7433 17.3053
15.5738 17.1216
15.4042 16.9379
15.2346 16.7542
15.0651 16.5705
14.8955 16.3868
14.7259 16.2031
14.5563 16.0194
14.3868 15.8357
14.2172 15.652
14.0476 15.4683
13.8781 15.2846
13.7085 15.1009
13.5389 14.9172
13.3694 14.7335
13.1998 14.5498
13.0302 14.3661
12.8606 14.1824
12.6911 13.9987
12.5215 13.815
12.3519 13.6313
12.1824 13.4476
12.0128 13.2639
11.8432 13.0802
11.6737 12.8965
11.5041 12.7128
11.3345 12.5291
11.1649 12.3454
10.9954 12.1617
10.8258 11.978
10.6562 11.7943
10.4867 11.6106
10.3171 11.4269
10.1475 11.2432
9.97795 11.0595
9.80838 10.8757
9.63881 10.692
9.63881 10.692
9.63881 10.692
9.63881 10.692
9.63881 10.692
9.63881 10.692
9.63881 10.692
9.63881 10.692
9.63881 10.692
9.63881 10.692
9.63881 10.692
9.63881 10.692
9.63881 10.692
9.63881 10.692
9.63881 10.692
9.63881 10.692
9.63881 10.692
9.63881 10.692
9.63881 10.692
9.63881 10.692
9.63881 10.692
9.63881 10.692
9.63881 10.692
9.63881 10.692
9.63881 10.692
9.63881 10.692
9.63881 10.692
9.63881 10.692
9.63881 10.692
9.63881 10.692
9.63881 10.692
9.63881 10.692
9.63881 10.692
9.63881 10.692
9.63881 10.692
9.63881 10.692
9.63881 10.692
9.63881 10.692
9.63881 10.692
9.63881 10.692
9.63881 10.692
9.63881 10.692
9.63881 10.692
9.63881 10.692
9.63881 10.692
9.63881 10.692
9.63881 10.692
9.63881 10.692
9.63881 10.692
9.63881 10.692
9.63881 10.692
9.63881 10.692
9.63881 10.692
9.63881 10.692
9.63881 10.692
9.63881 10.692
9.63881 10.692
9.63881 10.692
9.63881 10.692
9.63881 10.692
9.63881 10.692
9.63881 10.692
9.63881 10.692
9.63881 10.692
9.63881 10.692
9.63881 10.692
9.63881 10.692
9.63881 10.692
9.63881 10.692
9.63881 10.692
9.63881 10.692
9.63881 10.692
9.63881 10.692
9.63881 10.692
9.63881 10.692
9.63881 10.692
9.63881 10.692
9.63881 10.692
9.63881 10.692
9.63881 10.692
9.63881 10.692
9.63881 10.692
9.63881 10.692
9.63881 10.692
9.63881 10.692
9.63881 10.692
9.63881 10.692
9.63881 10.692
9.63881 10.692
9.63881 10.692
9.63881 10.692
9 10