24 6
23.7502 6.00892
23.5003 6.01785
23.2505 6.02677
23.0006 6.03569
22.7508 6.04462
22.501 6.05354
22.2511 6.06246
22.0013 6.07138
21.7514 6.08031
21.5016 6.08923
21.2518 6.09815
21.0019 6.10708
20.7521 6.116
20.5022 6.12492
20.2524 6.13385
20.0026 6.14277
19.7527 6.15169
19.5029 6.16061
19.253 6.16954
19.0032 6.17846
18.7534 6.18738
18.5035 6.19631
18.2537 6.20523
18.0038 6.21415
17.754 6.22308
17.5042 6.232
17.2543 6.24092
17.0045 6.24985
16.7546 6.25877
16.5048 6.26769
16.255 6.27661
16.0051 6.28554
15.7553 6.29446
15.5054 6.30338
15.2556 6.3123
15.0058 6.32123
14.7559 6.33015
14.5061 6.33907
14.2562 6.348
14.0064 6.35692
13.7566 6.36584
13.5067 6.37476
13.2569 6.38369
13.007 6.39261
12.7572 6.40153
12.5074 6.41046
12.2575 6.41938
12.0077 6.4283
11.7578 6.43722
11.508 6.44615
11.2582 6.45507
11.0083 6.46399
10.7585 6.47292
10.5086 6.48184
10.2588 6.49076
10.0089 6.49968
9.75911 6.50861
9.50927 6.51753
9.25943 6.52645
9.00959 6.53538
8.75975 6.5443
8.5099 6.55322
8.26006 6.56214
8.01022 6.57107
7.76038 6.57999
7.51054 6.58891
7.2607 6.59784
7.01086 6.60676
6.76102 6.61568
6.51118 6.6246
6.26134 6.63353
6.0115 6.64245
5.76166 6.65137
5.51182 6.6603
5.26198 6.66922
5.01213 6.67814
4.76229 6.68706
4.51245 6.69599
4.26261 6.70491
4.01277 6.71383
3.76293 6.72275
3.51309 6.73168
3.26325 6.7406
3.01341 6.74952
2.76357 6.75845
2.51373 6.76737
2.26389 6.77629
2.01405 6.78521
1.7642 6.79414
1.51436 6.80306
1.26452 6.81198
1.01468 6.82091
0.764842 6.82983
0.515001 6.83875
0.265161 6.84767
0.0153199 6.8566
-0.234521 6.86552
-0.484362 6.87444
-0.734202 6.88337
-0.984043 6.89229
-1.23388 6.90121
-1.48372 6.91013
-1.73357 6.91906
-1.98341 6.92798
-2.23325 6.9369
-2.48309 6.94583
-2.73293 6.95475
-2.98277 6.96367
-3.23261 6.97259
-3.23261 6.97259
-3.23261 6.97259
-3.23261 6.97259
-3.23261 6.97259
-3.23261 6.97259
-3.23261 6.97259
-3.23261 6.97259
-3.23261 6.97259
-3.23261 6.97259
-3.23261 6.97259
-3.23261 6.97259
-3.23261 6.97259
-3.23261 6.97259
-3.23261 6.97259
-3.23261 6.97259
-3.23261 6.97259
-3.23261 6.97259
-3.23261 6.97259
-3.23261 6.97259
-3.23261 6.97259
-3.23261 6.97259
-3.23261 6.97259
-3.23261 6.97259
-3.23261 6.97259
-3.23261 6.97259
-3.23261 6.97259
-3.23261 6.97259
-3.23261 6.97259
-3.23261 6.97259
-3.23261 6.97259
-3.23261 6.97259
-3.23261 6.97259
-3.23261 6.97259
-3.23261 6.97259
-3.23261 6.97259
-3.23261 6.97259
-3.23261 6.97259
-3.23261 6.97259
-3.23261 6.97259
-3.23261 6.97259
-3.23261 6.97259
-3.23261 6.97259
-3.23261 6.97259
-3.23261 6.97259
-3.23261 6.97259
-3.23261 6.97259
-3.23261 6.97259
-3.23261 6.97259
-4 7