24 -7
23.7549 -6.95097
23.5097 -6.90194
23.2646 -6.85291
23.0194 -6.80388
22.7743 -6.75486
22.5291 -6.70583
22.284 -6.6568
22.0388 -6.60777
21.7937 -6.55874
21.5485 -6.50971
21.3034 -6.46068
21.0583 -6.41165
20.8131 -6.36262
20.568 -6.31359
20.3228 -6.26456
20.0777 -6.21554
19.8325 -6.16651
19.5874 -6.11748
19.3422 -6.06845
19.0971 -6.01942
18.8519 -5.97039
18.6068 -5.92136
18.3616 -5.87233
18.1165 -5.8233
17.8714 -5.77427
17.6262 -5.72524
17.3811 -5.67621
17.1359 -5.62718
16.8908 -5.57816
16.6456 -5.52913
16.4005 -5.4801
16.1553 -5.43107
15.9102 -5.38204
15.665 -5.33301
15.4199 -5.28398
15.1748 -5.23495
14.9296 -5.18592
14.9296 -5.18592
14.9296 -5.18592
14.9296 -5.18592
14.9296 -5.18592
14.9296 -5.18592
14.9296 -5.18592
14.9296 -5.18592
14.9296 -5.18592
14.9296 -5.18592
14.9296 -5.18592
14.9296 -5.18592
14.9296 -5.18592
14.9296 -5.18592
14.9296 -5.18592
14.9296 -5.18592
14.9296 -5.18592
14.9296 -5.18592
14.9296 -5.18592
14.9296 -5.18592
14.9296 -5.18592
14.9296 -5.18592
14.9296 -5.18592
14.9296 -5.18592
14.9296 -5.18592
14.9296 -5.18592
14.9296 -5.18592
14.9296 -5.18592
14.9296 -5.18592
14.9296 -5.18592
14.9296 -5.18592
14.9296 -5.18592
14.9296 -5.18592
14.9296 -5.18592
14.9296 -5.18592
14.9296 -5.18592
14.9296 -5.18592
14.9296 -5.18592
14.9296 -5.18592
14.9296 -5.18592
14.9296 -5.18592
14.9296 -5.18592
14.9296 -5.18592
14.9296 -5.18592
14.9296 -5.18592
14.9296 -5.18592
14.9296 -5.18592
14.9296 -5.18592
14.9296 -5.18592
14.9296 -5.18592
14.9296 -5.18592
14.9296 -5.18592
14.9296 -5.18592
14.9296 -5.18592
14.9296 -5.18592
14.9296 -5.18592
14.9296 -5.18592
14.9296 -5.18592
14.9296 -5.18592
14.9296 -5.18592
14.9296 -5.18592
14.9296 -5.18592
14.9296 -5.18592
14.9296 -5.18592
14.9296 -5.18592
14.9296 -5.18592
14.9296 -5.18592
14.9296 -5.18592
14.9296 -5.18592
14.9296 -5.18592
14.9296 -5.18592
14.9296 -5.18592
14.9296 -5.18592
14.9296 -5.18592
14.9296 -5.18592
14.9296 -5.18592
14.9296 -5.18592
14.9296 -5.18592
14.9296 -5.18592
14.9296 -5.18592
14.9296 -5.18592
14.9296 -5.18592
14.9296 -5.18592
14.9296 -5.18592
14.9296 -5.18592
14.9296 -5.18592
14.9296 -5.18592
14.9296 -5.18592
14.9296 -5.18592
14.9296 -5.18592
14.9296 -5.18592
14.9296 -5.18592
14.9296 -5.18592
14.9296 -5.18592
14.9296 -5.18592
14.9296 -5.18592
14.9296 -5.18592
14.9296 -5.18592
14.9296 -5.18592
14.9296 -5.18592
14.9296 -5.18592
14.9296 -5.18592
14.9296 -5.18592
14.9296 -5.18592
14.9296 -5.18592
14.9296 -5.18592
14.9296 -5.18592
14.9296 -5.18592
14.9296 -5.18592
14.9296 -5.18592
14.9296 -5.18592
14.9296 -5.18592
14.9296 -5.18592
14.9296 -5.18592
14.9296 -5.18592
14.9296 -5.18592
14.9296 -5.18592
14.9296 -5.18592
14.9296 -5.18592
14.9296 -5.18592
14.9296 -5.18592
14.9296 -5.18592
14.9296 -5.18592
14.9296 -5.18592
14.9296 -5.18592
14.9296 -5.18592
14.9296 -5.18592
14.9296 -5.18592
14.9296 -5.18592
14.9296 -5.18592
14.9296 -5.18592
14.9296 -5.18592
14.9296 -5.18592
14.9296 -5.18592
14.9296 -5.18592
14.9296 -5.18592
14.9296 -5.18592
14.9296 -5.18592
14.9296 -5.18592
14.9296 -5.18592
14.9296 -5.18592
14.9296 -5.18592
14.9296 -5.18592
14 -5