-8 -12
-7.75055 -12.0166
-7.50111 -12.0333
-7.25166 -12.0499
-7.00221 -12.0665
-6.75277 -12.0832
-6.50332 -12.0998
-6.25388 -12.1164
-6.00443 -12.133
-5.75498 -12.1497
-5.50554 -12.1663
-5.25609 -12.1829
-5.00664 -12.1996
-4.7572 -12.2162
-4.50775 -12.2328
-4.2583 -12.2495
-4.00886 -12.2661
-3.75941 -12.2827
-3.50996 -12.2993
-3.26052 -12.316
-3.01107 -12.3326
-2.76163 -12.3492
-2.51218 -12.3659
-2.26273 -12.3825
-2.01329 -12.3991
-1.76384 -12.4157
-1.51439 -12.4324
-1.26495 -12.449
-1.0155 -12.4656
-0.766055 -12.4823
-0.516609 -12.4989
-0.267163 -12.5155
-0.0177164 -12.5322
0.23173 -12.5488
0.481176 -12.5654
0.730622 -12.582
0.980069 -12.5987
1.22952 -12.6153
1.47896 -12.6319
1.72841 -12.6486
1.97785 -12.6652
2.2273 -12.6818
2.47675 -12.6985
2.72619 -12.7151
2.97564 -12.7317
3.22509 -12.7483
3.47453 -12.765
3.72398 -12.7816
3.97342 -12.7982
4.22287 -12.8149
4.47232 -12.8315
4.72176 -12.8481
4.97121 -12.8648
5.22066 -12.8814
5.4701 -12.898
5.71955 -12.9146
5.969 -12.9313
6.21844 -12.9479
6.46789 -12.9645
6.71734 -12.9812
6.96678 -12.9978
7.21623 -13.0144
7.46567 -13.031
7.71512 -13.0477
7.96457 -13.0643
8.21401 -13.0809
8.46346 -13.0976
8.7129 -13.1142
8.96235 -13.1308
9.2118 -13.1475
9.46124 -13.1641
9.71069 -13.1807
9.96013 -13.1973
10.2096 -13.214
10.459 -13.2306
10.7085 -13.2472
10.9579 -13.2639
11.2074 -13.2805
11.4568 -13.2971
11.7063 -13.3138
11.9557 -13.3304
12.2051 -13.347
12.4546 -13.3636
12.704 -13.3803
12.9535 -13.3969
13.2029 -13.4135
13.4524 -13.4302
13.7018 -13.4468
13.9513 -13.4634
14.2007 -13.48
14.4502 -13.4967
14.6996 -13.5133
14.9491 -13.5299
15.1985 -13.5466
15.4479 -13.5632
15.6974 -13.5798
15.9468 -13.5965
16.1963 -13.6131
16.4457 -13.6297
16.6952 -13.6463
16.9446 -13.663
17.1941 -13.6796
17.4435 -13.6962
17.693 -13.7129
17.9424 -13.7295
18.1919 -13.7461
18.4413 -13.7628
18.6908 -13.7794
18.9402 -13.796
19.1896 -13.8126
19.4391 -13.8293
19.6885 -13.8459
19.938 -13.8625
20.1874 -13.8792
20.4369 -13.8958
20.6863 -13.9124
20.9358 -13.9291
21.1852 -13.9457
21.1977 -13.9529
21.1977 -13.9529
21.1977 -13.9529
21.1977 -13.9529
21.1977 -13.9529
21.1977 -13.9529
21.1977 -13.9529
21.1977 -13.9529
21.1977 -13.9529
21.1977 -13.9529
21.1977 -13.9529
21.1977 -13.9529
21.1977 -13.9529
21.1977 -13.9529
21.1977 -13.9529
21.1977 -13.9529
21.1977 -13.9529
21.1977 -13.9529
21.1977 -13.9529
21.1977 -13.9529
21.1977 -13.9529
21.1977 -13.9529
21.1977 -13.9529
21.1977 -13.9529
21.1977 -13.9529
21.1977 -13.9529
21.1977 -13.9529
21.1977 -13.9529
21.1977 -13.9529
21.1977 -13.9529
21.1977 -13.9529
21.1977 -13.9529
21.1977 -13.9529
21.1977 -13.9529
21.1977 -13.9529
21.1977 -13.9529
21.1977 -13.9529
21.1977 -13.9529
21.1977 -13.9529
21.1977 -13.9529
21.1977 -13.9529
21.1977 -13.9529
21.1977 -13.9529
21.1977 -13.9529
21.1977 -13.9529
21.1977 -13.9529
21.1977 -13.9529
21.1977 -13.9529
21.1977 -13.9529
21.1977 -13.9529
21.1977 -13.9529
21.1977 -13.9529
21.1977 -13.9529
21.1977 -13.9529
21.1977 -13.9529
21.1977 -13.9529
21.1977 -13.9529
21.1977 -13.9529
21.1977 -13.9529
21.1977 -13.9529
21.1977 -13.9529
21.1977 -13.9529
22 -14