-9 24
-8.93701 23.893
-8.73886 23.7416
-8.54027 23.5898
-8.34168 23.4379
-8.14309 23.286
-7.9445 23.1342
-7.74591 22.9823
-7.54732 22.8304
-7.34873 22.6786
-7.15015 22.5267
-6.95156 22.3748
-6.75297 22.223
-6.55438 22.0711
-6.35579 21.9193
-6.1572 21.7674
-5.95861 21.6155
-5.76002 21.4637
-5.56143 21.3118
-5.36285 21.1599
-5.16426 21.0081
-4.96567 20.8562
-4.76708 20.7044
-4.56849 20.5525
-4.3699 20.4006
-4.17131 20.2488
-3.97272 20.0969
-3.77413 19.945
-3.57555 19.7932
-3.37696 19.6413
-3.17837 19.4894
-2.97978 19.3376
-2.78119 19.1857
-2.5826 19.0339
-2.38401 18.882
-2.18542 18.7301
-1.98683 18.5783
-1.78824 18.4264
-1.58965 18.2745
-1.39107 18.1227
-1.19248 17.9708
-0.993887 17.819
-0.795298 17.6671
-0.596709 17.5152
-0.39812 17.3634
-0.199531 17.2115
-0.000942111 17.0596
0.197647 16.9078
0.396236 16.7559
0.594825 16.604
0.793414 16.4522
0.992003 16.3003
1.19059 16.1485
1.38918 15.9966
1.58777 15.8447
1.78636 15.6929
1.98495 15.541
2.18354 15.3891
2.38213 15.2373
2.58072 15.0854
2.7793 14.9336
2.97789 14.7817
3.17648 14.6298
3.37507 14.478
3.57366 14.3261
3.77225 14.1742
3.97084 14.0224
4.16943 13.8705
4.36802 13.7187
4.56661 13.5668
4.76519 13.4149
4.96378 13.2631
5.16237 13.1112
5.36096 12.9593
5.55955 12.8075
5.75814 12.6556
5.95673 12.5037
6.15532 12.3519
6.35391 12.2
6.55249 12.0482
6.75108 11.8963
6.94967 11.7444
7.14826 11.5926
7.34685 11.4407
7.54544 11.2888
7.74403 11.137
7.94262 10.9851
8.1412 10.8333
8.33979 10.6814
8.53838 10.5295
8.73697 10.3777
8.93556 10.2258
9.13415 10.0739
9.33274 9.92207
9.53133 9.77021
9.72992 9.61835
9.92851 9.46648
10.1271 9.31462
10.3257 9.16276
10.5243 9.01089
10.7229 8.85903
10.9215 8.70717
11.12 8.55531
11.3186 8.40344
11.5172 8.25158
11.7158 8.09972
11.9144 7.94785
12.113 7.79599
12.3116 7.64413
12.5102 7.49226
12.7088 7.3404
12.9073 7.18854
13.1059 7.03667
13.3045 6.88481
13.5031 6.73295
13.7017 6.58109
13.9003 6.42922
14.0989 6.27736
14.2975 6.1255
14.4961 5.97363
14.6947 5.82177
14.8932 5.66991
15.0918 5.51804
15.2904 5.36618
15.489 5.21432
15.6876 5.06245
15.8862 4.91059
16.0848 4.75873
16.2834 4.60686
16.482 4.455
16.6805 4.30314
16.8791 4.15128
17.0777 3.99941
17.2763 3.84755
17.4749 3.69569
17.6735 3.54382
17.8721 3.39196
18.0707 3.2401
18.2693 3.08823
18.4678 2.93637
18.6664 2.78451
18.865 2.63264
19.0636 2.48078
19.2622 2.32891
19.4608 2.17705
19.6594 2.02519
19.858 1.87332
20.0566 1.72146
20.2552 1.5696
20.3046 1.57213
20.3046 1.57213
20.3046 1.57213
20.3046 1.57213
20.3046 1.57213
20.3046 1.57213
20.3046 1.57213
20.3046 1.57213
20.3046 1.57213
20.3046 1.57213
20.3046 1.57213
20.3046 1.57213
20.3046 1.57213
20.3046 1.57213
20.3046 1.57213
20.3046 1.57213
20.3046 1.57213
20.3046 1.57213
20.3046 1.57213
20.3046 1.57213
20.3046 1.57213
20.3046 1.57213
20.3046 1.57213
20.3046 1.57213
20.3046 1.57213
20.3046 1.57213
20.3046 1.57213
20.3046 1.57213
20.3046 1.57213
20.3046 1.57213
20.3046 1.57213
21 1