-15 12
-14.8427 11.8057
-14.6854 11.6114
-14.5281 11.4171
-14.3708 11.2228
-14.2135 11.0284
-14.0562 10.8341
-13.8989 10.6398
-13.7416 10.4455
-13.5843 10.2512
-13.427 10.0569
-13.2697 9.86258
-13.1124 9.66827
-12.9551 9.47396
-12.7978 9.27964
-12.6405 9.08533
-12.4832 8.89102
-12.3259 8.69671
-12.1686 8.5024
-12.0113 8.30809
-11.854 8.11378
-11.6967 7.91947
-11.5394 7.72515
-11.3821 7.53084
-11.2248 7.33653
-11.0675 7.14222
-10.9102 6.94791
-10.7529 6.7536
-10.5956 6.55929
-10.4383 6.36498
-10.281 6.17067
-10.1237 5.97635
-9.96641 5.78204
-9.80911 5.58773
-9.65181 5.39342
-9.49451 5.19911
-9.33721 5.0048
-9.17991 4.81049
-9.02261 4.61618
-8.86531 4.42187
-8.70802 4.22755
-8.55072 4.03324
-8.39342 3.83893
-8.23612 3.64462
-8.07882 3.45031
-7.92152 3.256
-7.76422 3.06169
-7.60692 2.86738
-7.44962 2.67307
-7.29232 2.47875
-7.13502 2.28444
-6.97772 2.09013
-6.82042 1.89582
-6.66312 1.70151
-6.50582 1.5072
-6.34852 1.31289
-6.19123 1.11858
-6.03393 0.924264
-5.87663 0.729953
-5.71933 0.535642
-5.56203 0.34133
-5.40473 0.147019
-5.24743 -0.0472921
-5.09013 -0.241603
-4.93283 -0.435915
-4.77553 -0.630226
-4.61823 -0.824537
-4.46093 -1.01885
-4.30363 -1.21316
-4.14633 -1.40747
-3.98903 -1.60178
-3.83173 -1.79609
-3.67443 -1.9904
-3.51713 -2.18472
-3.35983 -2.37903
-3.20253 -2.57334
-3.04523 -2.76765
-2.88794 -2.96196
-2.73064 -3.15627
-2.57334 -3.35058
-2.41604 -3.54489
-2.25874 -3.7392
-2.10144 -3.93352
-1.94414 -4.12783
-1.78684 -4.32214
-1.62954 -4.51645
-1.47224 -4.71076
-1.31494 -4.90507
-1.15764 -5.09938
-1.00034 -5.29369
-0.843041 -5.48801
-0.685742 -5.68232
-0.528442 -5.87663
-0.371143 -6.07094
-0.213843 -6.26525
-0.056544 -6.45956
0.100755 -6.65387
0.258055 -6.84818
0.415354 -7.04249
0.572649 -7.23698
0.729979 -7.43211
0.88745 -7.62776
1.04516 -7.82383
1.2032 -8.02018
1.36164 -8.21667
1.52052 -8.41313
1.6141 -8.63693
1.54908 -8.74425
1.54908 -8.74425
1.54908 -8.74425
1.54908 -8.74425
1.54908 -8.74425
1.54908 -8.74425
1.54908 -8.74425
1.54908 -8.74425
1.54908 -8.74425
1.54908 -8.74425
1.54908 -8.74425
1.54908 -8.74425
1.54908 -8.74425
1.54908 -8.74425
1.54908 -8.74425
1.54908 -8.74425
1.54908 -8.74425
1.54908 -8.74425
1.54908 -8.74425
1.54908 -8.74425
1.54908 -8.74425
1.54908 -8.74425
1.54908 -8.74425
1.54908 -8.74425
1.54908 -8.74425
1.54908 -8.74425
1.54908 -8.74425
1.54908 -8.74425
1.54908 -8.74425
1.54908 -8.74425
1.54908 -8.74425
1.54908 -8.74425
1.54908 -8.74425
1.54908 -8.74425
1.54908 -8.74425
1.54908 -8.74425
1.54908 -8.74425
1.54908 -8.74425
1.54908 -8.74425
1.54908 -8.74425
1.54908 -8.74425
1.54908 -8.74425
1.54908 -8.74425
1.54908 -8.74425
1.54908 -8.74425
1.54908 -8.74425
1.54908 -8.74425
1.54908 -8.74425
1.54908 -8.74425
1.54908 -8.74425
1.54908 -8.74425
1.54908 -8.74425
1.54908 -8.74425
1.54908 -8.74425
1.54908 -8.74425
1.54908 -8.74425
1.54908 -8.74425
1.54908 -8.74425
1.54908 -8.74425
1.54908 -8.74425
1.54908 -8.74425
1.54908 -8.74425
1.54908 -8.74425
1.54908 -8.74425
1.54908 -8.74425
1.54908 -8.74425
1.54908 -8.74425
1.54908 -8.74425
1.54908 -8.74425
1.54908 -8.74425
1.54908 -8.74425
1.54908 -8.74425
1.54908 -8.74425
2 -9