0 21
0.049029 20.7549
0.0980581 20.5097
0.147087 20.2646
0.196116 20.0194
0.245145 19.7743
0.294174 19.5291
0.343203 19.284
0.392232 19.0388
0.441261 18.7937
0.49029 18.5485
0.539319 18.3034
0.588348 18.0583
0.637378 17.8131
0.686407 17.568
0.735436 17.3228
0.784465 17.0777
0.833494 16.8325
0.882523 16.5874
0.931552 16.3422
0.980581 16.0971
1.02961 15.8519
1.07864 15.6068
1.12767 15.3616
1.1767 15.1165
1.22573 14.8714
1.27475 14.6262
1.32378 14.3811
1.37281 14.1359
1.42184 13.8908
1.47087 13.6456
1.5199 13.4005
1.56893 13.1553
1.61796 12.9102
1.66699 12.6651
1.71602 12.4199
1.76504 12.1748
1.81407 11.9296
1.8631 11.6845
1.91213 11.4393
1.96116 11.1942
2.01019 10.949
2.05922 10.7039
2.10825 10.4588
2.15728 10.2136
2.20631 9.96846
2.25534 9.72332
2.30436 9.47817
2.35339 9.23303
2.40242 8.98788
2.45145 8.74274
2.50048 8.49759
2.54951 8.25245
2.59854 8.0073
2.64757 7.76216
2.6966 7.51701
2.74563 7.27187
2.79466 7.02672
2.84368 6.78158
2.89271 6.53643
2.94174 6.29129
2.99077 6.04614
3.0398 5.801
3.08883 5.55585
3.13786 5.31071
3.18689 5.06556
3.23592 4.82042
3.28495 4.57527
3.33398 4.33012
3.383 4.08498
3.43203 3.83983
3.48106 3.59469
3.53009 3.34954
3.57912 3.1044
3.62815 2.85925
3.67718 2.61411
3.72621 2.36896
3.77524 2.12382
3.82427 1.87867
3.8733 1.63353
3.92233 1.38838
3.97135 1.14324
4.02038 0.898092
4.06941 0.652947
4.11844 0.407802
4.16747 0.162657
4.2165 -0.0824883
4.26553 -0.327634
4.31456 -0.572779
4.36359 -0.817924
4.41261 -1.06307
4.46164 -1.30821
4.51067 -1.55336
4.5597 -1.7985
4.60873 -2.04365
4.65776 -2.28879
4.70679 -2.53394
4.75582 -2.77908
4.80485 -3.02423
4.85388 -3.2692
4.90289 -3.51353
4.9518 -3.75733
5.00058 -4.0007
5.04916 -4.24376
5.09755 -4.48662
5.14574 -4.72942
5.19381 -4.97225
5.24284 -5.21739
5.29188 -5.46254
5.34092 -5.70768
5.38996 -5.95282
5.43899 -6.19797
5.48803 -6.44311
5.53707 -6.68825
5.5861 -6.9334
5.63514 -7.17854
5.68418 -7.42368
5.73321 -7.66883
5.78225 -7.91397
5.83129 -8.15911
5.88032 -8.40426
5.92936 -8.6494
5.9784 -8.89455
6.02744 -9.13969
6.07647 -9.38483
6.12551 -9.62998
6.17455 -9.87512
6.22358 -10.1203
6.27262 -10.3654
6.32166 -10.6106
6.37069 -10.8557
6.41973 -11.1008
6.46877 -11.346
6.51781 -11.5911
6.56684 -11.8363
6.61588 -12.0814
6.66492 -12.3266
6.71395 -12.5717
6.76299 -12.8168
6.81203 -13.062
6.86106 -13.3071
6.9101 -13.5523
6.95914 -13.7974
7.00818 -14.0426
7.05721 -14.2877
7.10625 -14.5329
7.15529 -14.778
7.20432 -15.0231
7.25336 -15.2683
7.3024 -15.5134
7.35143 -15.7586
7.40047 -16.0037
7.44951 -16.2489
7.49855 -16.494
7.54758 -16.7392
7.59662 -16.9843
7.64566 -17.2294
7.69469 -17.4746
7.74373 -17.7197
7.79277 -17.9649
7.8418 -18.21
7.89084 -18.4552
7.93988 -18.7003
7.98891 -18.9454
8.03795 -19.1906
8.08699 -19.4357
8.13603 -19.6809
8.18506 -19.926
8.2341 -20.1712
8.28314 -20.4163
8.33217 -20.6615
8.38121 -20.9066
8.43025 -21.1517
8.47929 -21.3969
8.52832 -21.642
8.57736 -21.8872
8.6264 -22.1323
8.67543 -22.3775
8.72447 -22.6226
8.77351 -22.8677
9 -24