-9 -25
-8.75 -25
-8.5 -25
-8.25 -25
-8 -25
-8 -25
-8 -25
-8 -25
-8 -25
-8 -25
-8 -25
-8 -25
-8 -25
-8 -25
-8 -25
-8 -25
-8 -25
-8 -25
-8 -25
-8 -25
-8 -25
-8 -25
-8 -25
-8 -25
-8 -25
-8 -25
-8 -25
-8 -25
-8 -25
-8 -25
-8 -25
-8 -25
-8 -25
-8 -25
-8 -25
-8 -25
-8 -25
-8 -25
-8 -25
-8 -25
-8 -25
-8 -25
-8 -25
-8 -25
-8 -25
-8 -25
-8 -25
-8 -25
-8 -25
-8 -25
-8 -25
-8 -25
-8 -25
-8 -25
-8 -25
-8 -25
-8 -25
-8 -25
-8 -25
-8 -25
-8 -25
-8 -25
-8 -25
-8 -25
-8 -25
-8 -25
-8 -25
-8 -25
-8 -25
-8 -25
-8 -25
-8 -25
-8 -25
-8 -25
-8 -25
-8 -25
-8 -25
-8 -25
-8 -25
-8 -25
-8 -25
-8 -25
-8 -25
-8 -25
-8 -25
-8 -25
-8 -25
-8 -25
-8 -25
-8 -25
-8 -25
-8 -25
-8 -25
-8 -25
-8 -25
-8 -25
-8 -25
-8 -25
-8 -25
-8 -25
-8 -25
-8 -25
-8 -25
-8 -25
-8 -25
-8 -25
-8 -25
-8 -25
-8 -25
-8 -25
-8 -25
-8 -25
-8 -25
-8 -25
-8 -25
-8 -25
-8 -25
-8 -25
-8 -25
-8 -25
-8 -25
-8 -25
-7 -25