-3 -13
-2.78146 -13.1214
-2.56292 -13.2428
-2.34438 -13.3642
-2.12584 -13.4856
-1.9073 -13.6071
-1.68876 -13.7285
-1.47023 -13.8499
-1.25169 -13.9713
-1.03315 -14.0927
-0.814608 -14.2141
-0.596068 -14.3355
-0.377529 -14.4569
-0.15899 -14.5783
0.0595495 -14.6997
0.278089 -14.8212
0.496628 -14.9426
0.715167 -15.064
0.933706 -15.1854
1.15225 -15.3068
1.37078 -15.4282
1.58932 -15.5496
1.80786 -15.671
2.0264 -15.7924
2.24494 -15.9139
2.46348 -16.0353
2.68202 -16.1567
2.90056 -16.2781
3.1191 -16.3995
3.33764 -16.5209
3.55618 -16.6423
3.77472 -16.7637
3.99326 -16.8851
4.21179 -17.0065
4.43033 -17.128
4.64887 -17.2494
4.86741 -17.3708
5.08595 -17.4922
5.30449 -17.6136
5.30449 -17.6136
5.30449 -17.6136
5.30449 -17.6136
5.30449 -17.6136
5.30449 -17.6136
5.30449 -17.6136
5.30449 -17.6136
5.30449 -17.6136
5.30449 -17.6136
5.30449 -17.6136
5.30449 -17.6136
5.30449 -17.6136
5.30449 -17.6136
5.30449 -17.6136
5.30449 -17.6136
5.30449 -17.6136
5.30449 -17.6136
5.30449 -17.6136
5.30449 -17.6136
5.30449 -17.6136
5.30449 -17.6136
5.30449 -17.6136
5.30449 -17.6136
5.30449 -17.6136
5.30449 -17.6136
5.30449 -17.6136
5.30449 -17.6136
5.30449 -17.6136
5.30449 -17.6136
5.30449 -17.6136
5.30449 -17.6136
5.30449 -17.6136
5.30449 -17.6136
5.30449 -17.6136
5.30449 -17.6136
5.30449 -17.6136
5.30449 -17.6136
5.30449 -17.6136
5.30449 -17.6136
5.30449 -17.6136
5.30449 -17.6136
5.30449 -17.6136
5.30449 -17.6136
5.30449 -17.6136
5.30449 -17.6136
5.30449 -17.6136
5.30449 -17.6136
5.30449 -17.6136
5.30449 -17.6136
5.30449 -17.6136
5.30449 -17.6136
5.30449 -17.6136
5.30449 -17.6136
5.30449 -17.6136
5.30449 -17.6136
5.30449 -17.6136
5.30449 -17.6136
5.30449 -17.6136
5.30449 -17.6136
5.30449 -17.6136
5.30449 -17.6136
5.30449 -17.6136
5.30449 -17.6136
5.30449 -17.6136
5.30449 -17.6136
5.30449 -17.6136
5.30449 -17.6136
5.30449 -17.6136
5.30449 -17.6136
5.30449 -17.6136
5.30449 -17.6136
5.30449 -17.6136
5.30449 -17.6136
5.30449 -17.6136
5.30449 -17.6136
5.30449 -17.6136
5.30449 -17.6136
5.30449 -17.6136
5.30449 -17.6136
5.30449 -17.6136
5.30449 -17.6136
5.30449 -17.6136
5.30449 -17.6136
6 -18