-23 0
-22.7802 0.119071
-22.5604 0.238142
-22.3405 0.357212
-22.1207 0.476283
-21.9009 0.595354
-21.6811 0.714425
-21.4612 0.833496
-21.2414 0.952566
-21.0216 1.07164
-20.8018 1.19071
-20.5819 1.30978
-20.3621 1.42885
-20.1423 1.54792
-19.9225 1.66699
-19.7026 1.78606
-19.4828 1.90513
-19.263 2.0242
-19.0432 2.14327
-18.8233 2.26235
-18.6035 2.38142
-18.3837 2.50049
-18.1639 2.61956
-17.9441 2.73863
-17.7242 2.8577
-17.5044 2.97677
-17.2846 3.09584
-17.0648 3.21491
-16.8449 3.33398
-16.6251 3.45305
-16.4053 3.57212
-16.1855 3.6912
-15.9656 3.81027
-15.7458 3.92934
-15.526 4.04841
-15.3062 4.16748
-15.0863 4.28655
-14.8665 4.40562
-14.6467 4.52469
-14.4269 4.64376
-14.2071 4.76284
-13.9872 4.88191
-13.7674 5.00098
-13.5476 5.12005
-13.3278 5.23912
-13.1079 5.35819
-12.8881 5.47726
-12.6683 5.59633
-12.4485 5.7154
-12.2286 5.83447
-12.0088 5.95355
-11.789 6.07262
-11.5692 6.19169
-11.3494 6.31076
-11.1295 6.42983
-10.9097 6.5489
-10.6899 6.66797
-10.4701 6.78704
-10.2502 6.90611
-10.0304 7.02518
-9.8106 7.14426
-9.59077 7.26333
-9.37095 7.3824
-9.15113 7.50147
-8.93131 7.62054
-8.71148 7.73961
-8.49166 7.85868
-8.27184 7.97775
-8.05201 8.09682
-7.83219 8.21589
-7.61237 8.33496
-7.39255 8.45404
-7.17272 8.57311
-6.9529 8.69218
-6.73308 8.81125
-6.51325 8.93032
-6.29343 9.04939
-6.07361 9.16846
-5.85379 9.28753
-5.63396 9.4066
-5.41414 9.52567
-5.19432 9.64475
-4.97449 9.76382
-4.75467 9.88289
-4.53485 10.002
-4.31503 10.121
-4.0952 10.2401
-3.87538 10.3592
-3.65556 10.4782
-3.43573 10.5973
-3.21591 10.7164
-2.99609 10.8355
-2.77626 10.9545
-2.55644 11.0736
-2.33662 11.1927
-2.11679 11.3117
-1.89697 11.4308
-1.67715 11.5499
-1.45732 11.669
-1.2375 11.788
-1.01768 11.9071
-0.797856 12.0262
-0.578032 12.1452
-0.358209 12.2643
-0.138386 12.3834
0.081437 12.5024
0.30126 12.6215
0.30126 12.6215
0.30126 12.6215
0.30126 12.6215
0.30126 12.6215
0.30126 12.6215
0.30126 12.6215
0.30126 12.6215
0.30126 12.6215
0.30126 12.6215
0.30126 12.6215
0.30126 12.6215
0.30126 12.6215
0.30126 12.6215
0.30126 12.6215
0.30126 12.6215
1 13