15 10
14.8048 9.84383
14.6096 9.68765
14.4143 9.53148
14.2191 9.37531
14.0239 9.21913
13.8287 9.06296
13.6335 8.90678
13.4383 8.75061
13.243 8.59444
13.0478 8.43826
12.8526 8.28209
12.6574 8.12592
12.4622 7.96974
12.267 7.81357
12.0717 7.65739
11.8765 7.50122
11.6813 7.34505
11.4861 7.18887
11.2909 7.0327
11.0957 6.87653
10.9004 6.72035
10.7052 6.56418
10.51 6.408
10.3148 6.25183
10.1196 6.09566
9.92435 5.93948
9.72914 5.78331
9.53392 5.62714
9.3387 5.47096
9.14349 5.31479
8.94827 5.15862
8.75305 5.00244
8.55783 4.84627
8.36262 4.69009
8.1674 4.53392
7.97218 4.37775
7.77697 4.22157
7.58175 4.0654
7.38653 3.90923
7.19131 3.75305
6.9961 3.59688
6.80088 3.4407
6.60566 3.28453
6.41045 3.12836
6.21523 2.97218
6.02001 2.81601
5.82479 2.65984
5.62958 2.50366
5.43436 2.34749
5.23914 2.19131
5.04393 2.03514
4.84871 1.87897
4.65349 1.72279
4.45827 1.56662
4.26306 1.41045
4.06784 1.25427
3.87262 1.0981
3.67741 0.941925
3.48219 0.785751
3.28697 0.629577
3.09175 0.473404
2.89654 0.31723
2.70132 0.161056
2.5061 0.00488243
2.31089 -0.151291
2.11567 -0.307465
1.92045 -0.463639
1.72523 -0.619813
1.53002 -0.775986
1.3348 -0.93216
1.13958 -1.08833
0.944366 -1.24451
0.749149 -1.40068
0.553932 -1.55685
0.358714 -1.71303
0.163497 -1.8692
-0.0317201 -2.02538
-0.226937 -2.18155
-0.422155 -2.33772
-0.617372 -2.4939
-0.812589 -2.65007
-1.00781 -2.80624
-1.20302 -2.96242
-1.39824 -3.11859
-1.59346 -3.27477
-1.78867 -3.43094
-1.98389 -3.58711
-2.17911 -3.74329
-2.37433 -3.89946
-2.56954 -4.05563
-2.76476 -4.21181
-2.95998 -4.36798
-3.15519 -4.52416
-3.35041 -4.68033
-3.54563 -4.8365
-3.74085 -4.99268
-3.93606 -5.14885
-4.13128 -5.30502
-4.3265 -5.4612
-4.3265 -5.4612
-4.3265 -5.4612
-4.3265 -5.4612
-4.3265 -5.4612
-4.3265 -5.4612
-4.3265 -5.4612
-4.3265 -5.4612
-4.3265 -5.4612
-4.3265 -5.4612
-4.3265 -5.4612
-4.3265 -5.4612
-4.3265 -5.4612
-4.3265 -5.4612
-4.3265 -5.4612
-4.3265 -5.4612
-4.3265 -5.4612
-4.3265 -5.4612
-4.3265 -5.4612
-4.3265 -5.4612
-4.3265 -5.4612
-4.3265 -5.4612
-4.3265 -5.4612
-5 -6