24 17
23.7949 17.0723
23.5481 17.1118
23.3012 17.1513
23.0543 17.1908
22.8075 17.2303
22.5606 17.2698
22.3138 17.3093
22.0669 17.3488
21.82 17.3883
21.5732 17.4278
21.3263 17.4673
21.0795 17.5068
20.8326 17.5463
20.5858 17.5858
20.3389 17.6253
20.092 17.6648
19.8452 17.7043
19.5983 17.7438
19.3515 17.7833
19.1046 17.8228
18.8577 17.8623
18.6109 17.9018
18.364 17.9413
18.1172 17.9808
17.8703 18.0203
17.6234 18.0598
17.3766 18.0993
17.1297 18.1388
16.8829 18.1783
16.636 18.2178
16.3892 18.2573
16.1423 18.2968
15.8954 18.3363
15.6486 18.3758
15.4017 18.4153
15.1549 18.4548
14.908 18.4943
14.6611 18.5338
14.4143 18.5733
14.1674 18.6128
13.9206 18.6523
13.6737 18.6918
13.4268 18.7313
13.18 18.7708
12.9331 18.8103
12.6863 18.8498
12.4394 18.8893
12.1925 18.9288
11.9457 18.9683
11.6988 19.0078
11.452 19.0473
11.2051 19.0868
10.9582 19.1263
10.7114 19.1658
10.4645 19.2053
10.2177 19.2449
9.97081 19.2844
9.72395 19.3239
9.47709 19.3634
9.23023 19.4029
8.98337 19.4424
8.73651 19.4819
8.48965 19.5214
8.24279 19.5609
7.99593 19.6004
7.74907 19.6399
7.50221 19.6794
7.25535 19.7189
7.00849 19.7584
6.76163 19.7979
6.51478 19.8374
6.26792 19.8769
6.02106 19.9164
5.7742 19.9559
5.52734 19.9954
5.28048 20.0349
5.03362 20.0744
4.78676 20.1139
4.5399 20.1534
4.29304 20.1929
4.04618 20.2324
3.79932 20.2719
3.55246 20.3114
3.3056 20.3509
3.05874 20.3904
2.81188 20.4299
2.56502 20.4694
2.31816 20.5089
2.0713 20.5484
1.82444 20.5879
1.57758 20.6274
1.33073 20.6669
1.08387 20.7064
0.837006 20.7459
0.590147 20.7854
0.343287 20.8249
0.0964279 20.8644
-0.150432 20.9039
-0.397291 20.9434
-0.64415 20.9829
-0.89101 21.0224
-1.13787 21.0619
-1.38473 21.1015
-1.63159 21.141
-1.87845 21.1805
-2.12531 21.22
-2.37217 21.2595
-2.61903 21.299
-2.86589 21.3385
-3.11274 21.378
-3.3596 21.4175
-3.60646 21.457
-3.85332 21.4965
-4.10018 21.536
-4.34704 21.5755
-4.5939 21.615
-4.84076 21.6545
-5.08762 21.694
-5.33448 21.7335
-5.58134 21.773
-5.8282 21.8125
-7 22