2 -9
1.75165 -9.02866
1.5033 -9.05731
1.25494 -9.08597
1.00659 -9.11462
0.758239 -9.14328
0.509886 -9.17194
0.261534 -9.20059
0.0131819 -9.22925
-0.23517 -9.2579
-0.483523 -9.28656
-0.731875 -9.31522
-0.980227 -9.34387
-1.22858 -9.37253
-1.47693 -9.40118
-1.72528 -9.42984
-1.97364 -9.4585
-2.22199 -9.48715
-2.47034 -9.51581
-2.71869 -9.54446
-2.96705 -9.57312
-3.2154 -9.60178
-3.46375 -9.63043
-3.7121 -9.65909
-3.96045 -9.68774
-4.20881 -9.7164
-4.45716 -9.74506
-4.70551 -9.77371
-4.95386 -9.80237
-5.20221 -9.83102
-5.45057 -9.85968
-5.69892 -9.88834
-5.94727 -9.91699
-6.19562 -9.94565
-6.44397 -9.9743
-6.69233 -10.003
-6.94068 -10.0316
-7.18903 -10.0603
-7.43738 -10.0889
-7.68574 -10.1176
-7.93409 -10.1462
-8.18244 -10.1749
-8.43079 -10.2036
-8.67914 -10.2322
-8.9275 -10.2609
-9.17585 -10.2895
-9.4242 -10.3182
-9.67255 -10.3468
-9.9209 -10.3755
-10.1693 -10.4041
-10.4176 -10.4328
-10.666 -10.4615
-10.9143 -10.4901
-11.1627 -10.5188
-11.411 -10.5474
-11.6594 -10.5761
-11.9077 -10.6047
-12.1561 -10.6334
-12.4044 -10.662
-12.6528 -10.6907
-12.9011 -10.7194
-13.1495 -10.748
-13.3978 -10.7767
-13.6462 -10.8053
-13.8945 -10.834
-14.1429 -10.8626
-14.3912 -10.8913
-14.6396 -10.92
-14.8879 -10.9486
-15.1363 -10.9773
-15.3846 -11.0059
-15.633 -11.0346
-15.8814 -11.0632
-16.1297 -11.0919
-16.3781 -11.1205
-16.6264 -11.1492
-16.8748 -11.1779
-17.1231 -11.2065
-17.3715 -11.2352
-17.6198 -11.2638
-17.8682 -11.2925
-18.1165 -11.3211
-18.3649 -11.3498
-18.6132 -11.3784
-18.8616 -11.4071
-19.1099 -11.4358
-19.3583 -11.4644
-19.6066 -11.4931
-19.855 -11.5217
-20.1033 -11.5504
-20.3517 -11.579
-20.6 -11.6077
-20.8484 -11.6364
-21.0967 -11.665
-21.3451 -11.6937
-21.5935 -11.7223
-21.8418 -11.751
-22.0902 -11.7796
-22.3385 -11.8083
-22.5869 -11.8369
-22.8352 -11.8656
-23.0836 -11.8943
-23.0836 -11.8943
-23.0836 -11.8943
-23.0836 -11.8943
-23.0836 -11.8943
-23.0836 -11.8943
-23.0836 -11.8943
-23.0836 -11.8943
-23.0836 -11.8943
-23.0836 -11.8943
-23.0836 -11.8943
-23.0836 -11.8943
-23.0836 -11.8943
-23.0836 -11.8943
-23.0836 -11.8943
-23.0836 -11.8943
-23.0836 -11.8943
-23.0836 -11.8943
-23.0836 -11.8943
-23.0836 -11.8943
-23.0836 -11.8943
-23.0836 -11.8943
-23.0836 -11.8943
-23.0836 -11.8943
-23.0836 -11.8943
-23.0836 -11.8943
-23.0836 -11.8943
-23.0836 -11.8943
-23.0836 -11.8943
-23.0836 -11.8943
-23.0836 -11.8943
-23.0836 -11.8943
-23.0836 -11.8943
-23.0836 -11.8943
-23.0836 -11.8943
-23.0836 -11.8943
-23.0836 -11.8943
-23.0836 -11.8943
-23.0836 -11.8943
-23.0836 -11.8943
-23.0836 -11.8943
-23.0836 -11.8943
-23.0836 -11.8943
-23.0836 -11.8943
-23.0836 -11.8943
-23.0836 -11.8943
-23.0836 -11.8943
-23.0836 -11.8943
-23.0836 -11.8943
-23.0836 -11.8943
-23.0836 -11.8943
-23.0836 -11.8943
-23.0836 -11.8943
-23.0836 -11.8943
-23.0836 -11.8943
-23.0836 -11.8943
-23.0836 -11.8943
-23.0836 -11.8943
-23.0836 -11.8943
-23.0836 -11.8943
-23.0836 -11.8943
-23.0836 -11.8943
-23.0836 -11.8943
-23.0836 -11.8943
-23.0836 -11.8943
-23.0836 -11.8943
-23.0836 -11.8943
-23.0836 -11.8943
-23.0836 -11.8943
-23.0836 -11.8943
-23.0836 -11.8943
-23.0836 -11.8943
-23.0836 -11.8943
-23.0836 -11.8943
-23.0836 -11.8943
-24 -12