24 -3
23.7711 -2.8995
23.5422 -2.79901
23.3133 -2.69851
23.0844 -2.59801
22.8554 -2.49751
22.6265 -2.39702
22.3976 -2.29652
22.1687 -2.19602
21.9398 -2.09552
21.7109 -1.99503
21.482 -1.89453
21.2531 -1.79403
21.0242 -1.69353
20.7953 -1.59304
20.5663 -1.49254
20.3374 -1.39204
20.1085 -1.29154
19.8796 -1.19105
19.6507 -1.09055
19.4218 -0.99005
19.1929 -0.889553
18.964 -0.789055
18.7351 -0.688558
18.5061 -0.58806
18.2772 -0.487563
18.0483 -0.387065
17.8194 -0.286568
17.5905 -0.18607
17.3616 -0.085573
17.1327 0.0149245
16.9038 0.115422
16.6749 0.215919
16.446 0.316417
16.217 0.416914
15.9881 0.517412
15.7592 0.617909
15.5303 0.718407
15.3014 0.818904
15.0725 0.919402
14.8436 1.0199
14.6147 1.1204
14.3858 1.22089
14.1568 1.32139
13.9279 1.42189
13.699 1.52239
13.4701 1.62288
13.2412 1.72338
13.0123 1.82388
12.7834 1.92438
12.5545 2.02487
12.3256 2.12537
12.0966 2.22587
11.8677 2.32637
11.6388 2.42686
11.4099 2.52736
11.181 2.62786
10.9521 2.72836
10.7232 2.82885
10.4943 2.92935
10.2653 3.02985
10.0364 3.13035
9.80753 3.23084
9.57861 3.33134
9.3497 3.43184
9.12079 3.53234
8.89188 3.63283
8.66297 3.73333
8.43406 3.83383
8.20515 3.93433
7.97623 4.03482
7.74732 4.13532
7.51841 4.23582
7.2895 4.33632
7.06059 4.43681
6.83168 4.53731
6.60277 4.63781
6.37386 4.73831
6.14495 4.83881
5.91604 4.9393
5.68713 5.0398
5.45821 5.1403
5.2293 5.2408
5.00039 5.34129
4.77148 5.44179
4.54257 5.54229
4.31366 5.64279
4.08475 5.74328
3.85584 5.84378
3.62693 5.94428
3.39802 6.04478
3.16911 6.14527
2.94019 6.24577
2.71128 6.34627
2.48237 6.44677
2.25346 6.54726
2.02455 6.64776
1.79564 6.74826
1.56673 6.84876
1.33782 6.94925
1.10891 7.04975
0.879996 7.15025
0.651085 7.25075
0.422174 7.35124
0.193263 7.45174
-0.0356484 7.55224
-0.264559 7.65274
-0.49347 7.75323
-0.722381 7.85373
-0.951293 7.95423
-1.1802 8.05473
-1.40911 8.15522
-1.63803 8.25572
-1.86694 8.35622
-2.09585 8.45671
-2.32476 8.55721
-2.55367 8.65771
-2.78258 8.75821
-3.01149 8.8587
-3.2404 8.9592
-3.46931 9.0597
-3.69822 9.1602
-3.92713 9.26069
-4.15605 9.36119
-4.38496 9.46169
-4.61387 9.56218
-4.84278 9.66268
-5.07169 9.76318
-5.3006 9.86368
-5.52951 9.96417
-5.75842 10.0647
-5.98733 10.1652
-6.21624 10.2657
-6.44516 10.3662
-6.67407 10.4667
-6.90298 10.5672
-7.13189 10.6677
-7.3608 10.7682
-7.58971 10.8686
-7.81862 10.9691
-8.04753 11.0696
-8.27644 11.1701
-8.50535 11.2706
-8.73427 11.3711
-8.96318 11.4716
-9.19209 11.5721
-9.421 11.6726
-9.64991 11.7731
-9.87882 11.8736
-10.1077 11.9741
-10.3366 12.0746
-10.5656 12.1751
-10.7945 12.2756
-11.0234 12.3761
-11.2523 12.4766
-11.4812 12.5771
-11.7101 12.6776
-11.939 12.7781
-12.1679 12.8786
-12.3968 12.9791
-12.6257 13.0796
-12.8547 13.1801
-13.0836 13.2806
-13.3125 13.3811
-13.5414 13.4816
-13.7703 13.5821
-13.9992 13.6826
-14.2281 13.7831
-14.457 13.8836
-14.6859 13.9841
-14.9149 14.0846
-15.1438 14.1851
-15.3727 14.2856
-15.6016 14.3861
-15.8305 14.4866
-16.0594 14.5871
-17 15