-18 -3
-17.7764 -3.1118
-17.5528 -3.22361
-17.3292 -3.33541
-17.1056 -3.44721
-16.882 -3.55902
-16.6584 -3.67082
-16.4348 -3.78262
-16.2112 -3.89443
-15.9875 -4.00623
-15.7639 -4.11803
-15.5403 -4.22984
-15.3167 -4.34164
-15.0931 -4.45344
-14.8695 -4.56525
-14.6459 -4.67705
-14.4223 -4.78885
-14.1987 -4.90066
-13.9751 -5.01246
-13.7515 -5.12427
-13.5279 -5.23607
-13.3043 -5.34787
-13.0807 -5.45968
-12.857 -5.57148
-12.6334 -5.68328
-12.4098 -5.79509
-12.1862 -5.90689
-11.9626 -6.01869
-11.739 -6.1305
-11.5154 -6.2423
-11.2918 -6.3541
-11.0682 -6.46591
-10.8446 -6.57771
-10.621 -6.68951
-10.3974 -6.80132
-10.1738 -6.91312
-9.95015 -7.02493
-9.72655 -7.13673
-9.50294 -7.24853
-9.27933 -7.36034
-9.05573 -7.47214
-8.83212 -7.58394
-8.60851 -7.69575
-8.3849 -7.80755
-8.1613 -7.91935
-7.93769 -8.03116
-7.71408 -8.14296
-7.49048 -8.25476
-7.26687 -8.36657
-7.04326 -8.47837
-6.81966 -8.59017
-6.59605 -8.70197
-6.37244 -8.81378
-6.14884 -8.92558
-5.92523 -9.03738
-5.70162 -9.14919
-5.47802 -9.26099
-5.25441 -9.37279
-5.0308 -9.4846
-4.8072 -9.5964
-4.58359 -9.7082
-4.35998 -9.82001
-4.13638 -9.93181
-3.91277 -10.0436
-3.68916 -10.1554
-3.46556 -10.2672
-3.24195 -10.379
-3.01834 -10.4908
-2.79474 -10.6026
-2.57113 -10.7144
-2.34752 -10.8262
-2.12392 -10.938
-1.90031 -11.0498
-1.6767 -11.1616
-1.4531 -11.2734
-1.22949 -11.3853
-1.00588 -11.4971
-0.782277 -11.6089
-0.55867 -11.7207
-0.335063 -11.8325
-0.111456 -11.9443
0.11215 -12.0561
0.335757 -12.1679
0.559364 -12.2797
0.78297 -12.3915
1.00658 -12.5033
1.23018 -12.6151
1.45379 -12.7269
1.6774 -12.8387
1.901 -12.9505
2.12461 -13.0623
2.34822 -13.1741
2.57182 -13.2859
2.79543 -13.3977
3.01904 -13.5095
3.24264 -13.6213
3.24264 -13.6213
3.24264 -13.6213
3.24264 -13.6213
3.24264 -13.6213
3.24264 -13.6213
3.24264 -13.6213
3.24264 -13.6213
3.24264 -13.6213
3.24264 -13.6213
3.24264 -13.6213
3.24264 -13.6213
3.24264 -13.6213
3.24264 -13.6213
3.24264 -13.6213
3.24264 -13.6213
3.24264 -13.6213
3.24264 -13.6213
3.24264 -13.6213
3.24264 -13.6213
3.24264 -13.6213
3.24264 -13.6213
3.24264 -13.6213
3.24264 -13.6213
3.24264 -13.6213
3.24264 -13.6213
3.24264 -13.6213
3.24264 -13.6213
3.24264 -13.6213
3.24264 -13.6213
3.24264 -13.6213
3.24264 -13.6213
3.24264 -13.6213
3.24264 -13.6213
3.24264 -13.6213
3.24264 -13.6213
3.24264 -13.6213
3.24264 -13.6213
3.24264 -13.6213
3.24264 -13.6213
3.24264 -13.6213
3.24264 -13.6213
3.24264 -13.6213
3.24264 -13.6213
3.24264 -13.6213
3.24264 -13.6213
3.24264 -13.6213
3.24264 -13.6213
3.24264 -13.6213
3.24264 -13.6213
3.24264 -13.6213
3.24264 -13.6213
3.24264 -13.6213
3.24264 -13.6213
3.24264 -13.6213
3.24264 -13.6213
3.24264 -13.6213
3.24264 -13.6213
3.24264 -13.6213
3.24264 -13.6213
3.24264 -13.6213
3.24264 -13.6213
3.24264 -13.6213
3.24264 -13.6213
3.24264 -13.6213
3.24264 -13.6213
3.24264 -13.6213
3.24264 -13.6213
3.24264 -13.6213
3.24264 -13.6213
3.24264 -13.6213
3.24264 -13.6213
3.24264 -13.6213
3.24264 -13.6213
3.24264 -13.6213
3.24264 -13.6213
3.24264 -13.6213
3.24264 -13.6213
3.24264 -13.6213
3.24264 -13.6213
3.24264 -13.6213
4 -14