12 16
11.8073 15.8408
11.6145 15.6816
11.4218 15.5223
11.229 15.3631
11.0363 15.2039
10.8436 15.0447
10.6508 14.8855
10.4581 14.7262
10.2653 14.567
10.0726 14.4078
9.87986 14.2486
9.68711 14.0894
9.49437 13.9301
9.30163 13.7709
9.10889 13.6117
8.91615 13.4525
8.72341 13.2932
8.53067 13.134
8.33793 12.9748
8.14519 12.8156
7.95245 12.6564
7.75971 12.4971
7.56697 12.3379
7.37423 12.1787
7.18149 12.0195
6.98875 11.8603
6.79601 11.701
6.60327 11.5418
6.41053 11.3826
6.21779 11.2234
6.02505 11.0642
5.83231 10.9049
5.63957 10.7457
5.44683 10.5865
5.25408 10.4273
5.06134 10.2681
4.8686 10.1088
4.67586 9.94961
4.48312 9.79039
4.29038 9.63117
4.09764 9.47195
3.9049 9.31273
3.71216 9.15351
3.51942 8.99429
3.32668 8.83507
3.13394 8.67585
2.9412 8.51663
2.74846 8.35741
2.55572 8.19819
2.36298 8.03897
2.17024 7.87975
1.9775 7.72052
1.78476 7.5613
1.59202 7.40208
1.39928 7.24286
1.20653 7.08364
1.01379 6.92442
0.821054 6.7652
0.628313 6.60598
0.435573 6.44676
0.242832 6.28754
0.0500914 6.12832
-0.142649 5.9691
-0.33539 5.80988
-0.52813 5.65066
-0.720871 5.49144
-0.913611 5.33222
-1.10635 5.173
-1.29909 5.01378
-1.49183 4.85456
-1.68457 4.69534
-1.87731 4.53612
-2.07005 4.3769
-2.2628 4.21768
-2.45554 4.05846
-2.64828 3.89924
-2.84102 3.74002
-3.03376 3.5808
-3.2265 3.42158
-3.41924 3.26236
-3.61198 3.10314
-3.80472 2.94392
-3.99746 2.7847
-4.1902 2.62548
-4.38294 2.46626
-4.57568 2.30704
-4.76842 2.14782
-4.96116 1.9886
-5.1539 1.82938
-5.34664 1.67016
-5.53938 1.51094
-5.73212 1.35172
-5.92486 1.1925
-6.11761 1.03328
-6.31035 0.874055
-6.50309 0.714835
-6.69583 0.555615
-6.88857 0.396395
-7.08131 0.237175
-7.27405 0.0779544
-7.46679 -0.0812658
-7.65953 -0.240486
-7.85227 -0.399706
-8.04501 -0.558926
-8.23775 -0.718146
-8.43049 -0.877367
-8.62323 -1.03659
-8.81597 -1.19581
-9.00871 -1.35503
-9.20145 -1.51425
-9.39419 -1.67347
-9.58693 -1.83269
-9.77967 -1.99191
-9.97241 -2.15113
-10.1652 -2.31035
-10.3579 -2.46957
-10.3579 -2.46957
-10.3579 -2.46957
-10.3579 -2.46957
-10.3579 -2.46957
-10.3579 -2.46957
-10.3579 -2.46957
-10.3579 -2.46957
-10.3579 -2.46957
-10.3579 -2.46957
-10.3579 -2.46957
-10.3579 -2.46957
-10.3579 -2.46957
-10.3579 -2.46957
-10.3579 -2.46957
-10.3579 -2.46957
-10.3579 -2.46957
-10.3579 -2.46957
-10.3579 -2.46957
-10.3579 -2.46957
-10.3579 -2.46957
-10.3579 -2.46957
-10.3579 -2.46957
-10.3579 -2.46957
-10.3579 -2.46957
-10.3579 -2.46957
-10.3579 -2.46957
-10.3579 -2.46957
-10.3579 -2.46957
-10.3579 -2.46957
-10.3579 -2.46957
-10.3579 -2.46957
-10.3579 -2.46957
-10.3579 -2.46957
-10.3579 -2.46957
-10.3579 -2.46957
-10.3579 -2.46957
-10.3579 -2.46957
-10.3579 -2.46957
-10.3579 -2.46957
-10.3579 -2.46957
-10.3579 -2.46957
-10.3579 -2.46957
-10.3579 -2.46957
-10.3579 -2.46957
-10.3579 -2.46957
-10.3579 -2.46957
-10.3579 -2.46957
-10.3579 -2.46957
-10.3579 -2.46957
-10.3579 -2.46957
-10.3579 -2.46957
-10.3579 -2.46957
-10.3579 -2.46957
-10.3579 -2.46957
-10.3579 -2.46957
-10.3579 -2.46957
-10.3579 -2.46957
-10.3579 -2.46957
-10.3579 -2.46957
-11 -3