9 -25
9.23212 -24.9072
9.46424 -24.8143
9.69636 -24.7215
9.92848 -24.6286
10.1606 -24.5358
10.3927 -24.4429
10.6248 -24.3501
10.857 -24.2572
11.0891 -24.1644
11.3212 -24.0715
11.5533 -23.9787
11.7854 -23.8858
12.0176 -23.793
12.2497 -23.7001
12.4818 -23.6073
12.7139 -23.5144
12.946 -23.4216
13.1782 -23.3287
13.4103 -23.2359
13.6424 -23.143
13.8745 -23.0502
14.1066 -22.9573
14.3387 -22.8645
14.5709 -22.7717
14.803 -22.6788
15.0351 -22.586
15.2672 -22.4931
15.4993 -22.4003
15.7315 -22.3074
15.9636 -22.2146
16.1957 -22.1217
16.4278 -22.0289
16.6599 -21.936
16.8921 -21.8432
17.1242 -21.7503
17.3563 -21.6575
17.5884 -21.5646
17.8205 -21.4718
18.0527 -21.3789
18.2848 -21.2861
18.5169 -21.1932
18.749 -21.1004
18.9811 -21.0075
19.2132 -20.9147
19.4454 -20.8218
19.6775 -20.729
19.9096 -20.6362
20.1417 -20.5433
20.3738 -20.4505
20.606 -20.3576
20.8381 -20.2648
21.0702 -20.1719
21.3023 -20.0791
21.5344 -19.9862
21.7666 -19.8934
21.9987 -19.8005
22.2308 -19.7077
22.4629 -19.6148
22.695 -19.522
22.9271 -19.4291
23.1593 -19.3363
23.1593 -19.3363
23.1593 -19.3363
23.1593 -19.3363
23.1593 -19.3363
23.1593 -19.3363
23.1593 -19.3363
23.1593 -19.3363
23.1593 -19.3363
23.1593 -19.3363
23.1593 -19.3363
23.1593 -19.3363
23.1593 -19.3363
23.1593 -19.3363
23.1593 -19.3363
23.1593 -19.3363
23.1593 -19.3363
23.1593 -19.3363
23.1593 -19.3363
23.1593 -19.3363
23.1593 -19.3363
23.1593 -19.3363
23.1593 -19.3363
23.1593 -19.3363
23.1593 -19.3363
23.1593 -19.3363
23.1593 -19.3363
23.1593 -19.3363
23.1593 -19.3363
23.1593 -19.3363
23.1593 -19.3363
23.1593 -19.3363
23.1593 -19.3363
23.1593 -19.3363
23.1593 -19.3363
23.1593 -19.3363
23.1593 -19.3363
23.1593 -19.3363
23.1593 -19.3363
23.1593 -19.3363
23.1593 -19.3363
23.1593 -19.3363
23.1593 -19.3363
23.1593 -19.3363
23.1593 -19.3363
23.1593 -19.3363
23.1593 -19.3363
23.1593 -19.3363
23.1593 -19.3363
23.1593 -19.3363
23.1593 -19.3363
23.1593 -19.3363
23.1593 -19.3363
23.1593 -19.3363
23.1593 -19.3363
23.1593 -19.3363
23.1593 -19.3363
23.1593 -19.3363
23.1593 -19.3363
23.1593 -19.3363
23.1593 -19.3363
23.1593 -19.3363
23.1593 -19.3363
23.1593 -19.3363
23.1593 -19.3363
23.1593 -19.3363
23.1593 -19.3363
23.1593 -19.3363
23.1593 -19.3363
23.1593 -19.3363
23.1593 -19.3363
23.1593 -19.3363
23.1593 -19.3363
23.1593 -19.3363
23.1593 -19.3363
23.1593 -19.3363
23.1593 -19.3363
23.1593 -19.3363
23.1593 -19.3363
23.1593 -19.3363
23.1593 -19.3363
23.1593 -19.3363
23.1593 -19.3363
23.1593 -19.3363
23.1593 -19.3363
23.1593 -19.3363
23.1593 -19.3363
23.1593 -19.3363
23.1593 -19.3363
23.1593 -19.3363
23.1593 -19.3363
23.1593 -19.3363
23.1593 -19.3363
23.1593 -19.3363
23.1593 -19.3363
23.1593 -19.3363
23.1593 -19.3363
23.1593 -19.3363
23.1593 -19.3363
23.1593 -19.3363
23.1593 -19.3363
23.1593 -19.3363
23.1593 -19.3363
23.1593 -19.3363
23.1593 -19.3363
23.1593 -19.3363
23.1593 -19.3363
23.1593 -19.3363
23.1593 -19.3363
23.1593 -19.3363
23.1593 -19.3363
23.1593 -19.3363
23.1593 -19.3363
23.1593 -19.3363
23.1593 -19.3363
24 -19