16 -23
15.8736 -22.9778
15.6834 -22.8291
15.4961 -22.6635
15.3088 -22.4979
15.1216 -22.3323
14.9343 -22.1667
14.747 -22.0011
14.5598 -21.8354
14.3725 -21.6698
14.1852 -21.5042
13.9979 -21.3386
13.8107 -21.173
13.6234 -21.0074
13.4361 -20.8417
13.2489 -20.6761
13.0616 -20.5105
12.8743 -20.3449
12.687 -20.1793
12.4998 -20.0137
12.3125 -19.848
12.1252 -19.6824
11.938 -19.5168
11.7507 -19.3512
11.5634 -19.1856
11.3761 -19.02
11.1889 -18.8543
11.0016 -18.6887
10.8143 -18.5231
10.627 -18.3575
10.4398 -18.1919
10.2525 -18.0263
10.0652 -17.8606
9.87796 -17.695
9.69069 -17.5294
9.50341 -17.3638
9.31614 -17.1982
9.12887 -17.0326
8.9416 -16.8669
8.75432 -16.7013
8.56705 -16.5357
8.37978 -16.3701
8.19251 -16.2045
8.00524 -16.0389
7.81796 -15.8732
7.63069 -15.7076
7.44342 -15.542
7.25615 -15.3764
7.06887 -15.2108
6.8816 -15.0451
6.69433 -14.8795
6.50706 -14.7139
6.31979 -14.5483
6.13251 -14.3827
5.94524 -14.2171
5.75797 -14.0514
5.5707 -13.8858
5.38342 -13.7202
5.19615 -13.5546
5.00888 -13.389
4.82161 -13.2234
4.63434 -13.0577
4.44706 -12.8921
4.25979 -12.7265
4.07252 -12.5609
3.88525 -12.3953
3.69798 -12.2297
3.5107 -12.064
3.32343 -11.8984
3.13616 -11.7328
2.94889 -11.5672
2.76161 -11.4016
2.57434 -11.236
2.38707 -11.0703
2.1998 -10.9047
2.01252 -10.7391
1.82525 -10.5735
1.63798 -10.4079
1.45071 -10.2423
1.26344 -10.0766
1.07616 -9.91102
0.888891 -9.74541
0.701619 -9.57979
0.514347 -9.41417
0.327074 -9.24855
0.139802 -9.08294
-0.0474702 -8.91732
-0.234742 -8.7517
-0.422015 -8.58609
-0.609287 -8.42047
-0.796559 -8.25485
-0.983831 -8.08924
-1.1711 -7.92362
-1.35838 -7.758
-1.54565 -7.59238
-1.73292 -7.42677
-1.92019 -7.26115
-2.10746 -7.09553
-2.29474 -6.92991
-2.48201 -6.7643
-2.66928 -6.59868
-2.85655 -6.43306
-3.04383 -6.26744
-3.2311 -6.10183
-3.41837 -5.93621
-3.60564 -5.77059
-3.79292 -5.60497
-3.98019 -5.43936
-4.16746 -5.27374
-4.35473 -5.10812
-4.542 -4.9425
-4.72928 -4.77689
-4.91655 -4.61127
-5.10382 -4.44565
-5.29109 -4.28003
-5.47836 -4.11442
-5.66564 -3.9488
-5.85291 -3.78318
-6.04018 -3.61756
-6.22745 -3.45195
-6.41472 -3.28633
-6.602 -3.12071
-6.78927 -2.9551
-6.97654 -2.78948
-7.16381 -2.62386
-7.35109 -2.45824
-7.53836 -2.29263
-7.72563 -2.12701
-7.9129 -1.96139
-8.10017 -1.79577
-9 -1