4 10
3.80702 10.1589
3.61403 10.3179
3.42105 10.4768
3.22807 10.6357
3.03509 10.7946
2.8421 10.9536
2.64912 11.1125
2.45614 11.2714
2.26316 11.4303
2.07017 11.5893
1.87719 11.7482
1.68421 11.9071
1.49123 12.0661
1.29824 12.225
1.10526 12.3839
0.912278 12.5428
0.719296 12.7018
0.526313 12.8607
0.333331 13.0196
0.140348 13.1785
-0.0526344 13.3375
-0.245617 13.4964
-0.4386 13.6553
-0.631582 13.8142
-0.824565 13.9732
-1.02411 14.1015
-1.22345 14.2297
-1.42258 14.3579
-1.6215 14.4861
-1.82019 14.6142
-2.01866 14.7422
-2.21689 14.8702
-2.41488 14.9982
-2.61262 15.1261
-2.8101 15.254
-3.0073 15.3817
-3.20423 15.5095
-3.40087 15.6371
-3.59721 15.7648
-3.79323 15.8923
-3.98894 16.0198
-4.1843 16.1472
-4.37932 16.2745
-4.57398 16.4017
-4.76826 16.5289
-4.96215 16.656
-5.15563 16.783
-5.34868 16.9099
-5.54128 17.0367
-5.73342 17.1634
-5.92508 17.29
-6.11622 17.4165
-6.30683 17.5428
-6.49688 17.6691
-6.68635 17.7952
-6.87519 17.9212
-7.06339 18.0471
-7.25091 18.1728
-7.43771 18.2984
-7.62375 18.4238
-7.80899 18.549
-7.99339 18.674
-8.17689 18.7989
-8.35944 18.9235
-8.54098 19.048
-8.72145 19.1722
-8.90078 19.2962
-9.0789 19.4199
-9.2599 19.5602
-9.43902 19.7157
-9.60799 19.8958
-9.76725 20.0885
-9.92652 20.2812
-10.0858 20.4739
-10.245 20.6666
-10.4043 20.8593
-10.5636 21.052
-10.7228 21.2447
-10.8821 21.4374
-11.0414 21.6301
-11.2006 21.8228
-11.3599 22.0155
-11.5192 22.2082
-11.6784 22.4009
-11.8377 22.5936
-11.9969 22.7863
-12.1562 22.979
-12.3155 23.1717
-12.4747 23.3644
-12.5319 23.4269
-12.5324 23.4274
-12.5324 23.4274
-12.5324 23.4274
-12.5324 23.4274
-12.5324 23.4274
-12.5324 23.4274
-12.5324 23.4274
-12.5324 23.4274
-12.5324 23.4274
-12.5324 23.4274
-12.5324 23.4274
-12.5324 23.4274
-12.5324 23.4274
-12.5324 23.4274
-12.5324 23.4274
-12.5324 23.4274
-12.5324 23.4274
-12.5324 23.4274
-12.5324 23.4274
-12.5324 23.4274
-12.5324 23.4274
-12.5324 23.4274
-12.5324 23.4274
-12.5324 23.4274
-12.5324 23.4274
-12.5324 23.4274
-12.5324 23.4274
-12.5324 23.4274
-12.5324 23.4274
-12.5324 23.4274
-12.5324 23.4274
-12.5324 23.4274
-12.5324 23.4274
-12.5324 23.4274
-12.5324 23.4274
-12.5324 23.4274
-12.5324 23.4274
-12.5324 23.4274
-12.5324 23.4274
-13 24