13 -16
12.992 -15.881
12.8988 -15.649
12.8057 -15.417
12.7125 -15.185
12.6193 -14.953
12.5262 -14.721
12.433 -14.4891
12.3398 -14.2571
12.2467 -14.0251
12.1535 -13.7931
12.0603 -13.5611
11.9672 -13.3291
11.874 -13.0971
11.7808 -12.8651
11.6877 -12.6331
11.5945 -12.4011
11.5013 -12.1691
11.4082 -11.9371
11.315 -11.7052
11.2218 -11.4732
11.1287 -11.2412
11.0355 -11.0092
10.9424 -10.7772
10.8492 -10.5452
10.756 -10.3132
10.6629 -10.0812
10.5697 -9.84922
10.4765 -9.61723
10.3834 -9.38523
10.2902 -9.15324
10.197 -8.92125
10.1039 -8.68926
10.0107 -8.45727
9.91752 -8.22528
9.82436 -7.99328
9.73119 -7.76129
9.63803 -7.5293
9.54486 -7.29731
9.4517 -7.06532
9.35853 -6.83333
9.26536 -6.60133
9.1722 -6.36934
9.07903 -6.13735
8.98587 -5.90536
8.8927 -5.67337
8.79953 -5.44137
8.70637 -5.20938
8.6132 -4.97739
8.52004 -4.7454
8.42687 -4.51341
8.3337 -4.28142
8.24054 -4.04942
8.14737 -3.81743
8.05421 -3.58544
7.96104 -3.35345
7.86788 -3.12146
7.77471 -2.88947
7.68154 -2.65747
7.58838 -2.42548
7.49521 -2.19349
7.40205 -1.9615
7.30888 -1.72951
7.21571 -1.49752
7.12255 -1.26553
7.02938 -1.03353
6.93622 -0.801542
6.84305 -0.56955
6.74988 -0.337559
6.65672 -0.105567
6.56355 0.126425
6.47039 0.358416
6.37722 0.590408
6.28406 0.822399
6.19089 1.05439
6.09772 1.28638
6.00456 1.51837
5.91139 1.75037
5.81823 1.98236
5.72506 2.21435
5.63189 2.44634
5.53873 2.67833
5.44556 2.91032
5.3524 3.14232
5.25923 3.37431
5.16606 3.6063
5.0729 3.83829
4.97973 4.07028
4.88657 4.30227
4.7934 4.53427
4.70024 4.76626
4.60707 4.99825
4.5139 5.23024
4.42074 5.46223
4.32757 5.69422
4.23441 5.92622
4.14124 6.15821
4.04807 6.3902
3.95491 6.62219
3.86174 6.85418
3.76858 7.08618
3.67541 7.31817
3.58224 7.55016
3.48908 7.78215
3.39591 8.01414
3.30275 8.24613
3.30275 8.24613
3.30275 8.24613
3.30275 8.24613
3.30275 8.24613
3.30275 8.24613
3.30275 8.24613
3.30275 8.24613
3.30275 8.24613
3.30275 8.24613
3.30275 8.24613
3.30275 8.24613
3.30275 8.24613
3.30275 8.24613
3.30275 8.24613
3.30275 8.24613
3.30275 8.24613
3.30275 8.24613
3.30275 8.24613
3.30275 8.24613
3.30275 8.24613
3.30275 8.24613
3.30275 8.24613
3.30275 8.24613
3.30275 8.24613
3 9