7 -8
6.88111 -8.21416
6.76953 -8.43788
6.65794 -8.66159
6.54635 -8.88531
6.43476 -9.10902
6.32318 -9.33274
6.21159 -9.55645
6.1 -9.78017
5.98841 -10.0039
5.87683 -10.2276
5.76524 -10.4513
5.65365 -10.675
5.54206 -10.8987
5.43048 -11.1225
5.31889 -11.3462
5.2073 -11.5699
5.09571 -11.7936
4.98413 -12.0173
4.87254 -12.241
4.76095 -12.4647
4.64936 -12.6885
4.53778 -12.9122
4.42619 -13.1359
4.3146 -13.3596
4.20301 -13.5833
4.09143 -13.807
3.97984 -14.0307
3.86825 -14.2545
3.75666 -14.4782
3.64508 -14.7019
3.53349 -14.9256
3.4219 -15.1493
3.31031 -15.373
3.19873 -15.5968
3.08714 -15.8205
2.97555 -16.0442
2.86396 -16.2679
2.75238 -16.4916
2.64079 -16.7153
2.5292 -16.939
2.41761 -17.1628
2.40548 -17.2206
2.40548 -17.2206
2.40548 -17.2206
2.40548 -17.2206
2.40548 -17.2206
2.40548 -17.2206
2.40548 -17.2206
2.40548 -17.2206
2.40548 -17.2206
2.40548 -17.2206
2.40548 -17.2206
2.40548 -17.2206
2.40548 -17.2206
2.40548 -17.2206
2.40548 -17.2206
2.40548 -17.2206
2.40548 -17.2206
2.40548 -17.2206
2.40548 -17.2206
2.40548 -17.2206
2.40548 -17.2206
2.40548 -17.2206
2.40548 -17.2206
2.40548 -17.2206
2.40548 -17.2206
2.40548 -17.2206
2.40548 -17.2206
2.40548 -17.2206
2.40548 -17.2206
2.40548 -17.2206
2.40548 -17.2206
2.40548 -17.2206
2.40548 -17.2206
2.40548 -17.2206
2.40548 -17.2206
2.40548 -17.2206
2.40548 -17.2206
2.40548 -17.2206
2.40548 -17.2206
2.40548 -17.2206
2.40548 -17.2206
2.40548 -17.2206
2.40548 -17.2206
2.40548 -17.2206
2.40548 -17.2206
2.40548 -17.2206
2.40548 -17.2206
2.40548 -17.2206
2.40548 -17.2206
2.40548 -17.2206
2.40548 -17.2206
2.40548 -17.2206
2.40548 -17.2206
2.40548 -17.2206
2.40548 -17.2206
2.40548 -17.2206
2.40548 -17.2206
2.40548 -17.2206
2.40548 -17.2206
2.40548 -17.2206
2.40548 -17.2206
2.40548 -17.2206
2.40548 -17.2206
2.40548 -17.2206
2.40548 -17.2206
2.40548 -17.2206
2.40548 -17.2206
2.40548 -17.2206
2.40548 -17.2206
2.40548 -17.2206
2.40548 -17.2206
2.40548 -17.2206
2.40548 -17.2206
2.40548 -17.2206
2.40548 -17.2206
2.40548 -17.2206
2.40548 -17.2206
2.40548 -17.2206
2.40548 -17.2206
2.40548 -17.2206
2.40548 -17.2206
2.40548 -17.2206
2.40548 -17.2206
2.40548 -17.2206
2.40548 -17.2206
2.40548 -17.2206
2.40548 -17.2206
2.40548 -17.2206
2 -18