-21 19
-20.75 19
-20.5 19
-20.25 19
-20 19
-19.75 19
-19.5 19
-19.25 19
-19 19
-18.75 19
-18.5 19
-18.25 19
-18 19
-17.75 19
-17.5 19
-17.25 19
-17 19
-16.75 19
-16.5 19
-16.25 19
-16 19
-15.75 19
-15.5 19
-15.25 19
-15 19
-14.75 19
-14.4934 19.0306
-14.2366 19.0612
-13.9795 19.0917
-13.722 19.1222
-13.4642 19.1525
-13.206 19.1828
-12.9475 19.213
-12.6885 19.2432
-12.4291 19.2732
-12.1692 19.3031
-11.9089 19.3329
-11.648 19.3627
-11.3868 19.3923
-11.1251 19.4218
-10.8631 19.4513
-10.6012 19.4808
-10.34 19.5104
-10.0809 19.5405
-9.82671 19.5717
-9.58347 19.6052
-9.56596 19.687
-9.54844 19.7688
-9.53092 19.8506
-9.34342 19.896
-9.3259 19.9779
-9.18425 20.0331
-9.07438 20.0951
-8.9896 20.1625
-8.92304 20.2339
-8.86932 20.3079
-8.82465 20.3839
-8.7864 20.4613
-8.75282 20.5397
-8.72266 20.6188
-8.69506 20.6985
-8.66941 20.7785
-8.64526 20.8589
-8.62228 20.9396
-8.60022 21.0204
-8.57889 21.1014
-8.55816 21.1826
-8.53791 21.2638
-8.51806 21.3451
-8.4584 21.396
-8.37811 21.4205
-8.27604 21.3963
-8.16963 21.3285
-8.08272 21.1889
-8.06592 20.9843
-8.14519 20.7571
-8.25455 20.5323
-8.36392 20.3075
-8.47329 20.0827
-8.58265 19.8579
-8.58265 19.8579
-8.58265 19.8579
-8.58265 19.8579
-8.58265 19.8579
-8.58265 19.8579
-8.58265 19.8579
-8.58265 19.8579
-8.58265 19.8579
-8.58265 19.8579
-8.58265 19.8579
-8.58265 19.8579
-8.58265 19.8579
-8.58265 19.8579
-8.58265 19.8579
-8.58265 19.8579
-8.58265 19.8579
-8.58265 19.8579
-8.58265 19.8579
-8.58265 19.8579
-8.58265 19.8579
-8.58265 19.8579
-8.58265 19.8579
-8.58265 19.8579
-8.58265 19.8579
-8.58265 19.8579
-8.58265 19.8579
-8.58265 19.8579
-8.58265 19.8579
-8.58265 19.8579
-8.58265 19.8579
-8.58265 19.8579
-8.58265 19.8579
-8.58265 19.8579
-8.58265 19.8579
-8.58265 19.8579
-8.58265 19.8579
-8.58265 19.8579
-8.58265 19.8579
-8.58265 19.8579
-8.58265 19.8579
-8.58265 19.8579
-8.58265 19.8579
-8.58265 19.8579
-8.58265 19.8579
-8.58265 19.8579
-8.58265 19.8579
-8.58265 19.8579
-8.58265 19.8579
-8.58265 19.8579
-8.58265 19.8579
-9 19