-8 0
-7.75746 -0.0606339
-7.51493 -0.121268
-7.27239 -0.181902
-7.02986 -0.242536
-6.78732 -0.30317
-6.54479 -0.363803
-6.30225 -0.424437
-6.05972 -0.485071
-5.81718 -0.545705
-5.57464 -0.606339
-5.33211 -0.666973
-5.08957 -0.727607
-4.84704 -0.788241
-4.80745 -0.863941
-4.80745 -0.863941
-4.80745 -0.863941
-4.80745 -0.863941
-4.80745 -0.863941
-4.80745 -0.863941
-4.80745 -0.863941
-4.80745 -0.863941
-4.80745 -0.863941
-4.80745 -0.863941
-4.80745 -0.863941
-4.80745 -0.863941
-4.80745 -0.863941
-4.80745 -0.863941
-4.80745 -0.863941
-4.80745 -0.863941
-4.80745 -0.863941
-4.80745 -0.863941
-4.80745 -0.863941
-4.80745 -0.863941
-4.80745 -0.863941
-4.80745 -0.863941
-4.80745 -0.863941
-4.80745 -0.863941
-4.80745 -0.863941
-4.80745 -0.863941
-4.80745 -0.863941
-4.80745 -0.863941
-4.80745 -0.863941
-4.80745 -0.863941
-4.80745 -0.863941
-4.80745 -0.863941
-4.80745 -0.863941
-4.80745 -0.863941
-4.80745 -0.863941
-4.80745 -0.863941
-4.80745 -0.863941
-4.80745 -0.863941
-4.80745 -0.863941
-4.80745 -0.863941
-4.80745 -0.863941
-4.80745 -0.863941
-4.80745 -0.863941
-4.80745 -0.863941
-4.80745 -0.863941
-4.80745 -0.863941
-4.80745 -0.863941
-4.80745 -0.863941
-4.80745 -0.863941
-4.80745 -0.863941
-4.80745 -0.863941
-4.80745 -0.863941
-4.80745 -0.863941
-4.80745 -0.863941
-4.80745 -0.863941
-4.80745 -0.863941
-4.80745 -0.863941
-4.80745 -0.863941
-4.80745 -0.863941
-4.80745 -0.863941
-4.80745 -0.863941
-4.80745 -0.863941
-4.80745 -0.863941
-4.80745 -0.863941
-4.80745 -0.863941
-4.80745 -0.863941
-4.80745 -0.863941
-4.80745 -0.863941
-4.80745 -0.863941
-4.80745 -0.863941
-4.80745 -0.863941
-4.80745 -0.863941
-4.80745 -0.863941
-4.80745 -0.863941
-4.80745 -0.863941
-4.80745 -0.863941
-4.80745 -0.863941
-4.80745 -0.863941
-4.80745 -0.863941
-4.80745 -0.863941
-4.80745 -0.863941
-4.80745 -0.863941
-4.80745 -0.863941
-4.80745 -0.863941
-4.80745 -0.863941
-4.80745 -0.863941
-4.80745 -0.863941
-4.80745 -0.863941
-4.80745 -0.863941
-4.80745 -0.863941
-4.80745 -0.863941
-4.80745 -0.863941
-4.80745 -0.863941
-4.80745 -0.863941
-4.80745 -0.863941
-4.80745 -0.863941
-4.80745 -0.863941
-4.80745 -0.863941
-4.80745 -0.863941
-4.80745 -0.863941
-4.80745 -0.863941
-4.80745 -0.863941
-4.80745 -0.863941
-4.80745 -0.863941
-4.80745 -0.863941
-4.80745 -0.863941
-4.80745 -0.863941
-4.80745 -0.863941
-4.80745 -0.863941
-4.80745 -0.863941
-4.80745 -0.863941
-4.80745 -0.863941
-4.80745 -0.863941
-4.80745 -0.863941
-4.80745 -0.863941
-4.80745 -0.863941
-4.80745 -0.863941
-4.80745 -0.863941
-4.80745 -0.863941
-4.80745 -0.863941
-4.80745 -0.863941
-4.80745 -0.863941
-4.80745 -0.863941
-4.80745 -0.863941
-4.80745 -0.863941
-4.80745 -0.863941
-4.80745 -0.863941
-4.80745 -0.863941
-4.80745 -0.863941
-4.80745 -0.863941
-4.80745 -0.863941
-4.80745 -0.863941
-4.80745 -0.863941
-4.80745 -0.863941
-4.80745 -0.863941
-4.80745 -0.863941
-4.80745 -0.863941
-4.80745 -0.863941
-4.80745 -0.863941
-4.80745 -0.863941
-4.80745 -0.863941
-4.80745 -0.863941
-4.80745 -0.863941
-4.80745 -0.863941
-4.80745 -0.863941
-4.80745 -0.863941
-4.80745 -0.863941
-4.80745 -0.863941
-4.80745 -0.863941
-4.80745 -0.863941
-4.80745 -0.863941
-4.80745 -0.863941
-4 -1