-22 22
-21.7611 21.9265
-21.5221 21.853
-21.2832 21.7794
-21.0442 21.7059
-20.8053 21.6324
-20.5663 21.5589
-20.3274 21.4854
-20.0884 21.4118
-19.8495 21.3383
-19.6105 21.2648
-19.3716 21.1913
-19.1327 21.1177
-18.8937 21.0442
-18.6548 20.9707
-18.4158 20.8972
-18.1769 20.8237
-17.9379 20.7501
-17.699 20.6766
-17.46 20.6031
-17.2211 20.5296
-16.9822 20.4561
-16.7432 20.3825
-16.5043 20.309
-16.2653 20.2355
-16.0264 20.162
-15.7874 20.0884
-15.5485 20.0149
-15.3095 19.9414
-15.0706 19.8679
-14.8316 19.7944
-14.5927 19.7208
-14.3538 19.6473
-14.1148 19.5738
-13.8759 19.5003
-13.6369 19.4268
-13.398 19.3532
-13.159 19.2797
-12.9201 19.2062
-12.6811 19.1327
-12.4422 19.0591
-12.2033 18.9856
-11.9643 18.9121
-11.7254 18.8386
-11.4864 18.7651
-11.2475 18.6915
-11.0085 18.618
-10.7696 18.5445
-10.5306 18.471
-10.2917 18.3974
-10.0527 18.3239
-9.8138 18.2504
-9.8138 18.2504
-9.8138 18.2504
-9.8138 18.2504
-9.8138 18.2504
-9.8138 18.2504
-9.8138 18.2504
-9.8138 18.2504
-9.8138 18.2504
-9.8138 18.2504
-9.8138 18.2504
-9.8138 18.2504
-9.8138 18.2504
-9.8138 18.2504
-9.8138 18.2504
-9.8138 18.2504
-9.8138 18.2504
-9.8138 18.2504
-9.8138 18.2504
-9.8138 18.2504
-9.8138 18.2504
-9.8138 18.2504
-9.8138 18.2504
-9.8138 18.2504
-9.8138 18.2504
-9.8138 18.2504
-9.8138 18.2504
-9.8138 18.2504
-9.8138 18.2504
-9.8138 18.2504
-9.8138 18.2504
-9.8138 18.2504
-9.8138 18.2504
-9.8138 18.2504
-9.8138 18.2504
-9.8138 18.2504
-9.8138 18.2504
-9.8138 18.2504
-9.8138 18.2504
-9.8138 18.2504
-9.8138 18.2504
-9.8138 18.2504
-9.8138 18.2504
-9.8138 18.2504
-9.8138 18.2504
-9.8138 18.2504
-9.8138 18.2504
-9.8138 18.2504
-9.8138 18.2504
-9.8138 18.2504
-9.8138 18.2504
-9.8138 18.2504
-9.8138 18.2504
-9.8138 18.2504
-9.8138 18.2504
-9.8138 18.2504
-9.8138 18.2504
-9.8138 18.2504
-9.8138 18.2504
-9.8138 18.2504
-9.8138 18.2504
-9.8138 18.2504
-9.8138 18.2504
-9.8138 18.2504
-9.8138 18.2504
-9.8138 18.2504
-9.8138 18.2504
-9.8138 18.2504
-9.8138 18.2504
-9.8138 18.2504
-9.8138 18.2504
-9.8138 18.2504
-9.8138 18.2504
-9.8138 18.2504
-9.8138 18.2504
-9.8138 18.2504
-9.8138 18.2504
-9.8138 18.2504
-9.8138 18.2504
-9.8138 18.2504
-9.8138 18.2504
-9.8138 18.2504
-9.8138 18.2504
-9.8138 18.2504
-9.8138 18.2504
-9.8138 18.2504
-9.8138 18.2504
-9.8138 18.2504
-9.8138 18.2504
-9.8138 18.2504
-9.8138 18.2504
-9.8138 18.2504
-9.8138 18.2504
-9.8138 18.2504
-9.8138 18.2504
-9.8138 18.2504
-9.8138 18.2504
-9.8138 18.2504
-9.8138 18.2504
-9.8138 18.2504
-9.8138 18.2504
-9.8138 18.2504
-9.8138 18.2504
-9.8138 18.2504
-9.8138 18.2504
-9.8138 18.2504
-9.8138 18.2504
-9.8138 18.2504
-9.8138 18.2504
-9.8138 18.2504
-9.8138 18.2504
-9.8138 18.2504
-9.8138 18.2504
-9.8138 18.2504
-9.8138 18.2504
-9 18