-22 -8
-21.8232 -7.82322
-21.6464 -7.64645
-21.4697 -7.46967
-21.2929 -7.29289
-21.1161 -7.11612
-20.9393 -6.93934
-20.7626 -6.76256
-20.5858 -6.58578
-20.409 -6.40901
-20.2322 -6.23223
-20.0555 -6.05545
-19.8787 -5.87868
-19.7019 -5.7019
-19.5251 -5.52512
-19.3483 -5.34835
-19.1716 -5.17157
-18.9948 -4.99479
-18.818 -4.81802
-18.6412 -4.64124
-18.4645 -4.46446
-18.2877 -4.28769
-18.1109 -4.11091
-17.9341 -3.93413
-17.7574 -3.75736
-17.5806 -3.58058
-17.4038 -3.4038
-17.227 -3.22703
-17.0502 -3.05025
-16.8735 -2.87347
-16.6967 -2.6967
-16.5199 -2.51992
-16.3431 -2.34314
-16.1664 -2.16637
-15.9896 -1.98959
-15.8128 -1.81281
-15.636 -1.63604
-15.4593 -1.45926
-15.2825 -1.28248
-15.1057 -1.10571
-14.9289 -0.928929
-14.7521 -0.752152
-14.5754 -0.575375
-14.3986 -0.398598
-14.2218 -0.221822
-14.045 -0.045045
-13.8683 0.131732
-13.6915 0.308508
-13.5147 0.485285
-13.3379 0.662062
-13.1612 0.838839
-12.9844 1.01562
-12.8076 1.19239
-12.6308 1.36917
-12.454 1.54595
-12.2773 1.72272
-12.1005 1.8995
-11.9237 2.07628
-11.7469 2.25305
-11.5702 2.42983
-11.3934 2.60661
-11.2166 2.78338
-11.0398 2.96016
-10.8631 3.13694
-10.6863 3.31371
-10.5095 3.49049
-10.3327 3.66727
-10.1559 3.84404
-9.97917 4.02082
-9.80239 4.1976
-9.62562 4.37437
-9.44884 4.55115
-9.27206 4.72793
-9.09529 4.9047
-8.91851 5.08148
-8.74173 5.25826
-8.56496 5.43503
-8.38818 5.61181
-8.2114 5.78859
-8.03463 5.96536
-7.85785 6.14214
-7.68107 6.31892
-7.5043 6.4957
-7.32752 6.67247
-7.15074 6.84925
-6.97397 7.02603
-6.79719 7.2028
-6.62041 7.37958
-6.44364 7.55636
-6.26686 7.73313
-6.09008 7.90991
-5.91331 8.08669
-5.73653 8.26346
-5.55975 8.44024
-5.38298 8.61702
-5.2062 8.79379
-5.02942 8.97057
-4.85264 9.14735
-4.67587 9.32413
-4.49909 9.5009
-4.32231 9.67768
-4.14554 9.85446
-3.96876 10.0312
-3.79198 10.208
-3.61521 10.3848
-3.43843 10.5616
-3.26165 10.7383
-3.08488 10.9151
-2.9081 11.0919
-2.73132 11.2687
-2.55455 11.4454
-2.37777 11.6222
-2.20099 11.799
-2.02422 11.9758
-1.84744 12.1526
-1.67066 12.3293
-1.49389 12.5061
-1.31711 12.6829
-1.14033 12.8597
-0.963558 13.0364
-0.786781 13.2132
-0.610004 13.39
-0.433228 13.5668
-0.256451 13.7435
-0.0796744 13.9203
0.0971023 14.0971
0.273879 14.2739
0.450656 14.4507
0.627432 14.6274
0.804209 14.8042
0.980986 14.981
1.15776 15.1578
1.33454 15.3345
1.51132 15.5113
1.68809 15.6881
1.86487 15.8649
2.04165 16.0416
2.21842 16.2184
2.3952 16.3952
2.57198 16.572
2.74875 16.7488
2.92553 16.9255
3.10231 17.1023
3.27908 17.2791
3.45586 17.4559
3.63264 17.6326
3.80941 17.8094
3.98619 17.9862
4.16297 18.163
4.33974 18.3397
4.51652 18.5165
4.6933 18.6933
4.87007 18.8701
5.04685 19.0469
5.22363 19.2236
5.4004 19.4004
5.57718 19.5772
5.75396 19.754
5.93074 19.9307
6.10751 20.1075
6.28429 20.2843
6.46107 20.4611
6.63784 20.6378
6.81462 20.8146
6.9914 20.9914
7.16817 21.1682
8 22