-9 13
-8.81547 12.8758
-8.62794 12.7105
-8.4404 12.5452
-8.25287 12.3798
-8.06533 12.2145
-7.8778 12.0492
-7.69026 11.8839
-7.50273 11.7186
-7.31519 11.5533
-7.12766 11.3879
-6.94012 11.2226
-6.75258 11.0573
-6.56505 10.892
-6.37751 10.7267
-6.18998 10.5613
-6.00244 10.396
-5.81491 10.2307
-5.62737 10.0654
-5.43984 9.90006
-5.2523 9.73474
-5.06477 9.56942
-4.87723 9.4041
-4.6897 9.23878
-4.50216 9.07346
-4.31463 8.90814
-4.12709 8.74282
-3.93956 8.5775
-3.75202 8.41218
-3.56449 8.24686
-3.37695 8.08154
-3.18942 7.91622
-3.00188 7.7509
-2.81435 7.58558
-2.62681 7.42027
-2.43928 7.25495
-2.25174 7.08963
-2.0642 6.92431
-1.87667 6.75899
-1.68913 6.59367
-1.5016 6.42835
-1.31406 6.26303
-1.12653 6.09771
-0.938994 5.93239
-0.751459 5.76707
-0.563924 5.60175
-0.376388 5.43643
-0.188853 5.27111
-0.00131823 5.10579
0.186217 4.94047
0.373752 4.77515
0.561287 4.60983
0.748822 4.44452
0.936357 4.2792
1.12389 4.11388
1.31143 3.94856
1.49896 3.78324
1.6865 3.61792
1.87403 3.4526
2.06157 3.28728
2.2491 3.12196
2.43664 2.95664
2.62417 2.79132
2.81171 2.626
2.99924 2.46068
3.18678 2.29536
3.37431 2.13004
3.56185 1.96472
3.74938 1.7994
3.93692 1.63408
4.12445 1.46876
4.31199 1.30344
4.49952 1.13812
4.68706 0.972803
4.8746 0.807483
5.06213 0.642164
5.24967 0.476844
5.4372 0.311525
5.62474 0.146205
5.81227 -0.0191147
5.99981 -0.184434
6.18734 -0.349754
6.37488 -0.515074
6.56241 -0.680393
6.74995 -0.845713
6.93748 -1.01103
7.12502 -1.17635
7.31255 -1.34167
7.50009 -1.50699
7.68762 -1.67231
7.87516 -1.83763
8.06269 -2.00295
8.25023 -2.16827
8.43777 -2.33359
8.6253 -2.49891
8.81284 -2.66423
9.00037 -2.82955
9.18791 -2.99487
9.37544 -3.16019
9.56298 -3.32551
9.75051 -3.49083
9.93805 -3.65615
10.1256 -3.82147
10.3131 -3.98679
10.5007 -4.15211
10.6882 -4.31743
10.8757 -4.48275
11.0633 -4.64806
11.2508 -4.81338
11.4383 -4.9787
11.6259 -5.14402
11.8134 -5.30934
12.0009 -5.47466
12.1885 -5.63998
12.376 -5.8053
12.5635 -5.97062
12.7511 -6.13594
12.9386 -6.30126
13.1261 -6.46658
13.3137 -6.6319
13.5012 -6.79722
13.6888 -6.96254
13.8763 -7.12786
14.0638 -7.29318
14.2514 -7.4585
14.4389 -7.62382
14.6264 -7.78914
14.814 -7.95446
15.0015 -8.11978
15.189 -8.2851
15.3766 -8.45042
15.3766 -8.45042
15.3766 -8.45042
15.3766 -8.45042
15.3766 -8.45042
15.3766 -8.45042
15.3766 -8.45042
15.3766 -8.45042
15.3766 -8.45042
15.3766 -8.45042
15.3766 -8.45042
15.3766 -8.45042
15.3766 -8.45042
15.3766 -8.45042
15.3766 -8.45042
15.3766 -8.45042
15.3766 -8.45042
15.3766 -8.45042
15.3766 -8.45042
15.3766 -8.45042
15.3766 -8.45042
15.3766 -8.45042
15.3766 -8.45042
15.3766 -8.45042
15.3766 -8.45042
15.3766 -8.45042
15.3766 -8.45042
15.3766 -8.45042
15.3766 -8.45042
15.3766 -8.45042
15.3766 -8.45042
15.3766 -8.45042
15.3766 -8.45042
15.3766 -8.45042
15.3766 -8.45042
15.3766 -8.45042
16 -9