-10 -25
-9.75544 -24.9481
-9.51088 -24.8962
-9.26632 -24.8444
-9.02177 -24.7925
-8.77721 -24.7406
-8.53265 -24.6887
-8.28809 -24.6369
-8.04353 -24.585
-7.79897 -24.5331
-7.55442 -24.4812
-7.30986 -24.4294
-7.0653 -24.3775
-6.82074 -24.3256
-6.57618 -24.2737
-6.33162 -24.2219
-6.08707 -24.17
-5.84251 -24.1181
-5.59795 -24.0662
-5.35339 -24.0144
-5.10883 -23.9625
-4.86427 -23.9106
-4.61972 -23.8587
-4.37516 -23.8069
-4.1306 -23.755
-3.88604 -23.7031
-3.64148 -23.6512
-3.39692 -23.5993
-3.15237 -23.5475
-2.90781 -23.4956
-2.66325 -23.4437
-2.41869 -23.3918
-2.17413 -23.34
-1.92957 -23.2881
-1.68501 -23.2362
-1.44046 -23.1843
-1.1959 -23.1325
-0.951339 -23.0806
-0.70678 -23.0287
-0.462221 -22.9768
-0.217663 -22.925
0.0268956 -22.8731
0.271454 -22.8212
0.516013 -22.7693
0.760571 -22.7175
1.00513 -22.6656
1.24969 -22.6137
1.49425 -22.5618
1.73881 -22.5099
1.98336 -22.4581
2.22792 -22.4062
2.47248 -22.3543
2.71704 -22.3024
2.9616 -22.2506
3.20616 -22.1987
3.45072 -22.1468
3.69527 -22.0949
3.93983 -22.0431
4.18439 -21.9912
4.42895 -21.9393
4.67351 -21.8874
4.91807 -21.8356
5.16262 -21.7837
5.40718 -21.7318
5.65174 -21.6799
5.8963 -21.6281
6.14086 -21.5762
6.38542 -21.5243
6.62997 -21.4724
6.87453 -21.4206
7.11909 -21.3687
7.36365 -21.3168
7.60821 -21.2649
7.85277 -21.213
8.09732 -21.1612
8.34188 -21.1093
8.58644 -21.0574
8.831 -21.0055
9.07556 -20.9537
9.32012 -20.9018
9.56467 -20.8499
9.80923 -20.798
10.0538 -20.7462
10.2983 -20.6943
10.5429 -20.6424
10.7875 -20.5905
11.032 -20.5387
11.2766 -20.4868
11.5211 -20.4349
11.7657 -20.383
12.0103 -20.3312
12.2548 -20.2793
12.4994 -20.2274
12.7439 -20.1755
12.9885 -20.1236
13.233 -20.0718
13.4776 -20.0199
13.7222 -19.968
13.9667 -19.9161
14.2113 -19.8643
14.4558 -19.8124
14.7004 -19.7605
14.945 -19.7086
15.1895 -19.6568
15.4341 -19.6049
15.6786 -19.553
15.9232 -19.5011
16.1677 -19.4493
16.4123 -19.3974
16.6569 -19.3455
16.9014 -19.2936
17.146 -19.2418
17.3905 -19.1899
17.6351 -19.138
17.8797 -19.0861
18.1242 -19.0343
18.3688 -18.9824
18.6133 -18.9305
18.8579 -18.8786
19.1024 -18.8267
19.347 -18.7749
19.5916 -18.723
19.8361 -18.6711
20.0807 -18.6192
20.3252 -18.5674
20.5698 -18.5155
20.8144 -18.4636
21.0589 -18.4117
21.3035 -18.3599
21.548 -18.308
21.7926 -18.2561
22.0371 -18.2042
22.0371 -18.2042
22.0371 -18.2042
22.0371 -18.2042
22.0371 -18.2042
22.0371 -18.2042
22.0371 -18.2042
22.0371 -18.2042
22.0371 -18.2042
22.0371 -18.2042
22.0371 -18.2042
22.0371 -18.2042
22.0371 -18.2042
22.0371 -18.2042
22.0371 -18.2042
22.0371 -18.2042
22.0371 -18.2042
22.0371 -18.2042
22.0371 -18.2042
22.0371 -18.2042
22.0371 -18.2042
22.0371 -18.2042
22.0371 -18.2042
22.0371 -18.2042
22.0371 -18.2042
22.0371 -18.2042
22.0371 -18.2042
22.0371 -18.2042
22.0371 -18.2042
22.0371 -18.2042
22.0371 -18.2042
22.0371 -18.2042
22.0371 -18.2042
22.0371 -18.2042
22.0371 -18.2042
23 -18