-12 -14
-11.7751 -13.8908
-11.5502 -13.7815
-11.3254 -13.6723
-11.1005 -13.5631
-10.8756 -13.4539
-10.6507 -13.3446
-10.4259 -13.2354
-10.201 -13.1262
-9.9761 -13.017
-9.75123 -12.9077
-9.52635 -12.7985
-9.30147 -12.6893
-9.07659 -12.5801
-8.85172 -12.4708
-8.62684 -12.3616
-8.40196 -12.2524
-8.17708 -12.1432
-7.95221 -12.0339
-7.72733 -11.9247
-7.50245 -11.8155
-7.27758 -11.7062
-7.0527 -11.597
-6.82782 -11.4878
-6.60295 -11.3786
-6.37807 -11.2693
-6.15319 -11.1601
-5.92832 -11.0509
-5.70344 -10.9417
-5.47856 -10.8324
-5.25369 -10.7232
-5.02881 -10.614
-4.80393 -10.5048
-4.57905 -10.3955
-4.35418 -10.2863
-4.1293 -10.1771
-3.90442 -10.0679
-3.67955 -9.95863
-3.45467 -9.8494
-3.22979 -9.74018
-3.00492 -9.63095
-2.78004 -9.52172
-2.55516 -9.4125
-2.33028 -9.30327
-2.10541 -9.19405
-1.88053 -9.08482
-1.65565 -8.97559
-1.43078 -8.86637
-1.2059 -8.75714
-0.981021 -8.64791
-0.756144 -8.53869
-0.531267 -8.42946
-0.30639 -8.32024
-0.0815132 -8.21101
0.143364 -8.10178
0.368241 -7.99256
0.593118 -7.88333
0.817995 -7.77411
1.04287 -7.66488
1.26775 -7.55566
1.49263 -7.44643
1.7175 -7.3372
1.94238 -7.22798
2.16726 -7.11875
2.39213 -7.00953
2.61701 -6.9003
2.84189 -6.79107
3.06677 -6.68185
3.29164 -6.57262
3.51652 -6.4634
3.7414 -6.35417
3.96627 -6.24495
4.19115 -6.13572
4.41603 -6.02649
4.64091 -5.91727
4.86578 -5.80804
5.09066 -5.69882
5.31554 -5.58959
5.54041 -5.48037
5.76529 -5.37114
5.99017 -5.26191
6.21504 -5.15269
6.43992 -5.04346
6.6648 -4.93424
6.88967 -4.82501
7.11455 -4.71579
7.33943 -4.60656
7.5643 -4.49733
7.78918 -4.38811
8.01406 -4.27888
8.23894 -4.16966
8.46381 -4.06043
8.68869 -3.95121
8.91357 -3.84198
9.13845 -3.73275
9.36332 -3.62353
9.5882 -3.5143
9.81308 -3.40508
10.038 -3.29585
10.2628 -3.18662
10.4877 -3.0774
10.7126 -2.96817
10.9375 -2.85895
11.1623 -2.74972
11.3872 -2.64049
11.6121 -2.53127
11.837 -2.42204
12.0619 -2.31282
12.2867 -2.20359
12.5116 -2.09436
12.7365 -1.98514
12.9614 -1.87591
13.1862 -1.76669
13.4111 -1.65746
13.636 -1.54823
13.8609 -1.43901
14.0857 -1.32978
14.3106 -1.22056
14.5355 -1.11133
14.7604 -1.0021
14.9853 -0.892877
15.2101 -0.783651
15.435 -0.674425
15.6599 -0.565199
15.8848 -0.455973
16.1096 -0.346747
16.3345 -0.237521
16.5594 -0.128295
16.7843 -0.0190689
17.0091 0.0901571
17.234 0.199383
17.4589 0.308609
17.6838 0.417835
17.9087 0.527061
18.1335 0.636287
18.3584 0.745513
18.5833 0.854739
18.8082 0.963965
19.033 1.07319
19.2579 1.18242
19.4828 1.29164
19.7077 1.40087
19.9325 1.51009
20.1574 1.61932
20.3823 1.72855
20.6072 1.83777
20.832 1.947
21.0569 2.05622
21.2818 2.16545
21.5067 2.27468
21.7316 2.3839
21.9564 2.49313
23 3