-19 -3
-18.7612 -2.9259
-18.5225 -2.8518
-18.2837 -2.7777
-18.0449 -2.7036
-17.8062 -2.6295
-17.5674 -2.5554
-17.3286 -2.4813
-17.0899 -2.4072
-16.8511 -2.3331
-16.6123 -2.259
-16.3736 -2.1849
-16.1348 -2.1108
-15.896 -2.0367
-15.6573 -1.9626
-15.4185 -1.8885
-15.1797 -1.8144
-14.941 -1.7403
-14.7022 -1.6662
-14.4635 -1.5921
-14.2247 -1.518
-13.9859 -1.4439
-13.7472 -1.3698
-13.5084 -1.29571
-13.2696 -1.22161
-13.0309 -1.14751
-12.7921 -1.07341
-12.5533 -0.999306
-12.3146 -0.925206
-12.0758 -0.851106
-11.837 -0.777007
-11.5983 -0.702907
-11.3595 -0.628807
-11.1207 -0.554707
-10.882 -0.480608
-10.6432 -0.406508
-10.4044 -0.332408
-10.1657 -0.258308
-9.9269 -0.184208
-9.68814 -0.110109
-9.44937 -0.0360088
-9.21061 0.0380909
-8.97184 0.112191
-8.73307 0.18629
-8.49431 0.26039
-8.25554 0.33449
-8.01678 0.40859
-7.77801 0.48269
-7.53924 0.556789
-7.30048 0.630889
-7.06171 0.704989
-6.82295 0.779089
-6.58418 0.853188
-6.34541 0.927288
-6.10665 1.00139
-5.86788 1.07549
-5.62912 1.14959
-5.39035 1.22369
-5.15158 1.29779
-4.91282 1.37189
-4.67405 1.44599
-4.43528 1.52009
-4.19652 1.59419
-3.95775 1.66829
-3.71899 1.74239
-3.48022 1.81649
-3.24145 1.89059
-3.00269 1.96469
-2.76392 2.03878
-2.52516 2.11288
-2.28639 2.18698
-2.04762 2.26108
-1.80886 2.33518
-1.57009 2.40928
-1.33133 2.48338
-1.09256 2.55748
-0.853794 2.63158
-0.615028 2.70568
-0.376262 2.77978
-0.137496 2.85388
0.10127 2.92798
0.340036 3.00208
0.578802 3.07618
0.817568 3.15028
1.05633 3.22438
1.2951 3.29848
1.53387 3.37258
1.77263 3.44668
2.0114 3.52078
2.25016 3.59488
2.48893 3.66898
2.7277 3.74308
2.96646 3.81718
3.20523 3.89128
3.44399 3.96538
3.68276 4.03948
3.92153 4.11358
4.16029 4.18768
4.39906 4.26178
4.63783 4.33588
4.87659 4.40998
5.11536 4.48408
5.35412 4.55818
5.59289 4.63228
5.83166 4.70638
6.07042 4.78048
6.30919 4.85458
6.54795 4.92868
6.78672 5.00278
7.02549 5.07688
7.26425 5.15098
7.50302 5.22508
7.74179 5.29918
7.98055 5.37327
8.21932 5.44737
8.45808 5.52147
8.69685 5.59557
8.93561 5.66967
9.17438 5.74377
9.20911 5.78948
9.20911 5.78948
9.20911 5.78948
9.20911 5.78948
9.20911 5.78948
9.20911 5.78948
9.20911 5.78948
9.20911 5.78948
9.20911 5.78948
9.20911 5.78948
9.20911 5.78948
9.20911 5.78948
9.20911 5.78948
9.20911 5.78948
9.20911 5.78948
9.20911 5.78948
9.20911 5.78948
9.20911 5.78948
9.20911 5.78948
9.20911 5.78948
9.20911 5.78948
9.20911 5.78948
9.20911 5.78948
9.20911 5.78948
9.20911 5.78948
9.20911 5.78948
9.20911 5.78948
9.20911 5.78948
9.20911 5.78948
9.20911 5.78948
9.20911 5.78948
9.20911 5.78948
9.20911 5.78948
10 6