23 -25
22.9724 -24.7515
22.9448 -24.5031
22.9172 -24.2546
22.8896 -24.0061
22.862 -23.7576
22.8344 -23.5092
22.8067 -23.2607
22.7791 -23.0122
22.7515 -22.7638
22.7239 -22.5153
22.6963 -22.2668
22.6687 -22.0184
22.6411 -21.7699
22.6135 -21.5214
22.5859 -21.2729
22.5583 -21.0245
22.5307 -20.776
22.5031 -20.5275
22.4755 -20.2791
22.4478 -20.0306
22.4202 -19.7821
22.3926 -19.5337
22.365 -19.2852
22.3374 -19.0367
22.3098 -18.7882
22.2822 -18.5398
22.2546 -18.2913
22.227 -18.0428
22.1994 -17.7944
22.1718 -17.5459
22.1442 -17.2974
22.1166 -17.049
22.0889 -16.8005
22.0613 -16.552
22.0337 -16.3035
22.0061 -16.0551
21.9785 -15.8066
21.9509 -15.5581
21.9233 -15.3097
21.8957 -15.0612
21.8681 -14.8127
21.8405 -14.5642
21.8129 -14.3158
21.7853 -14.0673
21.7576 -13.8188
21.73 -13.5704
21.7024 -13.3219
21.6748 -13.0734
21.6472 -12.8249
21.6196 -12.5765
21.592 -12.328
21.5644 -12.0795
21.5368 -11.8311
21.5092 -11.5826
21.4816 -11.3341
21.454 -11.0856
21.4264 -10.8372
21.3987 -10.5887
21.3711 -10.3402
21.3435 -10.0918
21.3159 -9.84329
21.2883 -9.59482
21.2607 -9.34634
21.2331 -9.09787
21.2055 -8.8494
21.1779 -8.60093
21.1503 -8.35246
21.1227 -8.10399
21.0951 -7.85552
21.0951 -7.85552
21.0951 -7.85552
21.0951 -7.85552
21.0951 -7.85552
21.0951 -7.85552
21.0951 -7.85552
21.0951 -7.85552
21.0951 -7.85552
21.0951 -7.85552
21.0951 -7.85552
21.0951 -7.85552
21.0951 -7.85552
21.0951 -7.85552
21.0951 -7.85552
21.0951 -7.85552
21.0951 -7.85552
21.0951 -7.85552
21.0951 -7.85552
21.0951 -7.85552
21.0951 -7.85552
21.0951 -7.85552
21.0951 -7.85552
21.0951 -7.85552
21.0951 -7.85552
21.0951 -7.85552
21.0951 -7.85552
21.0951 -7.85552
21.0951 -7.85552
21.0951 -7.85552
21.0951 -7.85552
21.0951 -7.85552
21.0951 -7.85552
21.0951 -7.85552
21.0951 -7.85552
21.0951 -7.85552
21.0951 -7.85552
21.0951 -7.85552
21.0951 -7.85552
21.0951 -7.85552
21.0951 -7.85552
21.0951 -7.85552
21.0951 -7.85552
21.0951 -7.85552
21.0951 -7.85552
21.0951 -7.85552
21.0951 -7.85552
21.0951 -7.85552
21.0951 -7.85552
21.0951 -7.85552
21.0951 -7.85552
21.0951 -7.85552
21.0951 -7.85552
21.0951 -7.85552
21.0951 -7.85552
21.0951 -7.85552
21.0951 -7.85552
21.0951 -7.85552
21.0951 -7.85552
21.0951 -7.85552
21.0951 -7.85552
21.0951 -7.85552
21.0951 -7.85552
21.0951 -7.85552
21.0951 -7.85552
21.0951 -7.85552
21.0951 -7.85552
21.0951 -7.85552
21.0951 -7.85552
21.0951 -7.85552
21.0951 -7.85552
21.0951 -7.85552
21.0951 -7.85552
21.0951 -7.85552
21.0951 -7.85552
21.0951 -7.85552
21.0951 -7.85552
21.0951 -7.85552
21.0951 -7.85552
21.0951 -7.85552
21.0951 -7.85552
21.0951 -7.85552
21.0951 -7.85552
21 -7