-6 22
-5.85942 21.7933
-5.71885 21.5865
-5.57827 21.3798
-5.43769 21.1731
-5.29711 20.9663
-5.15654 20.7596
-5.01596 20.5529
-4.87538 20.3461
-4.7348 20.1394
-4.59423 19.9327
-4.45365 19.726
-4.31307 19.5192
-4.17249 19.3125
-4.03192 19.1058
-3.89134 18.899
-3.75076 18.6923
-3.61018 18.4856
-3.46961 18.2788
-3.32903 18.0721
-3.18845 17.8654
-3.04787 17.6586
-2.9073 17.4519
-2.76672 17.2452
-2.62614 17.0384
-2.48556 16.8317
-2.34499 16.625
-2.20441 16.4182
-2.06383 16.2115
-1.92325 16.0048
-1.78268 15.798
-1.6421 15.5913
-1.50152 15.3846
-1.36094 15.1779
-1.22037 14.9711
-1.07979 14.7644
-0.939211 14.5577
-0.798634 14.3509
-0.658056 14.1442
-0.517479 13.9375
-0.376901 13.7307
-0.236324 13.524
-0.095746 13.3173
0.0448315 13.1105
0.185409 12.9038
0.325987 12.6971
0.466564 12.4903
0.607142 12.2836
0.747719 12.0769
0.888297 11.8701
1.02887 11.6634
1.16945 11.4567
1.31003 11.2499
1.45061 11.0432
1.59118 10.8365
1.73176 10.6298
1.87234 10.423
2.01292 10.2163
2.15349 10.0096
2.29407 9.80282
2.43465 9.59609
2.57523 9.38936
2.71581 9.18263
2.85638 8.9759
2.99696 8.76917
3.13754 8.56243
3.27812 8.3557
3.41869 8.14897
3.55927 7.94224
3.69985 7.73551
3.84043 7.52877
3.981 7.32204
4.12158 7.11531
4.26216 6.90858
4.40274 6.70185
4.54331 6.49512
4.68389 6.28838
4.82447 6.08165
4.96505 5.87492
5.10563 5.66819
5.2462 5.46146
5.38678 5.25473
5.52736 5.048
5.66794 4.84126
5.80851 4.63453
5.94909 4.4278
6.08967 4.22107
6.23025 4.01434
6.37083 3.80761
6.5114 3.60087
6.65198 3.39414
6.79256 3.18741
6.93314 2.98068
7.07371 2.77395
7.21429 2.56722
7.35487 2.36048
7.49545 2.15375
7.63602 1.94702
7.7766 1.74029
7.91718 1.53356
8.05776 1.32683
8.19833 1.12009
8.33891 0.913363
8.47949 0.706632
8.62007 0.4999
8.76064 0.293169
8.90122 0.086437
9.0418 -0.120295
9.18237 -0.327026
9.32295 -0.533758
9.46353 -0.740489
9.60411 -0.947221
9.74468 -1.15395
9.88526 -1.36068
10.0258 -1.56741
10.1664 -1.77415
10.307 -1.98088
10.4476 -2.18761
10.4476 -2.18761
10.4476 -2.18761
10.4476 -2.18761
10.4476 -2.18761
10.4476 -2.18761
10.4476 -2.18761
10.4476 -2.18761
10.4476 -2.18761
10.4476 -2.18761
10.4476 -2.18761
10.4476 -2.18761
10.4476 -2.18761
10.4476 -2.18761
10.4476 -2.18761
10.4476 -2.18761
10.4476 -2.18761
10.4476 -2.18761
10.4476 -2.18761
10.4476 -2.18761
10.4476 -2.18761
10.4476 -2.18761
10.4476 -2.18761
10.4476 -2.18761
10.4476 -2.18761
10.4476 -2.18761
10.4476 -2.18761
10.4476 -2.18761
10.4476 -2.18761
10.4476 -2.18761
10.4476 -2.18761
10.4476 -2.18761
10.4476 -2.18761
10.4476 -2.18761
10.4476 -2.18761
11 -3