-25 23
-24.9798 22.7508
-24.9596 22.5016
-24.9394 22.2525
-24.9192 22.0033
-24.899 21.7541
-24.8788 21.5049
-24.8586 21.2557
-24.8384 21.0065
-24.8182 20.7574
-24.798 20.5082
-24.7778 20.259
-24.7575 20.0098
-24.7373 19.7606
-24.7171 19.5115
-24.6969 19.2623
-24.6767 19.0131
-24.6565 18.7639
-24.6363 18.5147
-24.6161 18.2655
-24.5959 18.0164
-24.5757 17.7672
-24.5555 17.518
-24.5353 17.2688
-24.5151 17.0196
-24.4949 16.7705
-24.4747 16.5213
-24.4545 16.2721
-24.4343 16.0229
-24.4141 15.7737
-24.3939 15.5245
-24.3737 15.2754
-24.3535 15.0262
-24.3333 14.777
-24.313 14.5278
-24.2928 14.2786
-24.2726 14.0294
-24.2524 13.7803
-24.2322 13.5311
-24.212 13.2819
-24.1918 13.0327
-24.1716 12.7835
-24.1514 12.5344
-24.1312 12.2852
-24.111 12.036
-24.0908 11.7868
-24.0706 11.5376
-24.0504 11.2884
-24.0302 11.0393
-24.01 10.7901
-23.9898 10.5409
-23.9696 10.2917
-23.9494 10.0425
-23.9292 9.79334
-23.909 9.54416
-23.8888 9.29498
-23.8685 9.0458
-23.8483 8.79661
-23.8281 8.54743
-23.8079 8.29825
-23.7877 8.04906
-23.7675 7.79988
-23.7473 7.5507
-23.7271 7.30152
-23.7069 7.05234
-23.6867 6.80315
-23.6665 6.55397
-23.6463 6.30479
-23.6261 6.05561
-23.6059 5.80642
-23.5857 5.55724
-23.5655 5.30806
-23.5453 5.05888
-23.5251 4.8097
-23.5049 4.56051
-23.4847 4.31133
-23.4645 4.06215
-23.4443 3.81297
-23.4241 3.56378
-23.4039 3.3146
-23.3837 3.06542
-23.3635 2.81624
-23.3433 2.56706
-23.323 2.31787
-23.3028 2.06869
-23.2826 1.81951
-23.2624 1.57033
-23.2422 1.32114
-23.222 1.07196
-23.2018 0.82278
-23.1816 0.573597
-23.1614 0.324415
-23.1412 0.0752329
-23.121 -0.173949
-23.1008 -0.423132
-23.0806 -0.672314
-23.0604 -0.921496
-23.0402 -1.17068
-23.02 -1.41986
-22.9998 -1.66904
-22.9796 -1.91823
-22.9594 -2.16741
-22.9392 -2.41659
-22.919 -2.66577
-22.8988 -2.91495
-22.8786 -3.16414
-22.8584 -3.41332
-22.8382 -3.6625
-22.818 -3.91168
-22.7978 -4.16087
-22.7775 -4.41005
-22.7573 -4.65923
-22.7371 -4.90841
-22.7169 -5.15759
-22.6967 -5.40678
-22.6765 -5.65596
-22.6563 -5.90514
-22.6361 -6.15432
-22.6159 -6.40351
-22.5957 -6.65269
-22.5755 -6.90187
-22.5553 -7.15105
-22.5351 -7.40023
-22.5149 -7.64942
-22.4947 -7.8986
-22.4745 -8.14778
-22.4543 -8.39696
-22.4341 -8.64615
-22.4139 -8.89533
-22.3937 -9.14451
-22.3735 -9.39369
-22.3533 -9.64288
-22.3331 -9.89206
-22.3129 -10.1412
-22.2927 -10.3904
-22.2725 -10.6396
-22.2523 -10.8888
-22.2321 -11.138
-22.2118 -11.3872
-22.1916 -11.6363
-22.1714 -11.8855
-22.1512 -12.1347
-22.131 -12.3839
-22.1108 -12.6331
-22.0906 -12.8823
-22.0704 -13.1314
-22.0704 -13.1314
-22.0704 -13.1314
-22.0704 -13.1314
-22.0704 -13.1314
-22.0704 -13.1314
-22.0704 -13.1314
-22 -14