-9 -6
-8.7949 -5.85705
-8.5898 -5.7141
-8.3847 -5.57116
-8.1796 -5.42821
-7.9745 -5.28526
-7.7694 -5.14231
-7.5643 -4.99936
-7.35921 -4.85641
-7.15411 -4.71347
-6.94901 -4.57052
-6.74391 -4.42757
-6.53881 -4.28462
-6.33371 -4.14167
-6.12861 -3.99873
-5.92351 -3.85578
-5.71841 -3.71283
-5.51331 -3.56988
-5.30821 -3.42693
-5.10311 -3.28399
-4.89801 -3.14104
-4.69291 -2.99809
-4.48781 -2.85514
-4.28271 -2.71219
-4.07761 -2.56924
-3.87251 -2.4263
-3.66741 -2.28335
-3.46231 -2.1404
-3.25721 -1.99745
-3.05211 -1.8545
-2.84701 -1.71156
-2.64191 -1.56861
-2.43682 -1.42566
-2.23172 -1.28271
-2.02662 -1.13976
-1.82152 -0.996815
-1.61642 -0.853867
-1.41132 -0.710918
-1.20622 -0.56797
-1.00112 -0.425022
-0.796019 -0.282074
-0.590919 -0.139126
-0.38582 0.00382236
-0.18072 0.146771
0.0243794 0.289719
0.229479 0.432667
0.434579 0.575615
0.639678 0.718563
0.844778 0.861511
1.04988 1.00446
1.25498 1.14741
1.46008 1.29036
1.66518 1.4333
1.87028 1.57625
2.07538 1.7192
2.28047 1.86215
2.48557 2.0051
2.69067 2.14804
2.89577 2.29099
3.10087 2.43394
3.30597 2.57689
3.51107 2.71984
3.71617 2.86279
3.92127 3.00573
4.12637 3.14868
4.33147 3.29163
4.53657 3.43458
4.74167 3.57753
4.94677 3.72047
5.15187 3.86342
5.35697 4.00637
5.56207 4.14932
5.76717 4.29227
5.97227 4.43522
6.17737 4.57816
6.38247 4.72111
6.58757 4.86406
6.79267 5.00701
6.99777 5.14996
7.20286 5.2929
7.40796 5.43585
7.61306 5.5788
7.81816 5.72175
8.02326 5.8647
8.22836 6.00765
8.43346 6.15059
8.63856 6.29354
8.84366 6.43649
9.04876 6.57944
9.25386 6.72239
9.45896 6.86533
9.66406 7.00828
9.86915 7.15123
10.0743 7.29418
10.2794 7.43713
10.4845 7.58007
10.6896 7.72302
10.8947 7.86597
11.0997 8.00892
11.3048 8.15187
11.5099 8.29482
11.715 8.43776
11.9201 8.58071
12.1252 8.72366
12.3303 8.86661
12.5354 9.00956
12.7405 9.1525
12.9456 9.29545
13.1507 9.4384
13.3558 9.58135
13.5609 9.7243
13.766 9.86724
13.9711 10.0102
14.1762 10.1531
14.3813 10.2961
14.5864 10.439
14.7915 10.582
14.9966 10.7249
15.2017 10.8679
15.4068 11.0108
15.6119 11.1538
15.817 11.2967
16.0221 11.4397
16.2272 11.5826
16.4323 11.7256
16.6374 11.8685
16.8425 12.0115
17.0476 12.1544
17.2527 12.2974
17.4578 12.4403
17.6629 12.5833
17.868 12.7262
18.0731 12.8692
18.2782 13.0121
18.4833 13.1551
18.6884 13.298
18.8935 13.4409
19.0986 13.5839
19.3037 13.7268
19.5088 13.8698
19.7139 14.0127
19.919 14.1557
20.1241 14.2986
20.3292 14.4416
20.5343 14.5845
20.7394 14.7275
20.9445 14.8704
21.1496 15.0134
21.3547 15.1563
21.5598 15.2993
21.7649 15.4422
21.97 15.5852
22.1751 15.7281
22.3802 15.8711
22.5853 16.014
22.7904 16.157
22.9955 16.2999
24 17