-23 -6
-22.8658 -6.21092
-22.7316 -6.42183
-22.5973 -6.63275
-22.4631 -6.84366
-22.3289 -7.05458
-22.1947 -7.26549
-22.0605 -7.47641
-21.9263 -7.68732
-21.792 -7.89824
-21.6578 -8.10915
-21.5236 -8.32007
-21.3894 -8.53099
-21.2552 -8.7419
-21.1209 -8.95282
-20.9867 -9.16373
-20.8525 -9.37465
-20.7183 -9.58556
-20.5841 -9.79648
-20.4499 -10.0074
-20.3156 -10.2183
-20.1814 -10.4292
-20.0472 -10.6401
-19.913 -10.8511
-19.7788 -11.062
-19.6445 -11.2729
-19.5103 -11.4838
-19.3761 -11.6947
-19.2419 -11.9056
-19.1077 -12.1166
-18.9734 -12.3275
-18.8392 -12.5384
-18.705 -12.7493
-18.5708 -12.9602
-18.4366 -13.1711
-18.3023 -13.382
-18.1681 -13.593
-18.0339 -13.8039
-17.8997 -14.0148
-17.7655 -14.2257
-17.6312 -14.4366
-17.497 -14.6475
-17.3628 -14.8585
-17.2286 -15.0694
-17.0944 -15.2803
-16.9601 -15.4912
-16.8259 -15.7021
-16.6917 -15.913
-16.5575 -16.1239
-16.4233 -16.3349
-16.436 -16.5161
-16.4603 -16.526
-16.4603 -16.526
-16.4603 -16.526
-16.4603 -16.526
-16.4603 -16.526
-16.4603 -16.526
-16.4603 -16.526
-16.4603 -16.526
-16.4603 -16.526
-16.4603 -16.526
-16.4603 -16.526
-16.4603 -16.526
-16.4603 -16.526
-16.4603 -16.526
-16.4603 -16.526
-16.4603 -16.526
-16.4603 -16.526
-16.4603 -16.526
-16.4603 -16.526
-16.4603 -16.526
-16.4603 -16.526
-16.4603 -16.526
-16.4603 -16.526
-16.4603 -16.526
-16.4603 -16.526
-16.4603 -16.526
-16.4603 -16.526
-16.4603 -16.526
-16.4603 -16.526
-16.4603 -16.526
-16.4603 -16.526
-16.4603 -16.526
-16.4603 -16.526
-16.4603 -16.526
-16.4603 -16.526
-16.4603 -16.526
-16.4603 -16.526
-16.4603 -16.526
-16.4603 -16.526
-16.4603 -16.526
-16.4603 -16.526
-16.4603 -16.526
-16.4603 -16.526
-16.4603 -16.526
-16.4603 -16.526
-16.4603 -16.526
-16.4603 -16.526
-16.4603 -16.526
-16.4603 -16.526
-16.4603 -16.526
-16.4603 -16.526
-16.4603 -16.526
-16.4603 -16.526
-16.4603 -16.526
-16.4603 -16.526
-16.4603 -16.526
-16.4603 -16.526
-16.4603 -16.526
-16.4603 -16.526
-16.4603 -16.526
-16.4603 -16.526
-16.4603 -16.526
-16.4603 -16.526
-16.4603 -16.526
-16.4603 -16.526
-16.4603 -16.526
-16.4603 -16.526
-16.4603 -16.526
-16.4603 -16.526
-16.4603 -16.526
-16.4603 -16.526
-16.4603 -16.526
-16.4603 -16.526
-16.4603 -16.526
-16.4603 -16.526
-16.4603 -16.526
-16.4603 -16.526
-16.4603 -16.526
-16.4603 -16.526
-16.4603 -16.526
-16.4603 -16.526
-16.4603 -16.526
-16.4603 -16.526
-16.4603 -16.526
-16.4603 -16.526
-16.4603 -16.526
-16.4603 -16.526
-16.4603 -16.526
-16.4603 -16.526
-16.4603 -16.526
-16.4603 -16.526
-16.4603 -16.526
-16.4603 -16.526
-16.4603 -16.526
-16.4603 -16.526
-16.4603 -16.526
-16.4603 -16.526
-16.4603 -16.526
-16.4603 -16.526
-16.4603 -16.526
-16.4603 -16.526
-16.4603 -16.526
-16.4603 -16.526
-16.4603 -16.526
-16.4603 -16.526
-16.4603 -16.526
-16 -17