-21 3
-20.8356 2.87103
-20.6878 2.66941
-20.54 2.46779
-20.3922 2.26618
-20.2444 2.06456
-20.0965 1.86294
-19.9487 1.66133
-19.8009 1.45971
-19.6531 1.25809
-19.5053 1.05647
-19.3574 0.854857
-19.2096 0.65324
-19.0618 0.451623
-18.914 0.250006
-18.7662 0.0483886
-18.6183 -0.153229
-18.4705 -0.354846
-18.3227 -0.556463
-18.1749 -0.75808
-18.0271 -0.959697
-17.8792 -1.16131
-17.7314 -1.36293
-17.5836 -1.56455
-17.4358 -1.76617
-17.288 -1.96778
-17.1401 -2.1694
-16.9923 -2.37102
-16.8445 -2.57263
-16.6967 -2.77425
-16.5489 -2.97587
-16.4011 -3.17749
-16.2532 -3.3791
-16.1054 -3.58072
-15.9576 -3.78234
-15.8098 -3.98396
-15.662 -4.18557
-15.5141 -4.38719
-15.3663 -4.58881
-15.2185 -4.79042
-15.0707 -4.99204
-14.9229 -5.19366
-14.775 -5.39528
-14.6272 -5.59689
-14.4794 -5.79851
-14.3316 -6.00013
-14.1838 -6.20175
-14.0359 -6.40336
-13.8881 -6.60498
-13.7403 -6.8066
-13.5925 -7.00821
-13.4447 -7.20983
-13.2968 -7.41145
-13.149 -7.61307
-13.0012 -7.81468
-12.8534 -8.0163
-12.7056 -8.21792
-12.5577 -8.41953
-12.4099 -8.62115
-12.2621 -8.82277
-12.1143 -9.02439
-11.9665 -9.226
-11.8186 -9.42762
-11.6708 -9.62924
-11.523 -9.83086
-11.3752 -10.0325
-11.2274 -10.2341
-11.0796 -10.4357
-10.9317 -10.6373
-10.7839 -10.8389
-10.6361 -11.0406
-10.4883 -11.2422
-10.3405 -11.4438
-10.1926 -11.6454
-10.0448 -11.847
-9.897 -12.0486
-9.74918 -12.2503
-9.60136 -12.4519
-9.45354 -12.6535
-9.30573 -12.8551
-9.15791 -13.0567
-9.01009 -13.2583
-8.86227 -13.46
-8.71445 -13.6616
-8.56663 -13.8632
-8.41881 -14.0648
-8.27099 -14.2664
-8.12317 -14.4681
-7.97535 -14.6697
-7.82753 -14.8713
-7.67972 -15.0729
-7.5319 -15.2745
-7.49616 -15.2909
-7.49616 -15.2909
-7.49616 -15.2909
-7.49616 -15.2909
-7.49616 -15.2909
-7.49616 -15.2909
-7.49616 -15.2909
-7.49616 -15.2909
-7.49616 -15.2909
-7.49616 -15.2909
-7.49616 -15.2909
-7.49616 -15.2909
-7.49616 -15.2909
-7.49616 -15.2909
-7.49616 -15.2909
-7.49616 -15.2909
-7.49616 -15.2909
-7.49616 -15.2909
-7.49616 -15.2909
-7.49616 -15.2909
-7.49616 -15.2909
-7.49616 -15.2909
-7.49616 -15.2909
-7.49616 -15.2909
-7.49616 -15.2909
-7.49616 -15.2909
-7.49616 -15.2909
-7.49616 -15.2909
-7.49616 -15.2909
-7.49616 -15.2909
-7.49616 -15.2909
-7.49616 -15.2909
-7.49616 -15.2909
-7.49616 -15.2909
-7.49616 -15.2909
-7.49616 -15.2909
-7.49616 -15.2909
-7.49616 -15.2909
-7.49616 -15.2909
-7.49616 -15.2909
-7.49616 -15.2909
-7.49616 -15.2909
-7.49616 -15.2909
-7.49616 -15.2909
-7.49616 -15.2909
-7.49616 -15.2909
-7.49616 -15.2909
-7.49616 -15.2909
-7.49616 -15.2909
-7.49616 -15.2909
-7.49616 -15.2909
-7.49616 -15.2909
-7.49616 -15.2909
-7.49616 -15.2909
-7.49616 -15.2909
-7.49616 -15.2909
-7.49616 -15.2909
-7.49616 -15.2909
-7.49616 -15.2909
-7.49616 -15.2909
-7.49616 -15.2909
-7.49616 -15.2909
-7.49616 -15.2909
-7.49616 -15.2909
-7.49616 -15.2909
-7 -16