7 -8
6.79896 -8.1486
6.59791 -8.2972
6.39687 -8.44579
6.19582 -8.59439
5.99478 -8.74299
5.79374 -8.89159
5.59269 -9.04018
5.39165 -9.18878
5.1906 -9.33738
4.98956 -9.48598
4.78852 -9.63457
4.58747 -9.78317
4.38643 -9.93177
4.18538 -10.0804
3.98434 -10.229
3.78329 -10.3776
3.58225 -10.5262
3.38121 -10.6748
3.18016 -10.8234
2.97912 -10.972
2.77807 -11.1206
2.57703 -11.2691
2.37599 -11.4177
2.17494 -11.5663
1.9739 -11.7149
1.77285 -11.8635
1.57181 -12.0121
1.37077 -12.1607
1.16972 -12.3093
0.968678 -12.4579
0.767634 -12.6065
0.56659 -12.7551
0.365546 -12.9037
0.164501 -13.0523
-0.0365425 -13.2009
-0.237587 -13.3495
-0.438631 -13.4981
-0.639675 -13.6467
-0.840719 -13.7953
-1.04176 -13.9439
-1.24281 -14.0925
-1.44385 -14.2411
-1.64489 -14.3897
-1.84594 -14.5383
-2.04698 -14.6869
-2.24803 -14.8355
-2.44907 -14.9841
-2.65012 -15.1327
-2.85116 -15.2813
-3.0522 -15.4299
-3.25325 -15.5785
-3.45429 -15.7271
-3.65534 -15.8757
-3.85638 -16.0243
-4.05742 -16.1729
-4.25847 -16.3215
-4.45951 -16.4701
-4.66056 -16.6187
-4.8616 -16.7673
-5.06264 -16.9159
-5.26369 -17.0645
-5.46473 -17.2131
-5.66578 -17.3617
-5.86682 -17.5103
-6.06786 -17.6589
-6.26891 -17.8074
-6.46995 -17.956
-6.671 -18.1046
-6.87204 -18.2532
-7.07308 -18.4018
-7.27413 -18.5504
-7.47517 -18.699
-7.67622 -18.8476
-7.87726 -18.9962
-8.07831 -19.1448
-8.27935 -19.2934
-8.48039 -19.442
-8.68144 -19.5906
-8.88248 -19.7392
-9.08353 -19.8878
-9.28457 -20.0364
-9.48561 -20.185
-9.68666 -20.3336
-9.8877 -20.4822
-10.0887 -20.6308
-10.2898 -20.7794
-10.4908 -20.928
-10.6919 -21.0766
-10.8929 -21.2252
-11.094 -21.3738
-11.295 -21.5224
-11.4961 -21.671
-11.6971 -21.8196
-11.8981 -21.9682
-12.0992 -22.1168
-12.3002 -22.2654
-12.5013 -22.414
-12.7023 -22.5626
-12.9034 -22.7112
-13.1044 -22.8598
-13.3055 -23.0084
-13.5065 -23.157
-13.7075 -23.3056
-13.9086 -23.4542
-14.1096 -23.6028
-14.3107 -23.7514
-14.5117 -23.9
-14.7128 -24.0486
-14.9138 -24.1972
-15.1148 -24.3457
-15.3159 -24.4943
-15.3396 -24.5421
-15.3396 -24.5421
-15.3396 -24.5421
-15.3396 -24.5421
-15.3396 -24.5421
-15.3396 -24.5421
-15.3396 -24.5421
-15.3396 -24.5421
-15.3396 -24.5421
-15.3396 -24.5421
-15.3396 -24.5421
-15.3396 -24.5421
-15.3396 -24.5421
-15.3396 -24.5421
-15.3396 -24.5421
-15.3396 -24.5421
-15.3396 -24.5421
-15.3396 -24.5421
-15.3396 -24.5421
-15.3396 -24.5421
-15.3396 -24.5421
-15.3396 -24.5421
-15.3396 -24.5421
-15.3396 -24.5421
-15.3396 -24.5421
-15.3396 -24.5421
-15.3396 -24.5421
-15.3396 -24.5421
-15.3396 -24.5421
-15.3396 -24.5421
-15.3396 -24.5421
-15.3396 -24.5421
-15.3396 -24.5421
-15.3396 -24.5421
-15.3396 -24.5421
-15.3396 -24.5421
-15.3396 -24.5421
-15.3396 -24.5421
-15.3396 -24.5421
-15.3396 -24.5421
-15.3396 -24.5421
-15.3396 -24.5421
-15.3396 -24.5421
-15.3396 -24.5421
-15.3396 -24.5421
-16 -25