25 -5
24.75 -5
24.5 -5
24.25 -5
24 -5
24 -5
24 -5
24 -5
24 -5
24 -5
24 -5
24 -5
24 -5
24 -5
24 -5
24 -5
24 -5
24 -5
24 -5
24 -5
24 -5
24 -5
24 -5
24 -5
24 -5
24 -5
24 -5
24 -5
24 -5
24 -5
24 -5
24 -5
24 -5
24 -5
24 -5
24 -5
24 -5
24 -5
24 -5
24 -5
24 -5
24 -5
24 -5
24 -5
24 -5
24 -5
24 -5
24 -5
24 -5
24 -5
24 -5
24 -5
24 -5
24 -5
24 -5
24 -5
24 -5
24 -5
24 -5
24 -5
24 -5
24 -5
24 -5
24 -5
24 -5
24 -5
24 -5
24 -5
24 -5
24 -5
24 -5
24 -5
24 -5
24 -5
24 -5
24 -5
24 -5
24 -5
24 -5
24 -5
24 -5
24 -5
24 -5
24 -5
24 -5
24 -5
24 -5
24 -5
24 -5
24 -5
24 -5
24 -5
24 -5
24 -5
24 -5
24 -5
24 -5
24 -5
24 -5
24 -5
24 -5
24 -5
24 -5
24 -5
24 -5
24 -5
24 -5
24 -5
24 -5
24 -5
24 -5
24 -5
24 -5
24 -5
24 -5
24 -5
24 -5
24 -5
24 -5
24 -5
24 -5
24 -5
24 -5
24 -5
24 -5
24 -5
24 -5
24 -5
24 -5
24 -5
24 -5
24 -5
24 -5
24 -5
24 -5
24 -5
24 -5
24 -5
24 -5
24 -5
24 -5
24 -5
24 -5
24 -5
24 -5
24 -5
24 -5
24 -5
24 -5
24 -5
24 -5
24 -5
24 -5
24 -5
24 -5
24 -5
24 -5
23 -5