16 21
15.8488 21.0066
15.621 20.9035
15.3933 20.8004
15.1656 20.6972
14.9378 20.5941
14.7101 20.491
14.4823 20.3879
14.2546 20.2848
14.0268 20.1816
13.7991 20.0785
13.5714 19.9754
13.3436 19.8723
13.1159 19.7692
12.8881 19.666
12.6604 19.5629
12.4326 19.4598
12.2049 19.3567
11.9772 19.2536
11.7494 19.1505
11.5217 19.0473
11.2939 18.9442
11.0662 18.8411
10.8385 18.738
10.6107 18.6349
10.383 18.5317
10.1552 18.4286
9.92748 18.3255
9.69974 18.2224
9.472 18.1193
9.24426 18.0162
9.01652 17.913
8.78877 17.8099
8.56103 17.7068
8.33329 17.6037
8.10555 17.5006
7.8778 17.3975
7.8778 17.3975
7.8778 17.3975
7.8778 17.3975
7.8778 17.3975
7.8778 17.3975
7.8778 17.3975
7.8778 17.3975
7.8778 17.3975
7.8778 17.3975
7.8778 17.3975
7.8778 17.3975
7.8778 17.3975
7.8778 17.3975
7.8778 17.3975
7.8778 17.3975
7.8778 17.3975
7.8778 17.3975
7.8778 17.3975
7.8778 17.3975
7.8778 17.3975
7.8778 17.3975
7.8778 17.3975
7.8778 17.3975
7.8778 17.3975
7.8778 17.3975
7.8778 17.3975
7.8778 17.3975
7.8778 17.3975
7.8778 17.3975
7.8778 17.3975
7.8778 17.3975
7.8778 17.3975
7.8778 17.3975
7.8778 17.3975
7.8778 17.3975
7.8778 17.3975
7.8778 17.3975
7.8778 17.3975
7.8778 17.3975
7.8778 17.3975
7.8778 17.3975
7.8778 17.3975
7.8778 17.3975
7.8778 17.3975
7.8778 17.3975
7.8778 17.3975
7.8778 17.3975
7.8778 17.3975
7.8778 17.3975
7.8778 17.3975
7.8778 17.3975
7.8778 17.3975
7.8778 17.3975
7.8778 17.3975
7.8778 17.3975
7.8778 17.3975
7.8778 17.3975
7.8778 17.3975
7.8778 17.3975
7.8778 17.3975
7.8778 17.3975
7.8778 17.3975
7.8778 17.3975
7.8778 17.3975
7.8778 17.3975
7.8778 17.3975
7.8778 17.3975
7.8778 17.3975
7.8778 17.3975
7.8778 17.3975
7.8778 17.3975
7.8778 17.3975
7.8778 17.3975
7.8778 17.3975
7.8778 17.3975
7.8778 17.3975
7.8778 17.3975
7.8778 17.3975
7.8778 17.3975
7.8778 17.3975
7.8778 17.3975
7.8778 17.3975
7.8778 17.3975
7.8778 17.3975
7.8778 17.3975
7.8778 17.3975
7.8778 17.3975
7.8778 17.3975
7.8778 17.3975
7.8778 17.3975
7.8778 17.3975
7.8778 17.3975
7.8778 17.3975
7.8778 17.3975
7.8778 17.3975
7.8778 17.3975
7.8778 17.3975
7.8778 17.3975
7.8778 17.3975
7 17