-23 8
-22.9699 7.75182
-22.9398 7.50363
-22.9098 7.25545
-22.8797 7.00727
-22.8496 6.75908
-22.8195 6.5109
-22.7894 6.26272
-22.7593 6.01453
-22.7293 5.76635
-22.6992 5.51817
-22.6691 5.26998
-22.639 5.0218
-22.6089 4.77362
-22.5788 4.52543
-22.5488 4.27725
-22.5187 4.02907
-22.4886 3.78088
-22.4585 3.5327
-22.4284 3.28452
-22.3983 3.03633
-22.3683 2.78815
-22.3382 2.53997
-22.3081 2.29178
-22.278 2.0436
-22.2479 1.79542
-22.2178 1.54723
-22.1878 1.29905
-22.1577 1.05087
-22.1276 0.802683
-22.0975 0.554499
-22.0674 0.306316
-22.0374 0.0581324
-22.0073 -0.190051
-21.9772 -0.438234
-21.9471 -0.686418
-21.917 -0.934601
-21.8869 -1.18278
-21.8569 -1.43097
-21.8268 -1.67915
-21.7967 -1.92734
-21.7666 -2.17552
-21.7365 -2.4237
-21.7064 -2.67189
-21.6764 -2.92007
-21.6463 -3.16825
-21.6162 -3.41644
-21.5861 -3.66462
-21.556 -3.9128
-21.5259 -4.16099
-21.4959 -4.40917
-21.4658 -4.65735
-21.4357 -4.90554
-21.4056 -5.15372
-21.3755 -5.4019
-21.3455 -5.65009
-21.3154 -5.89827
-21.2853 -6.14645
-21.2552 -6.39464
-21.2251 -6.64282
-21.195 -6.891
-21.165 -7.13919
-21.1349 -7.38737
-21.1048 -7.63555
-21.0747 -7.88374
-21.0446 -8.13192
-21.0145 -8.3801
-20.9845 -8.62829
-20.9544 -8.87647
-20.9243 -9.12465
-20.8942 -9.37284
-20.8641 -9.62102
-20.834 -9.8692
-20.804 -10.1174
-20.7739 -10.3656
-20.7438 -10.6138
-20.7137 -10.8619
-20.6836 -11.1101
-20.6535 -11.3583
-20.6235 -11.6065
-20.5934 -11.8547
-20.5633 -12.1029
-20.5332 -12.351
-20.5031 -12.5992
-20.4731 -12.8474
-20.443 -13.0956
-20.4129 -13.3438
-20.3828 -13.592
-20.3527 -13.8401
-20.3226 -14.0883
-20.2926 -14.3365
-20.2625 -14.5847
-20.2324 -14.8329
-20.2023 -15.081
-20.1722 -15.3292
-20.1421 -15.5774
-20.1121 -15.8256
-20.082 -16.0738
-20.0519 -16.322
-20.0218 -16.5702
-19.9917 -16.8183
-19.9616 -17.0665
-19.9316 -17.3147
-19.9015 -17.5629
-19.8714 -17.8111
-19.8413 -18.0593
-19.8112 -18.3074
-19.7812 -18.5556
-19.7511 -18.8038
-19.721 -19.052
-19.6909 -19.3002
-19.6608 -19.5484
-19.6307 -19.7965
-19.6007 -20.0447
-19.5706 -20.2929
-19.5405 -20.5411
-19.5104 -20.7893
-19.4803 -21.0375
-19.4502 -21.2857
-19.4202 -21.5338
-19.3901 -21.782
-19.36 -22.0302
-19.3299 -22.2784
-19.2998 -22.5266
-19.2697 -22.7748
-19.2397 -23.0229
-19.2096 -23.2711
-19.1795 -23.5193
-19.1494 -23.7675
-19.1193 -24.0157
-19.1193 -24.0157
-19.1193 -24.0157
-19.1193 -24.0157
-19.1193 -24.0157
-19.1193 -24.0157
-19.1193 -24.0157
-19 -25