-11 -1
-10.8613 -0.791987
-10.7227 -0.583975
-10.584 -0.375962
-10.4453 -0.16795
-10.3066 0.0400629
-10.168 0.248075
-10.0293 0.456088
-9.8906 0.664101
-9.75193 0.872113
-9.61325 1.08013
-9.47458 1.28814
-9.3359 1.49615
-9.19723 1.70416
-9.05855 1.91218
-8.91988 2.12019
-8.7812 2.3282
-8.64253 2.53621
-8.50385 2.74423
-8.36518 2.95224
-8.22651 3.16025
-8.08783 3.36826
-7.94916 3.57628
-7.81048 3.78429
-7.6718 3.9923
-7.53313 4.20031
-7.39445 4.40833
-7.25578 4.61634
-7.1171 4.82435
-6.97843 5.03236
-6.83975 5.24038
-6.70108 5.44839
-6.5624 5.6564
-6.42373 5.86441
-6.28505 6.07243
-6.14638 6.28044
-6.0077 6.48845
-5.86903 6.69647
-5.73035 6.90448
-5.59168 7.11249
-5.453 7.3205
-5.31433 7.52852
-5.17565 7.73653
-5.03698 7.94454
-4.8983 8.15255
-4.75963 8.36057
-4.62095 8.56858
-4.48228 8.77659
-4.3436 8.9846
-4.20492 9.19262
-4.06625 9.40063
-3.92757 9.60864
-3.7889 9.81665
-3.65022 10.0247
-3.51155 10.2327
-3.37287 10.4407
-3.2342 10.6487
-3.09552 10.8567
-2.95685 11.0647
-2.81817 11.2727
-2.6795 11.4808
-2.54082 11.6888
-2.40215 11.8968
-2.26347 12.1048
-2.1248 12.3128
-1.98612 12.5208
-1.84745 12.7288
-1.70877 12.9368
-1.5701 13.1449
-1.43142 13.3529
-1.29275 13.5609
-1.15407 13.7689
-1.0154 13.9769
-0.876724 14.1849
-0.738049 14.3929
-0.599373 14.6009
-0.460698 14.809
-0.322023 15.017
-0.183348 15.225
-0.044673 15.433
0.0940021 15.641
0.232677 15.849
0.371352 16.057
0.510027 16.265
0.648702 16.4731
0.787377 16.6811
0.926052 16.8891
1.06473 17.0971
1.2034 17.3051
1.34208 17.5131
1.48075 17.7211
1.61943 17.9291
1.7581 18.1372
1.89678 18.3452
2.03545 18.5532
2.17413 18.7612
2.3128 18.9692
2.45148 19.1772
2.44735 19.2782
2.44735 19.2782
2.44735 19.2782
2.44735 19.2782
2.44735 19.2782
2.44735 19.2782
2.44735 19.2782
2.44735 19.2782
2.44735 19.2782
2.44735 19.2782
2.44735 19.2782
2.44735 19.2782
2.44735 19.2782
2.44735 19.2782
2.44735 19.2782
2.44735 19.2782
2.44735 19.2782
2.44735 19.2782
2.44735 19.2782
2.44735 19.2782
2.44735 19.2782
2.44735 19.2782
2.44735 19.2782
2.44735 19.2782
2.44735 19.2782
2.44735 19.2782
2.44735 19.2782
2.44735 19.2782
2.44735 19.2782
2.44735 19.2782
2.44735 19.2782
2.44735 19.2782
2.44735 19.2782
2.44735 19.2782
2.44735 19.2782
2.44735 19.2782
2.44735 19.2782
2.44735 19.2782
3 20