25 -2
24.8 -2.15
24.6 -2.3
24.4 -2.45
24.2 -2.6
24 -2.75
23.8 -2.9
23.6 -3.05
23.4 -3.2
23.2 -3.35
23 -3.5
22.8 -3.65
22.6 -3.8
22.4 -3.95
22.2 -4.1
22 -4.25
21.8 -4.4
21.6 -4.55
21.4 -4.7
21.2 -4.85
21 -5
20.8 -5.15
20.6 -5.3
20.4 -5.45
20.2 -5.6
20 -5.75
19.8 -5.9
19.6 -6.05
19.4 -6.2
19.2 -6.35
19 -6.5
18.8 -6.65
18.6 -6.8
18.4 -6.95
18.2 -7.1
18 -7.25
17.8 -7.4
17.6 -7.55
17.4 -7.7
17.2 -7.85
17 -8
16.8 -8.15
16.6 -8.3
16.4 -8.45001
16.2 -8.60001
16 -8.75001
15.8 -8.90001
15.6 -9.05001
15.4 -9.20001
15.2 -9.35001
15 -9.50001
14.8 -9.65001
14.6 -9.80001
14.4 -9.95001
14.2 -10.1
14 -10.25
13.8 -10.4
13.6 -10.55
13.4 -10.7
13.2 -10.85
13 -11
12.8 -11.15
12.6 -11.3
12.4 -11.45
12.2 -11.6
12 -11.75
11.8 -11.9
11.6 -12.05
11.4 -12.2
11.2 -12.35
11 -12.5
10.8 -12.65
10.6 -12.8
10.4 -12.95
10.2 -13.1
9.99997 -13.25
9.79997 -13.4
9.59997 -13.55
9.39997 -13.7
9.19997 -13.85
8.99997 -14
8.79997 -14.15
8.59997 -14.3
8.39997 -14.45
8.19997 -14.6
7.99997 -14.75
7.79997 -14.9
7.59997 -15.05
7.39997 -15.2
7.19998 -15.35
6.99998 -15.5
6.79998 -15.65
6.59998 -15.8
6.39998 -15.95
6.19998 -16.1
5.99998 -16.25
5.79998 -16.4
5.59998 -16.55
5.39998 -16.7
5.19998 -16.85
4.99998 -17
4.79998 -17.15
4.59998 -17.3
4.39998 -17.45
4.19998 -17.6
3.99998 -17.75
3.79998 -17.9
3.59998 -18.05
3.39998 -18.2
3.19998 -18.35
2.99998 -18.5
2.79998 -18.65
2.59998 -18.8
2.39998 -18.95
2.19998 -19.1
1.99998 -19.25
1.79998 -19.4
1.59998 -19.55
1.39998 -19.7
1.19998 -19.85
0.999981 -20
0.799981 -20.15
0.599982 -20.3
0.399982 -20.45
0.199982 -20.6
-1.72406e-05 -20.75
-0.200017 -20.9
-0.400016 -21.05
-0.600016 -21.2
-0.800016 -21.35
-1.00002 -21.5
-1.20001 -21.65
-1.40001 -21.8
-1.60001 -21.95
-1.80001 -22.1
-2.00001 -22.25
-3 -23