11 14
10.8304 13.8163
10.6609 13.6326
10.4913 13.4489
10.3217 13.2652
10.1522 13.0815
9.98258 12.8978
9.81301 12.7141
9.64344 12.5304
9.47387 12.3467
9.3043 12.163
9.13473 11.9793
8.96516 11.7956
8.79559 11.6119
8.62602 11.4282
8.45645 11.2445
8.28688 11.0608
8.11731 10.8771
7.94774 10.6934
7.77817 10.5097
7.6086 10.326
7.43903 10.1423
7.26946 9.95859
7.09989 9.77489
6.93032 9.59119
6.76075 9.40749
6.59118 9.22379
6.42161 9.04008
6.25204 8.85638
6.08247 8.67268
5.9129 8.48898
5.74333 8.30528
5.57376 8.12158
5.40419 7.93788
5.23462 7.75418
5.06505 7.57048
4.89548 7.38678
4.72591 7.20308
4.55634 7.01938
4.38677 6.83567
4.2172 6.65197
4.04763 6.46827
3.87806 6.28457
3.70849 6.10087
3.53892 5.91717
3.36935 5.73347
3.19978 5.54977
3.03021 5.36607
2.86064 5.18237
2.69107 4.99866
2.5215 4.81496
2.35193 4.63126
2.18236 4.44756
2.01279 4.26386
1.84322 4.08016
1.67365 3.89646
1.50408 3.71276
1.33451 3.52906
1.16494 3.34536
0.995372 3.16165
0.825802 2.97795
0.656232 2.79425
0.486662 2.61055
0.317092 2.42685
0.147522 2.24315
-0.022048 2.05945
-0.191618 1.87575
-0.361188 1.69205
-0.361188 1.69205
-0.361188 1.69205
-0.361188 1.69205
-0.361188 1.69205
-0.361188 1.69205
-0.361188 1.69205
-0.361188 1.69205
-0.361188 1.69205
-0.361188 1.69205
-0.361188 1.69205
-0.361188 1.69205
-0.361188 1.69205
-0.361188 1.69205
-0.361188 1.69205
-0.361188 1.69205
-0.361188 1.69205
-0.361188 1.69205
-0.361188 1.69205
-0.361188 1.69205
-0.361188 1.69205
-0.361188 1.69205
-0.361188 1.69205
-0.361188 1.69205
-0.361188 1.69205
-0.361188 1.69205
-0.361188 1.69205
-0.361188 1.69205
-0.361188 1.69205
-0.361188 1.69205
-0.361188 1.69205
-0.361188 1.69205
-0.361188 1.69205
-0.361188 1.69205
-0.361188 1.69205
-0.361188 1.69205
-0.361188 1.69205
-0.361188 1.69205
-0.361188 1.69205
-0.361188 1.69205
-0.361188 1.69205
-0.361188 1.69205
-0.361188 1.69205
-0.361188 1.69205
-0.361188 1.69205
-0.361188 1.69205
-0.361188 1.69205
-0.361188 1.69205
-0.361188 1.69205
-0.361188 1.69205
-0.361188 1.69205
-0.361188 1.69205
-0.361188 1.69205
-0.361188 1.69205
-0.361188 1.69205
-0.361188 1.69205
-0.361188 1.69205
-0.361188 1.69205
-0.361188 1.69205
-0.361188 1.69205
-0.361188 1.69205
-0.361188 1.69205
-0.361188 1.69205
-0.361188 1.69205
-0.361188 1.69205
-0.361188 1.69205
-0.361188 1.69205
-0.361188 1.69205
-0.361188 1.69205
-1 1