11 12
10.8889 11.8964
10.7084 11.7234
10.5279 11.5505
10.3475 11.3775
10.167 11.2045
9.98649 11.0315
9.806 10.8585
9.62552 10.6855
9.44503 10.5125
9.26455 10.3395
9.08406 10.1666
8.90357 9.99357
8.72309 9.82058
8.5426 9.64759
8.36212 9.47461
8.18163 9.30162
8.00115 9.12863
7.82066 8.95564
7.64017 8.78265
7.45969 8.60967
7.2792 8.43668
7.09871 8.26369
6.91823 8.0907
6.73774 7.91772
6.55726 7.74473
6.37677 7.57174
6.19628 7.39875
6.0158 7.22577
5.83531 7.05278
5.65482 6.87979
5.47434 6.7068
5.29385 6.53382
5.11337 6.36083
4.93288 6.18784
4.75239 6.01485
4.57191 5.84187
4.39142 5.66888
4.21094 5.49589
4.03045 5.3229
3.84996 5.14992
3.66948 4.97693
3.48899 4.80394
3.3085 4.63095
3.12802 4.45796
2.94753 4.28498
2.76705 4.11199
2.58656 3.939
2.40607 3.76601
2.22559 3.59303
2.0451 3.42004
1.86461 3.24705
1.68413 3.07406
1.50364 2.90108
1.32316 2.72809
1.14267 2.5551
0.962184 2.38211
0.781697 2.20912
0.601211 2.03614
0.420725 1.86315
0.240239 1.69016
0.0597528 1.51717
-0.120733 1.34419
-0.30122 1.1712
-0.481706 0.99821
-0.662192 0.825223
-0.842678 0.652235
-1.02316 0.479247
-1.20365 0.30626
-1.38414 0.133272
-1.56462 -0.0397158
-1.74511 -0.212703
-1.9256 -0.385691
-2.10608 -0.558679
-2.28657 -0.731667
-2.46705 -0.904654
-2.64754 -1.07764
-2.82803 -1.25063
-3.00851 -1.42362
-3.189 -1.59661
-3.36948 -1.76959
-3.54997 -1.94258
-3.73046 -2.11557
-3.91094 -2.28856
-4.09143 -2.46154
-4.27192 -2.63453
-4.4524 -2.80752
-4.63289 -2.98051
-4.81337 -3.15349
-4.99386 -3.32648
-5.17435 -3.49947
-5.35483 -3.67246
-5.53532 -3.84545
-5.71581 -4.01843
-5.89629 -4.19142
-6.07678 -4.36441
-6.25726 -4.5374
-6.43775 -4.71038
-6.61824 -4.88337
-6.79872 -5.05636
-6.97921 -5.22935
-7.15969 -5.40234
-7.34018 -5.57532
-7.52067 -5.74831
-7.70115 -5.9213
-7.88164 -6.09429
-8.06213 -6.26727
-8.24261 -6.44026
-8.4231 -6.61325
-8.60358 -6.78624
-8.78407 -6.95922
-8.96455 -7.13221
-9.14504 -7.3052
-9.32553 -7.47819
-9.50601 -7.65117
-9.6865 -7.82416
-9.86698 -7.99715
-10.0475 -8.17014
-10.228 -8.34313
-10.4084 -8.51611
-10.5889 -8.6891
-10.7694 -8.86209
-10.9499 -9.03508
-11.1304 -9.20807
-11.3109 -9.38105
-11.4914 -9.55404
-11.6718 -9.72703
-11.8523 -9.90002
-12.0328 -10.073
-12.2133 -10.246
-12.3938 -10.419
-12.3938 -10.419
-12.3938 -10.419
-12.3938 -10.419
-12.3938 -10.419
-12.3938 -10.419
-12.3938 -10.419
-12.3938 -10.419
-12.3938 -10.419
-12.3938 -10.419
-12.3938 -10.419
-12.3938 -10.419
-12.3938 -10.419
-12.3938 -10.419
-12.3938 -10.419
-12.3938 -10.419
-12.3938 -10.419
-12.3938 -10.419
-12.3938 -10.419
-12.3938 -10.419
-12.3938 -10.419
-12.3938 -10.419
-12.3938 -10.419
-12.3938 -10.419
-12.3938 -10.419
-12.3938 -10.419
-12.3938 -10.419
-12.3938 -10.419
-12.3938 -10.419
-12.3938 -10.419
-12.3938 -10.419
-12.3938 -10.419
-12.3938 -10.419
-12.3938 -10.419
-12.3938 -10.419
-13 -11