17 4
17.1898 3.8373
17.3796 3.6746
17.5694 3.51191
17.7593 3.34921
17.9491 3.18651
18.1389 3.02381
18.3287 2.86112
18.5185 2.69842
18.7083 2.53572
18.8981 2.37302
19.0879 2.21032
19.2778 2.04763
19.4676 1.88493
19.6574 1.72223
19.8472 1.55953
20.037 1.39684
20.2268 1.23414
20.4166 1.07144
20.6065 0.908743
20.7963 0.746045
20.9861 0.583347
21.1759 0.42065
21.3657 0.257952
21.5555 0.0952548
21.7453 -0.0674427
21.9352 -0.23014
22.125 -0.392838
22.3148 -0.555535
22.5046 -0.718232
22.6944 -0.88093
22.8842 -1.04363
23.074 -1.20632
23.2639 -1.36902
23.284 -1.39054
23.284 -1.39054
23.284 -1.39054
23.284 -1.39054
23.284 -1.39054
23.284 -1.39054
23.284 -1.39054
23.284 -1.39054
23.284 -1.39054
23.284 -1.39054
23.284 -1.39054
23.284 -1.39054
23.284 -1.39054
23.284 -1.39054
23.284 -1.39054
23.284 -1.39054
23.284 -1.39054
23.284 -1.39054
23.284 -1.39054
23.284 -1.39054
23.284 -1.39054
23.284 -1.39054
23.284 -1.39054
23.284 -1.39054
23.284 -1.39054
23.284 -1.39054
23.284 -1.39054
23.284 -1.39054
23.284 -1.39054
23.284 -1.39054
23.284 -1.39054
23.284 -1.39054
23.284 -1.39054
23.284 -1.39054
23.284 -1.39054
23.284 -1.39054
23.284 -1.39054
23.284 -1.39054
23.284 -1.39054
23.284 -1.39054
23.284 -1.39054
23.284 -1.39054
23.284 -1.39054
23.284 -1.39054
23.284 -1.39054
23.284 -1.39054
23.284 -1.39054
23.284 -1.39054
23.284 -1.39054
23.284 -1.39054
23.284 -1.39054
23.284 -1.39054
23.284 -1.39054
23.284 -1.39054
23.284 -1.39054
23.284 -1.39054
23.284 -1.39054
23.284 -1.39054
23.284 -1.39054
23.284 -1.39054
23.284 -1.39054
23.284 -1.39054
23.284 -1.39054
23.284 -1.39054
23.284 -1.39054
23.284 -1.39054
23.284 -1.39054
23.284 -1.39054
23.284 -1.39054
23.284 -1.39054
23.284 -1.39054
23.284 -1.39054
23.284 -1.39054
23.284 -1.39054
23.284 -1.39054
23.284 -1.39054
23.284 -1.39054
23.284 -1.39054
23.284 -1.39054
23.284 -1.39054
23.284 -1.39054
23.284 -1.39054
23.284 -1.39054
23.284 -1.39054
23.284 -1.39054
23.284 -1.39054
23.284 -1.39054
23.284 -1.39054
23.284 -1.39054
23.284 -1.39054
23.284 -1.39054
23.284 -1.39054
23.284 -1.39054
23.284 -1.39054
23.284 -1.39054
23.284 -1.39054
23.284 -1.39054
23.284 -1.39054
23.284 -1.39054
23.284 -1.39054
23.284 -1.39054
23.284 -1.39054
23.284 -1.39054
23.284 -1.39054
23.284 -1.39054
23.284 -1.39054
23.284 -1.39054
23.284 -1.39054
23.284 -1.39054
23.284 -1.39054
23.284 -1.39054
23.284 -1.39054
23.284 -1.39054
23.284 -1.39054
23.284 -1.39054
23.284 -1.39054
23.284 -1.39054
23.284 -1.39054
23.284 -1.39054
23.284 -1.39054
23.284 -1.39054
23.284 -1.39054
23.284 -1.39054
23.284 -1.39054
23.284 -1.39054
23.284 -1.39054
23.284 -1.39054
23.284 -1.39054
23.284 -1.39054
23.284 -1.39054
23.284 -1.39054
24 -2