-22 10
-21.7622 9.92273
-21.5245 9.84546
-21.2867 9.76819
-21.049 9.69091
-20.8112 9.61364
-20.5734 9.53637
-20.3357 9.4591
-20.0979 9.38183
-19.8602 9.30456
-19.6224 9.22729
-19.3847 9.15001
-19.1469 9.07274
-18.9091 8.99547
-18.6714 8.9182
-18.4336 8.84093
-18.1959 8.76366
-17.9581 8.68639
-17.7203 8.60911
-17.4826 8.53184
-17.2448 8.45457
-17.0071 8.3773
-16.7693 8.30003
-16.5316 8.22276
-16.2938 8.14548
-16.056 8.06821
-15.8183 7.99094
-15.5805 7.91367
-15.3428 7.8364
-15.105 7.75913
-14.8672 7.68186
-14.6295 7.60458
-14.3917 7.52731
-14.154 7.45004
-13.9162 7.37277
-13.6784 7.2955
-13.4407 7.21823
-13.2029 7.14096
-12.9652 7.06368
-12.7274 6.98641
-12.4897 6.90914
-12.2519 6.83187
-12.0141 6.7546
-11.7764 6.67733
-11.5386 6.60006
-11.3009 6.52278
-11.0631 6.44551
-10.8253 6.36824
-10.5876 6.29097
-10.3498 6.2137
-10.1121 6.13643
-9.87431 6.05916
-9.63655 5.98188
-9.39879 5.90461
-9.16103 5.82734
-8.92327 5.75007
-8.68552 5.6728
-8.44776 5.59553
-8.21 5.51826
-7.97224 5.44098
-7.73448 5.36371
-7.49672 5.28644
-7.25896 5.20917
-7.02121 5.1319
-6.78345 5.05463
-6.54569 4.97736
-6.30793 4.90008
-6.07017 4.82281
-5.83241 4.74554
-5.59465 4.66827
-5.3569 4.591
-5.11914 4.51373
-4.88138 4.43645
-4.64362 4.35918
-4.40586 4.28191
-4.1681 4.20464
-3.93034 4.12737
-3.69259 4.0501
-3.45483 3.97283
-3.21707 3.89555
-2.97931 3.81828
-2.74155 3.74101
-2.50379 3.66374
-2.26603 3.58647
-2.02828 3.5092
-1.79052 3.43192
-1.55276 3.35465
-1.315 3.27738
-1.07724 3.20011
-0.839484 3.12284
-0.601725 3.04557
-0.363967 2.96829
-0.126208 2.89102
0.11155 2.81375
0.349309 2.73648
0.587067 2.65921
0.824826 2.58194
1.06258 2.50467
1.30034 2.42739
1.5381 2.35012
1.77586 2.27285
2.01362 2.19558
2.25138 2.11831
2.48914 2.04104
2.72689 1.96376
2.96465 1.88649
3.20241 1.80922
3.44017 1.73195
3.67793 1.65468
3.91569 1.57741
4.15344 1.50013
4.3912 1.42286
4.62896 1.34559
4.86672 1.26832
5.10448 1.19105
5.34224 1.11378
5.58 1.03651
5.81775 0.959234
6.05551 0.881962
6.29327 0.80469
6.53103 0.727419
6.76879 0.650147
7.00655 0.572876
7.24431 0.495604
7.48206 0.418332
7.71982 0.341061
7.95758 0.263789
8.19534 0.186518
8.4331 0.109246
8.67086 0.0319745
8.90862 -0.0452971
9.14637 -0.122569
9.38413 -0.19984
9.62189 -0.277112
9.85965 -0.354383
10.0974 -0.431655
10.3352 -0.508927
10.5729 -0.586198
10.8107 -0.66347
11.0484 -0.740741
11.2862 -0.818013
11.524 -0.895285
11.7617 -0.972556
11.9995 -1.04983
12.2372 -1.1271
12.475 -1.20437
12.7128 -1.28164
12.9505 -1.35891
13.1883 -1.43619
13.426 -1.51346
13.6638 -1.59073
13.9015 -1.668
14.1393 -1.74527
14.3771 -1.82254
14.6148 -1.89982
14.8526 -1.97709
15.0903 -2.05436
15.3281 -2.13163
15.5659 -2.2089
15.8036 -2.28617
16.0414 -2.36345
16.2791 -2.44072
16.5169 -2.51799
16.7547 -2.59526
16.9924 -2.67253
18 -3