1 2
1.06063 1.75746
1.12127 1.51493
1.1819 1.27239
1.24254 1.02986
1.30317 0.787322
1.3638 0.544786
1.42444 0.302251
1.48507 0.0597151
1.54571 -0.18282
1.60634 -0.425356
1.66697 -0.667892
1.72761 -0.910427
1.78824 -1.15296
1.84887 -1.3955
1.90951 -1.63803
1.97014 -1.88057
2.03078 -2.12311
2.09141 -2.36564
2.15204 -2.60818
2.21268 -2.85071
2.27331 -3.09325
2.33395 -3.33578
2.39458 -3.57832
2.45521 -3.82085
2.51585 -4.06339
2.57648 -4.30593
2.63712 -4.54846
2.69775 -4.791
2.75838 -5.03353
2.81902 -5.27607
2.87965 -5.5186
2.94028 -5.76114
3.00092 -6.00367
3.06155 -6.24621
3.12219 -6.48875
3.18282 -6.73128
3.24345 -6.97382
3.30409 -7.21635
3.36472 -7.45889
3.42536 -7.70142
3.48599 -7.94396
3.54662 -8.1865
3.60726 -8.42903
3.66789 -8.67157
3.72853 -8.9141
3.78916 -9.15664
3.84979 -9.39917
3.91043 -9.64171
3.97106 -9.88424
4.03169 -10.1268
4.09233 -10.3693
4.15296 -10.6119
4.2136 -10.8544
4.27423 -11.0969
4.33486 -11.3395
4.3955 -11.582
4.45613 -11.8245
4.51677 -12.0671
4.5774 -12.3096
4.63803 -12.5521
4.69867 -12.7947
4.7593 -13.0372
4.7593 -13.0372
4.7593 -13.0372
4.7593 -13.0372
4.7593 -13.0372
4.7593 -13.0372
4.7593 -13.0372
4.7593 -13.0372
4.7593 -13.0372
4.7593 -13.0372
4.7593 -13.0372
4.7593 -13.0372
4.7593 -13.0372
4.7593 -13.0372
4.7593 -13.0372
4.7593 -13.0372
4.7593 -13.0372
4.7593 -13.0372
4.7593 -13.0372
4.7593 -13.0372
4.7593 -13.0372
4.7593 -13.0372
4.7593 -13.0372
4.7593 -13.0372
4.7593 -13.0372
4.7593 -13.0372
4.7593 -13.0372
4.7593 -13.0372
4.7593 -13.0372
4.7593 -13.0372
4.7593 -13.0372
4.7593 -13.0372
4.7593 -13.0372
4.7593 -13.0372
4.7593 -13.0372
4.7593 -13.0372
4.7593 -13.0372
4.7593 -13.0372
4.7593 -13.0372
4.7593 -13.0372
4.7593 -13.0372
4.7593 -13.0372
4.7593 -13.0372
4.7593 -13.0372
4.7593 -13.0372
4.7593 -13.0372
4.7593 -13.0372
4.7593 -13.0372
4.7593 -13.0372
4.7593 -13.0372
4.7593 -13.0372
4.7593 -13.0372
4.7593 -13.0372
4.7593 -13.0372
4.7593 -13.0372
4.7593 -13.0372
4.7593 -13.0372
4.7593 -13.0372
4.7593 -13.0372
4.7593 -13.0372
4.7593 -13.0372
4.7593 -13.0372
4.7593 -13.0372
4.7593 -13.0372
4.7593 -13.0372
4.7593 -13.0372
4.7593 -13.0372
4.7593 -13.0372
4.7593 -13.0372
4.7593 -13.0372
4.7593 -13.0372
4.7593 -13.0372
4.7593 -13.0372
4.7593 -13.0372
4.7593 -13.0372
4.7593 -13.0372
4.7593 -13.0372
4.7593 -13.0372
4.7593 -13.0372
4.7593 -13.0372
4.7593 -13.0372
4.7593 -13.0372
4.7593 -13.0372
4.7593 -13.0372
4.7593 -13.0372
4.7593 -13.0372
4.7593 -13.0372
4.7593 -13.0372
4.7593 -13.0372
4.7593 -13.0372
4.7593 -13.0372
4.7593 -13.0372
4.7593 -13.0372
4.7593 -13.0372
4.7593 -13.0372
4.7593 -13.0372
4.7593 -13.0372
4.7593 -13.0372
4.7593 -13.0372
4.7593 -13.0372
4.7593 -13.0372
4.7593 -13.0372
4.7593 -13.0372
5 -14