12 -11
12.0758 -10.7618
12.1516 -10.5235
12.2274 -10.2853
12.3032 -10.0471
12.379 -9.80884
12.4548 -9.57061
12.5306 -9.33238
12.6064 -9.09415
12.6822 -8.85592
12.758 -8.61768
12.8338 -8.37945
12.9096 -8.14122
12.9854 -7.90299
13.0612 -7.66476
13.137 -7.42653
13.2128 -7.18829
13.2886 -6.95006
13.3644 -6.71183
13.4402 -6.4736
13.516 -6.23537
13.5918 -5.99714
13.6676 -5.7589
13.7434 -5.52067
13.8192 -5.28244
13.895 -5.04421
13.9708 -4.80598
14.0466 -4.56775
14.1224 -4.32951
14.1982 -4.09128
14.274 -3.85305
14.3498 -3.61482
14.4256 -3.37659
14.5014 -3.13836
14.5772 -2.90012
14.653 -2.66189
14.7288 -2.42366
14.8046 -2.18543
14.8804 -1.9472
14.9562 -1.70897
15.032 -1.47074
15.1078 -1.2325
15.1836 -0.994273
15.2594 -0.756042
15.3352 -0.517811
15.411 -0.279579
15.4868 -0.0413477
15.5626 0.196884
15.6384 0.435115
15.7142 0.673347
15.79 0.911578
15.8658 1.14981
15.9416 1.38804
16.0174 1.62627
16.0933 1.8645
16.1691 2.10274
16.2449 2.34097
16.3207 2.5792
16.3965 2.81743
16.4723 3.05566
16.5481 3.29389
16.6239 3.53212
16.6997 3.77035
16.7755 4.00859
16.8513 4.24682
16.9271 4.48505
17.0029 4.72328
17.0787 4.96151
17.1545 5.19974
17.2303 5.43798
17.3061 5.67621
17.3819 5.91444
17.4577 6.15267
17.5335 6.3909
17.6093 6.62913
17.6851 6.86737
17.7609 7.1056
17.8367 7.34383
17.9125 7.58206
17.9883 7.82029
18.0641 8.05852
18.1399 8.29676
18.2157 8.53499
18.2915 8.77322
18.3673 9.01145
18.4431 9.24968
18.5189 9.48791
18.5947 9.72615
18.6705 9.96438
18.7463 10.2026
18.7463 10.2026
18.7463 10.2026
18.7463 10.2026
18.7463 10.2026
18.7463 10.2026
18.7463 10.2026
18.7463 10.2026
18.7463 10.2026
18.7463 10.2026
18.7463 10.2026
18.7463 10.2026
18.7463 10.2026
18.7463 10.2026
18.7463 10.2026
18.7463 10.2026
18.7463 10.2026
18.7463 10.2026
18.7463 10.2026
18.7463 10.2026
18.7463 10.2026
18.7463 10.2026
18.7463 10.2026
18.7463 10.2026
18.7463 10.2026
18.7463 10.2026
18.7463 10.2026
18.7463 10.2026
18.7463 10.2026
18.7463 10.2026
18.7463 10.2026
18.7463 10.2026
18.7463 10.2026
18.7463 10.2026
18.7463 10.2026
18.7463 10.2026
18.7463 10.2026
18.7463 10.2026
18.7463 10.2026
18.7463 10.2026
18.7463 10.2026
18.7463 10.2026
18.7463 10.2026
18.7463 10.2026
18.7463 10.2026
18.7463 10.2026
18.7463 10.2026
18.7463 10.2026
18.7463 10.2026
18.7463 10.2026
18.7463 10.2026
18.7463 10.2026
18.7463 10.2026
18.7463 10.2026
18.7463 10.2026
18.7463 10.2026
18.7463 10.2026
18.7463 10.2026
18.7463 10.2026
18.7463 10.2026
18.7463 10.2026
18.7463 10.2026
18.7463 10.2026
18.7463 10.2026
18.7463 10.2026
18.7463 10.2026
18.7463 10.2026
18.7463 10.2026
18.7463 10.2026
18.7463 10.2026
18.7463 10.2026
18.7463 10.2026
18.7463 10.2026
18.7463 10.2026
18.7463 10.2026
18.7463 10.2026
19 11