23 6
22.9259 5.76123
22.8518 5.52247
22.7777 5.2837
22.7036 5.04494
22.6295 4.80617
22.5554 4.5674
22.4813 4.32864
22.4072 4.08987
22.3331 3.8511
22.259 3.61234
22.1849 3.37357
22.1108 3.13481
22.0367 2.89604
21.9626 2.65727
21.8885 2.41851
21.8144 2.17974
21.7403 1.94098
21.6662 1.70221
21.5921 1.46344
21.518 1.22468
21.4439 0.985912
21.3698 0.747146
21.2957 0.50838
21.2216 0.269614
21.1475 0.0308481
21.0734 -0.207918
20.9993 -0.446684
20.9252 -0.68545
20.8511 -0.924216
20.777 -1.16298
20.7029 -1.40175
20.6288 -1.64051
20.5547 -1.87928
20.4806 -2.11805
20.4065 -2.35681
20.3324 -2.59558
20.2583 -2.83435
20.1842 -3.07311
20.1101 -3.31188
20.036 -3.55064
19.9619 -3.78941
19.8878 -4.02818
19.8137 -4.26694
19.7396 -4.50571
19.6655 -4.74447
19.5914 -4.98324
19.5173 -5.22201
19.4432 -5.46077
19.3691 -5.69954
19.295 -5.93831
19.2209 -6.17707
19.1468 -6.41584
19.0727 -6.6546
18.9986 -6.89337
18.9245 -7.13214
18.8504 -7.3709
18.7763 -7.60967
18.7022 -7.84844
18.6281 -8.0872
18.554 -8.32597
18.4799 -8.56473
18.4058 -8.8035
18.3317 -9.04226
18.2576 -9.28103
18.1835 -9.5198
18.1094 -9.75856
18.0353 -9.99733
17.9612 -10.2361
17.8871 -10.4749
17.813 -10.7136
17.7389 -10.9524
17.6648 -11.1912
17.5907 -11.4299
17.5166 -11.6687
17.4425 -11.9075
17.3684 -12.1462
17.2943 -12.385
17.2202 -12.6237
17.1461 -12.8625
17.072 -13.1013
16.9979 -13.34
16.9238 -13.5788
16.8497 -13.8176
16.7756 -14.0563
16.7015 -14.2951
16.6274 -14.5339
16.5533 -14.7726
16.4792 -15.0114
16.4051 -15.2502
16.331 -15.4889
16.2569 -15.7277
16.1828 -15.9665
16.1087 -16.2052
16.0346 -16.444
15.9605 -16.6828
15.8864 -16.9215
15.8123 -17.1603
15.7382 -17.3991
15.6641 -17.6378
15.59 -17.8766
15.5159 -18.1154
15.4418 -18.3541
15.3677 -18.5929
15.2936 -18.8317
15.2195 -19.0704
15.1454 -19.3092
15.0713 -19.548
14.9972 -19.7867
14.9231 -20.0255
14.849 -20.2643
14.7749 -20.503
14.7008 -20.7418
14.6267 -20.9806
14.5526 -21.2193
14.4785 -21.4581
14.4044 -21.6968
14.3303 -21.9356
14.2562 -22.1744
14.2928 -22.237
14.2928 -22.237
14.2928 -22.237
14.2928 -22.237
14.2928 -22.237
14.2928 -22.237
14.2928 -22.237
14.2928 -22.237
14.2928 -22.237
14.2928 -22.237
14.2928 -22.237
14.2928 -22.237
14.2928 -22.237
14.2928 -22.237
14.2928 -22.237
14.2928 -22.237
14.2928 -22.237
14.2928 -22.237
14.2928 -22.237
14.2928 -22.237
14.2928 -22.237
14.2928 -22.237
14.2928 -22.237
14.2928 -22.237
14.2928 -22.237
14.2928 -22.237
14 -23