-10 4
-9.76686 4.09025
-9.53372 4.1805
-9.30057 4.27075
-9.06743 4.36099
-8.83429 4.45124
-8.60115 4.54149
-8.36801 4.63174
-8.13486 4.72199
-7.90172 4.81224
-7.66858 4.90249
-7.43544 4.99273
-7.2023 5.08298
-6.96916 5.17323
-6.73601 5.26348
-6.50287 5.35373
-6.26973 5.44398
-6.03659 5.53423
-5.80345 5.62447
-5.5703 5.71472
-5.33716 5.80497
-5.10402 5.89522
-4.87088 5.98547
-4.63774 6.07572
-4.40459 6.16597
-4.17145 6.25621
-3.93831 6.34646
-3.70517 6.43671
-3.47203 6.52696
-3.23888 6.61721
-3.00574 6.70746
-2.7726 6.79771
-2.53946 6.88795
-2.30632 6.9782
-2.07317 7.06845
-1.84003 7.1587
-1.60689 7.24895
-1.37375 7.3392
-1.14061 7.42945
-0.907464 7.51969
-0.674322 7.60994
-0.44118 7.70019
-0.208038 7.79044
0.0251044 7.88069
0.258246 7.97094
0.491388 8.06119
0.724531 8.15143
0.957673 8.24168
1.19081 8.33193
1.42396 8.42218
1.6571 8.51243
1.89024 8.60267
2.12338 8.69292
2.35652 8.78317
2.58967 8.87342
2.82281 8.96367
3.05595 9.05392
3.28909 9.14416
3.52223 9.23441
3.75538 9.32466
3.98852 9.41491
4.22166 9.50516
4.4548 9.5954
4.68794 9.68565
4.92109 9.7759
5.15423 9.86615
5.38737 9.9564
5.62051 10.0466
5.85365 10.1369
6.0868 10.2271
6.31994 10.3174
6.55308 10.4076
6.78622 10.4979
7.01936 10.5881
7.25251 10.6784
7.48565 10.7686
7.71879 10.8589
7.95193 10.9491
8.18507 11.0394
8.41821 11.1296
8.65136 11.2199
8.8845 11.3101
9.11764 11.4004
9.35078 11.4906
9.58392 11.5809
9.81707 11.6711
10.0502 11.7614
10.2833 11.8516
10.5165 11.9419
10.7496 12.0321
10.9828 12.1224
11.2159 12.2126
11.4491 12.3029
11.6822 12.3931
11.9153 12.4834
12.1485 12.5736
12.3816 12.6639
12.6148 12.7541
12.8479 12.8443
13.0811 12.9346
13.3142 13.0248
13.5473 13.1151
13.7805 13.2053
14.0136 13.2956
14.2468 13.3858
14.4799 13.4761
14.713 13.5663
14.9462 13.6566
15.1793 13.7468
15.4125 13.8371
15.6456 13.9273
15.8788 14.0176
16.1119 14.1078
16.345 14.1981
16.5782 14.2883
16.8113 14.3786
17.0445 14.4688
17.2776 14.5591
17.5108 14.6493
17.7439 14.7396
17.977 14.8298
18.2102 14.9201
18.4433 15.0103
18.6765 15.1006
18.9096 15.1908
19.1428 15.2811
19.3759 15.3713
19.609 15.4616
19.8422 15.5518
20.0753 15.6421
20.1451 15.7232
20.1456 15.7318
20.1456 15.7318
20.1456 15.7318
20.1456 15.7318
20.1456 15.7318
20.1456 15.7318
20.1456 15.7318
20.1456 15.7318
20.1456 15.7318
20.1456 15.7318
20.1456 15.7318
20.1456 15.7318
20.1456 15.7318
20.1456 15.7318
21 16