-20 12
-19.8003 12.0334
-19.5504 12.0264
-19.3005 12.0194
-19.0506 12.0124
-18.8007 12.0053
-18.5508 11.9983
-18.3009 11.9913
-18.051 11.9843
-17.8011 11.9773
-17.5512 11.9702
-17.3013 11.9632
-17.0514 11.9562
-16.8015 11.9492
-16.5516 11.9422
-16.3017 11.9352
-16.0518 11.9281
-15.8019 11.9211
-15.552 11.9141
-15.3021 11.9071
-15.0522 11.9001
-14.8023 11.8931
-14.5524 11.886
-14.3025 11.879
-14.0526 11.872
-13.8027 11.865
-13.5528 11.858
-13.3029 11.851
-13.053 11.8439
-12.8031 11.8369
-12.5532 11.8299
-12.3033 11.8229
-12.0534 11.8159
-11.8034 11.8088
-11.5535 11.8018
-11.3036 11.7948
-11.0537 11.7878
-10.8038 11.7808
-10.5539 11.7738
-10.304 11.7667
-10.0541 11.7597
-9.80423 11.7527
-9.55433 11.7457
-9.30443 11.7387
-9.05453 11.7317
-8.80463 11.7246
-8.55473 11.7176
-8.30482 11.7106
-8.05492 11.7036
-7.80502 11.6966
-7.55512 11.6895
-7.30522 11.6825
-7.05532 11.6755
-6.80542 11.6685
-6.55551 11.6615
-6.30561 11.6545
-6.05571 11.6474
-5.80581 11.6404
-5.55591 11.6334
-5.30601 11.6264
-5.05611 11.6194
-4.80621 11.6124
-4.5563 11.6053
-4.3064 11.5983
-4.0565 11.5913
-3.8066 11.5843
-3.5567 11.5773
-3.3068 11.5702
-3.0569 11.5632
-2.80699 11.5562
-2.55709 11.5492
-2.30719 11.5422
-2.05729 11.5352
-1.80739 11.5281
-1.55749 11.5211
-1.30758 11.5141
-1.05768 11.5071
-0.807782 11.5001
-0.55788 11.4931
-0.307979 11.486
-0.0580771 11.479
0.191824 11.472
0.441726 11.465
0.691627 11.458
0.941529 11.4509
1.19143 11.4439
1.44133 11.4369
1.69123 11.4299
1.94113 11.4229
2.19104 11.4159
2.44094 11.4088
2.69084 11.4018
2.94074 11.3948
3.19064 11.3878
3.44054 11.3808
3.69045 11.3738
3.94035 11.3667
4.19025 11.3597
4.44015 11.3527
4.69005 11.3457
4.93995 11.3387
5.18985 11.3316
5.43975 11.3246
5.68966 11.3176
5.93956 11.3106
6.18946 11.3036
6.43936 11.2966
6.68926 11.2895
6.93916 11.2825
7.18906 11.2755
7.43897 11.2685
7.68887 11.2615
7.93877 11.2545
8.18867 11.2474
8.43857 11.2404
8.68847 11.2334
8.93837 11.2264
9.18828 11.2194
9.43818 11.2123
9.68808 11.2053
9.93798 11.1983
10.1879 11.1913
10.4378 11.1843
10.6877 11.1773
10.9376 11.1702
11.1875 11.1632
11.4374 11.1562
11.6873 11.1492
11.9372 11.1422
12.1871 11.1352
12.437 11.1281
12.6869 11.1211
12.9368 11.1141
13.1867 11.1071
13.4366 11.1001
13.6865 11.093
13.9364 11.086
14.1863 11.079
14.4362 11.072
14.6861 11.065
14.936 11.058
15.1859 11.0509
15.4358 11.0439
15.6857 11.0369
15.9356 11.0299
17 11