14 -11
13.869 -11.2129
13.738 -11.4258
13.6069 -11.6387
13.4759 -11.8517
13.3449 -12.0646
13.2139 -12.2775
13.0828 -12.4904
12.9518 -12.7033
12.8208 -12.9162
12.6898 -13.1291
12.5587 -13.3421
12.4277 -13.555
12.2967 -13.7679
12.1657 -13.9808
12.0346 -14.1937
11.9036 -14.4066
11.7726 -14.6195
11.6416 -14.8325
11.5105 -15.0454
11.3795 -15.2583
11.2485 -15.4712
11.1175 -15.6841
10.9864 -15.897
10.8554 -16.1099
10.7244 -16.3229
10.5934 -16.5358
10.4623 -16.7487
10.3313 -16.9616
10.2003 -17.1745
10.0693 -17.3874
9.93824 -17.6004
9.80722 -17.8133
9.6762 -18.0262
9.54517 -18.2391
9.41415 -18.452
9.28312 -18.6649
9.1521 -18.8778
9.02107 -19.0908
8.89005 -19.3037
8.75903 -19.5166
8.628 -19.7295
8.49698 -19.9424
8.36595 -20.1553
8.23493 -20.3682
8.1039 -20.5812
7.97288 -20.7941
7.84186 -21.007
7.71083 -21.2199
7.57981 -21.4328
7.44878 -21.6457
7.31776 -21.8586
7.18673 -22.0716
7.05571 -22.2845
6.92468 -22.4974
6.79366 -22.7103
6.66264 -22.9232
6.53161 -23.1361
6.40059 -23.349
6.40059 -23.349
6.40059 -23.349
6.40059 -23.349
6.40059 -23.349
6.40059 -23.349
6.40059 -23.349
6.40059 -23.349
6.40059 -23.349
6.40059 -23.349
6.40059 -23.349
6.40059 -23.349
6.40059 -23.349
6.40059 -23.349
6.40059 -23.349
6.40059 -23.349
6.40059 -23.349
6.40059 -23.349
6.40059 -23.349
6.40059 -23.349
6.40059 -23.349
6.40059 -23.349
6.40059 -23.349
6.40059 -23.349
6.40059 -23.349
6.40059 -23.349
6.40059 -23.349
6.40059 -23.349
6.40059 -23.349
6.40059 -23.349
6.40059 -23.349
6.40059 -23.349
6.40059 -23.349
6.40059 -23.349
6.40059 -23.349
6.40059 -23.349
6.40059 -23.349
6.40059 -23.349
6.40059 -23.349
6.40059 -23.349
6.40059 -23.349
6.40059 -23.349
6.40059 -23.349
6.40059 -23.349
6.40059 -23.349
6.40059 -23.349
6.40059 -23.349
6.40059 -23.349
6.40059 -23.349
6.40059 -23.349
6.40059 -23.349
6.40059 -23.349
6.40059 -23.349
6.40059 -23.349
6.40059 -23.349
6.40059 -23.349
6.40059 -23.349
6.40059 -23.349
6.40059 -23.349
6.40059 -23.349
6.40059 -23.349
6.40059 -23.349
6.40059 -23.349
6.40059 -23.349
6.40059 -23.349
6.40059 -23.349
6.40059 -23.349
6.40059 -23.349
6.40059 -23.349
6.40059 -23.349
6.40059 -23.349
6.40059 -23.349
6.40059 -23.349
6.40059 -23.349
6.40059 -23.349
6.40059 -23.349
6.40059 -23.349
6.40059 -23.349
6.40059 -23.349
6.40059 -23.349
6.40059 -23.349
6.40059 -23.349
6.40059 -23.349
6.40059 -23.349
6.40059 -23.349
6.40059 -23.349
6.40059 -23.349
6 -24