19 -15
18.864 -15.0818
18.6592 -15.0589
18.4161 -15.0444
18.1663 -15.0345
17.9165 -15.0247
17.6666 -15.0148
17.4168 -15.0049
17.167 -14.995
16.9172 -14.9852
16.6674 -14.9753
16.4176 -14.9654
16.1678 -14.9555
15.918 -14.9456
15.6682 -14.9358
15.4184 -14.9259
15.1686 -14.916
14.9188 -14.9061
14.669 -14.8963
14.4192 -14.8864
14.1694 -14.8765
13.9196 -14.8666
13.6698 -14.8568
13.42 -14.8469
13.1702 -14.837
12.9204 -14.8271
12.6705 -14.8173
12.4207 -14.8074
12.1709 -14.7975
11.9211 -14.7876
11.6713 -14.7777
11.4215 -14.7679
11.1717 -14.758
10.9219 -14.7481
10.6721 -14.7382
10.4223 -14.7284
10.1725 -14.7185
9.9227 -14.7086
9.6729 -14.6987
9.42309 -14.6889
9.17329 -14.679
8.92348 -14.6691
8.67368 -14.6592
8.42387 -14.6494
8.17407 -14.6395
7.92426 -14.6296
7.67446 -14.6197
7.42465 -14.6099
7.17485 -14.6
6.92504 -14.5901
6.67524 -14.5802
6.42543 -14.5703
6.17563 -14.5605
5.92582 -14.5506
5.67602 -14.5407
5.42621 -14.5308
5.17641 -14.521
4.9266 -14.5111
4.6768 -14.5012
4.42699 -14.4913
4.17719 -14.4815
3.92738 -14.4716
3.67758 -14.4617
3.42777 -14.4518
3.17797 -14.442
2.92817 -14.4321
2.67836 -14.4222
2.42856 -14.4123
2.17875 -14.4024
1.92895 -14.3926
1.67914 -14.3827
1.42934 -14.3728
1.17953 -14.3629
0.929727 -14.3531
0.679922 -14.3432
0.430117 -14.3333
0.180312 -14.3234
-0.0694925 -14.3136
-0.319297 -14.3037
-0.569102 -14.2938
-0.818907 -14.2839
-1.06871 -14.274
-1.31852 -14.2642
-1.56832 -14.2543
-1.81813 -14.2444
-2.06793 -14.2345
-2.31774 -14.2247
-2.56754 -14.2148
-2.81735 -14.2049
-3.06715 -14.195
-3.31695 -14.1852
-3.56676 -14.1753
-3.81656 -14.1654
-4.06637 -14.1555
-4.31617 -14.1456
-4.56598 -14.1358
-4.81578 -14.1259
-5.06559 -14.116
-5.31539 -14.1061
-5.5652 -14.0963
-5.815 -14.0864
-6.06481 -14.0765
-6.31461 -14.0666
-6.56442 -14.0568
-6.81422 -14.0469
-7.06403 -14.037
-7.06403 -14.037
-7.06403 -14.037
-7.06403 -14.037
-7.06403 -14.037
-7.06403 -14.037
-7.06403 -14.037
-7.06403 -14.037
-7.06403 -14.037
-7.06403 -14.037
-7.06403 -14.037
-7.06403 -14.037
-7.06403 -14.037
-7.06403 -14.037
-7.06403 -14.037
-7.06403 -14.037
-7.06403 -14.037
-7.06403 -14.037
-7.06403 -14.037
-7.06403 -14.037
-7.06403 -14.037
-7.06403 -14.037
-7.06403 -14.037
-7.06403 -14.037
-7.06403 -14.037
-7.06403 -14.037
-7.06403 -14.037
-7.06403 -14.037
-7.06403 -14.037
-7.06403 -14.037
-7.06403 -14.037
-7.06403 -14.037
-7.06403 -14.037
-7.06403 -14.037
-7.06403 -14.037
-7.06403 -14.037
-7.06403 -14.037
-7.06403 -14.037
-7.06403 -14.037
-7.06403 -14.037
-8 -14