-3 2
-2.85118 2.00626
-2.64496 1.91549
-2.40607 1.83892
-2.16696 1.76594
-1.92785 1.69295
-1.68874 1.61997
-1.44963 1.54699
-1.21052 1.47401
-0.971409 1.40102
-0.732299 1.32804
-0.493189 1.25506
-0.254079 1.18208
-0.0149694 1.10909
0.22414 1.03611
0.46325 0.963128
0.70236 0.890145
0.94147 0.817162
1.18058 0.74418
1.41969 0.671197
1.6588 0.598215
1.89791 0.525232
2.13702 0.452249
2.37613 0.379267
2.61524 0.306284
2.85435 0.233301
3.09346 0.160319
3.33257 0.0873362
3.57168 0.0143536
3.81079 -0.058629
4.0499 -0.131612
4.28901 -0.204594
4.52812 -0.277577
4.76723 -0.350559
5.00634 -0.423542
5.24545 -0.496525
5.48456 -0.569507
5.72367 -0.64249
5.96278 -0.715472
6.20189 -0.788455
6.441 -0.861438
6.68011 -0.93442
6.91922 -1.0074
7.15833 -1.08039
7.39744 -1.15337
7.63655 -1.22635
7.87566 -1.29933
8.11477 -1.37232
8.35388 -1.4453
8.59299 -1.51828
8.8321 -1.59126
9.07121 -1.66425
9.31032 -1.73723
9.54943 -1.81021
9.78854 -1.88319
10.0276 -1.95618
10.2668 -2.02916
10.5059 -2.10214
10.745 -2.17512
10.9841 -2.24811
11.2232 -2.32109
11.4623 -2.39407
11.7014 -2.46705
11.9405 -2.54004
12.1796 -2.61302
12.4187 -2.686
12.6579 -2.75898
12.897 -2.83197
13.1361 -2.90495
13.3752 -2.97793
13.6143 -3.05092
13.8534 -3.1239
14.0925 -3.19688
14.3316 -3.26986
14.5707 -3.34285
14.8098 -3.41583
15.049 -3.48881
15.2881 -3.56179
15.5272 -3.63478
15.7663 -3.70776
16.0054 -3.78074
16.2445 -3.85372
16.4836 -3.92671
16.7227 -3.99969
16.9618 -4.07267
17.2009 -4.14565
17.4401 -4.21864
17.6792 -4.29162
17.9183 -4.3646
18.1574 -4.43758
18.3965 -4.51057
18.6356 -4.58355
18.8747 -4.65653
19.1138 -4.72951
19.2259 -4.73546
19.26 -4.72624
19.26 -4.72624
19.26 -4.72624
19.26 -4.72624
19.26 -4.72624
19.26 -4.72624
19.26 -4.72624
19.26 -4.72624
19.26 -4.72624
19.26 -4.72624
19.26 -4.72624
19.26 -4.72624
19.26 -4.72624
19.26 -4.72624
19.26 -4.72624
19.26 -4.72624
19.26 -4.72624
19.26 -4.72624
19.26 -4.72624
19.26 -4.72624
19.26 -4.72624
19.26 -4.72624
19.26 -4.72624
19.26 -4.72624
19.26 -4.72624
19.26 -4.72624
19.26 -4.72624
19.26 -4.72624
19.26 -4.72624
19.26 -4.72624
19.26 -4.72624
19.26 -4.72624
19.26 -4.72624
19.26 -4.72624
19.26 -4.72624
19.26 -4.72624
19.26 -4.72624
19.26 -4.72624
19.26 -4.72624
19.26 -4.72624
19.26 -4.72624
19.26 -4.72624
19.26 -4.72624
19.26 -4.72624
19.26 -4.72624
19.26 -4.72624
19.26 -4.72624
19.26 -4.72624
19.26 -4.72624
19.26 -4.72624
19.26 -4.72624
19.26 -4.72624
19.26 -4.72624
19.26 -4.72624
19.26 -4.72624
19.26 -4.72624
19.26 -4.72624
19.26 -4.72624
19.26 -4.72624
19.26 -4.72624
20 -5