5 -5
5.2466 -5.0411
5.4932 -5.0822
5.73979 -5.1233
5.98639 -5.1644
6.23299 -5.2055
6.47959 -5.2466
6.72619 -5.2877
6.97279 -5.3288
7.21939 -5.3699
7.46598 -5.411
7.71258 -5.4521
7.95918 -5.4932
8.20578 -5.5343
8.45238 -5.57539
8.69898 -5.61649
8.94557 -5.65759
9.19217 -5.69869
9.43877 -5.73979
9.68537 -5.78089
9.93197 -5.82199
10.1786 -5.86309
10.4252 -5.90419
10.6718 -5.94529
10.9184 -5.98639
11.165 -6.02749
11.4116 -6.06859
11.6582 -6.10969
11.9048 -6.15079
12.1514 -6.19189
12.3979 -6.23299
12.6445 -6.27409
12.8911 -6.31519
13.1377 -6.35629
13.3843 -6.39739
13.6309 -6.43849
13.8775 -6.47959
14.1241 -6.52069
14.3707 -6.56179
14.6173 -6.60289
14.8639 -6.64399
15.1105 -6.68509
15.3571 -6.72619
15.6037 -6.76729
15.8503 -6.80839
16.0969 -6.84949
16.224 -6.91258
16.2659 -6.96897
16.267 -6.9907
16.267 -6.9907
16.267 -6.9907
16.267 -6.9907
16.267 -6.9907
16.267 -6.9907
16.267 -6.9907
16.267 -6.9907
16.267 -6.9907
16.267 -6.9907
16.267 -6.9907
16.267 -6.9907
16.267 -6.9907
16.267 -6.9907
16.267 -6.9907
16.267 -6.9907
16.267 -6.9907
16.267 -6.9907
16.267 -6.9907
16.267 -6.9907
16.267 -6.9907
16.267 -6.9907
16.267 -6.9907
16.267 -6.9907
16.267 -6.9907
16.267 -6.9907
16.267 -6.9907
16.267 -6.9907
16.267 -6.9907
16.267 -6.9907
16.267 -6.9907
16.267 -6.9907
16.267 -6.9907
16.267 -6.9907
16.267 -6.9907
16.267 -6.9907
16.267 -6.9907
16.267 -6.9907
16.267 -6.9907
16.267 -6.9907
16.267 -6.9907
16.267 -6.9907
16.267 -6.9907
16.267 -6.9907
16.267 -6.9907
16.267 -6.9907
16.267 -6.9907
16.267 -6.9907
16.267 -6.9907
16.267 -6.9907
16.267 -6.9907
16.267 -6.9907
16.267 -6.9907
16.267 -6.9907
16.267 -6.9907
16.267 -6.9907
16.267 -6.9907
16.267 -6.9907
16.267 -6.9907
16.267 -6.9907
16.267 -6.9907
16.267 -6.9907
16.267 -6.9907
16.267 -6.9907
16.267 -6.9907
16.267 -6.9907
16.267 -6.9907
16.267 -6.9907
16.267 -6.9907
16.267 -6.9907
16.267 -6.9907
16.267 -6.9907
16.267 -6.9907
16.267 -6.9907
16.267 -6.9907
16.267 -6.9907
16.267 -6.9907
16.267 -6.9907
16.267 -6.9907
16.267 -6.9907
16.267 -6.9907
16.267 -6.9907
16.267 -6.9907
16.267 -6.9907
16.267 -6.9907
16.267 -6.9907
16.267 -6.9907
16.267 -6.9907
16.267 -6.9907
16.267 -6.9907
16.267 -6.9907
16.267 -6.9907
16.267 -6.9907
16.267 -6.9907
16.267 -6.9907
16.267 -6.9907
16.267 -6.9907
16.267 -6.9907
16.267 -6.9907
16.267 -6.9907
16.267 -6.9907
16.267 -6.9907
16.267 -6.9907
16.267 -6.9907
16.267 -6.9907
16.267 -6.9907
16.267 -6.9907
17 -7