24 -6
23.8363 -5.81108
23.6725 -5.62216
23.5088 -5.43323
23.3451 -5.24431
23.1813 -5.05539
23.0176 -4.86647
22.8539 -4.67754
22.6901 -4.48862
22.5264 -4.2997
22.3627 -4.11078
22.1989 -3.92185
22.0352 -3.73293
21.8715 -3.54401
21.7077 -3.35509
21.544 -3.16617
21.3803 -2.97724
21.2165 -2.78832
21.0528 -2.5994
20.8891 -2.41048
20.7253 -2.22155
20.5616 -2.03263
20.3979 -1.84371
20.2342 -1.65479
20.0704 -1.46587
19.9067 -1.27694
19.743 -1.08802
19.5792 -0.899098
19.4155 -0.710176
19.2518 -0.521254
19.088 -0.332332
18.9243 -0.143409
18.7606 0.0455129
18.5968 0.234435
18.4331 0.423357
18.2694 0.61228
18.1056 0.801202
17.9419 0.990124
17.7782 1.17905
17.6144 1.36797
17.4507 1.55689
17.287 1.74581
17.1232 1.93474
16.9595 2.12366
16.7958 2.31258
16.632 2.5015
16.4683 2.69042
16.3046 2.87935
16.1408 3.06827
15.9771 3.25719
15.8134 3.44611
15.6496 3.63504
15.4859 3.82396
15.3222 4.01288
15.1584 4.2018
14.9947 4.39072
14.831 4.57965
14.6672 4.76857
14.5035 4.95749
14.3398 5.14641
14.176 5.33534
14.0123 5.52426
13.8486 5.71318
13.6849 5.9021
13.5211 6.09103
13.3574 6.27995
13.1937 6.46887
13.0299 6.65779
12.8662 6.84672
12.7025 7.03564
12.5387 7.22456
12.375 7.41348
12.2113 7.60241
12.0475 7.79133
11.8838 7.98025
11.7201 8.16917
11.5563 8.35809
11.3926 8.54702
11.2289 8.73594
11.0651 8.92486
10.9014 9.11378
10.7377 9.3027
10.5739 9.49163
10.4102 9.68055
10.2465 9.86947
10.0827 10.0584
9.919 10.2473
9.75527 10.4362
9.59154 10.6252
9.4278 10.8141
9.26407 11.003
9.10034 11.1919
8.93661 11.3808
8.77287 11.5698
8.60914 11.7587
8.44541 11.9476
8.28168 12.1365
8.11794 12.3255
7.95421 12.5144
7.79048 12.7033
7.62675 12.8922
7.46301 13.0811
7.29928 13.2701
7.13555 13.459
6.97182 13.6479
6.80808 13.8368
6.64435 14.0258
6.48062 14.2147
6.31689 14.4036
6.15315 14.5925
5.98942 14.7814
5.82569 14.9704
5.66196 15.1593
5.49822 15.3482
5.33449 15.5371
5.17076 15.726
5.00703 15.915
4.84329 16.1039
4.67956 16.2928
4.51583 16.4817
4.3521 16.6707
4.18836 16.8596
4.02463 17.0485
3.8609 17.2374
3.69717 17.4264
3.53343 17.6153
3.3697 17.8042
3.20597 17.9931
3.04223 18.182
2.8785 18.371
2.71477 18.5599
2.55104 18.7488
2.3873 18.9377
2.22357 19.1267
2.05984 19.3156
1.89611 19.5045
1.73237 19.6934
1.56864 19.8824
1.40491 20.0713
1.24117 20.2602
1.07744 20.4491
0.913708 20.638
0.749975 20.827
0.586242 21.0159
0.422509 21.2048
0.258776 21.3937
0.0950429 21.5827
-0.0686901 21.7716
-0.232423 21.9605
-0.396156 22.1494
-0.559889 22.3383
-0.723622 22.5273
-0.887355 22.7162
-1.05109 22.9051
-1.21482 23.094
-2 24