-13 12
-12.827 11.9583
-12.5974 11.8595
-12.3677 11.7608
-12.1381 11.662
-11.9084 11.5632
-11.6787 11.4644
-11.4491 11.3656
-11.2194 11.2669
-10.9898 11.1681
-10.7601 11.0693
-10.5305 10.9705
-10.3008 10.8717
-10.0711 10.7729
-9.84149 10.6742
-9.61184 10.5754
-9.38218 10.4766
-9.15252 10.3778
-8.92287 10.279
-8.69321 10.1802
-8.46356 10.0815
-8.2339 9.98268
-8.00424 9.8839
-7.77459 9.78512
-7.54493 9.68634
-7.31527 9.58755
-7.08562 9.48877
-6.85596 9.38999
-6.6263 9.29121
-6.39665 9.19242
-6.16699 9.09364
-5.93733 8.99486
-5.70768 8.89608
-5.47802 8.7973
-5.24836 8.69851
-5.01871 8.59973
-4.78905 8.50095
-4.55939 8.40217
-4.32974 8.30338
-4.10008 8.2046
-3.87042 8.10582
-3.64077 8.00704
-3.41111 7.90826
-3.18145 7.80947
-2.9518 7.71069
-2.72214 7.61191
-2.49248 7.51313
-2.26283 7.41435
-2.03317 7.31556
-1.80352 7.21678
-1.57386 7.118
-1.3442 7.01922
-1.11455 6.92044
-0.88489 6.82165
-0.655233 6.72287
-0.425577 6.62409
-0.19592 6.52531
0.0337365 6.42653
0.263393 6.32774
0.49305 6.22896
0.722706 6.13018
0.952363 6.0314
1.18202 5.93261
1.41168 5.83383
1.64133 5.73505
1.87099 5.63627
2.10064 5.53749
2.3303 5.4387
2.55996 5.33992
2.78961 5.24114
3.01927 5.14236
3.24893 5.04358
3.47858 4.94479
3.70824 4.84601
3.9379 4.74723
4.16755 4.64845
4.39721 4.54967
4.62687 4.45088
4.85652 4.3521
5.08618 4.25332
5.31584 4.15454
5.54549 4.05576
5.77515 3.95697
6.00481 3.85819
6.23446 3.75941
6.46412 3.66063
6.69378 3.56185
6.92343 3.46306
7.15309 3.36428
7.15309 3.36428
7.15309 3.36428
7.15309 3.36428
7.15309 3.36428
7.15309 3.36428
7.15309 3.36428
7.15309 3.36428
7.15309 3.36428
7.15309 3.36428
7.15309 3.36428
7.15309 3.36428
7.15309 3.36428
7.15309 3.36428
7.15309 3.36428
7.15309 3.36428
7.15309 3.36428
7.15309 3.36428
7.15309 3.36428
7.15309 3.36428
7.15309 3.36428
7.15309 3.36428
7.15309 3.36428
7.15309 3.36428
7.15309 3.36428
7.15309 3.36428
7.15309 3.36428
7.15309 3.36428
7.15309 3.36428
7.15309 3.36428
7.15309 3.36428
7.15309 3.36428
7.15309 3.36428
7.15309 3.36428
7.15309 3.36428
7.15309 3.36428
7.15309 3.36428
7.15309 3.36428
7.15309 3.36428
7.15309 3.36428
7.15309 3.36428
7.15309 3.36428
7.15309 3.36428
7.15309 3.36428
7.15309 3.36428
7.15309 3.36428
7.15309 3.36428
7.15309 3.36428
7.15309 3.36428
7.15309 3.36428
7.15309 3.36428
7.15309 3.36428
7.15309 3.36428
7.15309 3.36428
7.15309 3.36428
7.15309 3.36428
7.15309 3.36428
7.15309 3.36428
7.15309 3.36428
7.15309 3.36428
7.15309 3.36428
7.15309 3.36428
7.15309 3.36428
7.15309 3.36428
7.15309 3.36428
7.15309 3.36428
7.15309 3.36428
8 3