9 9
8.90778 8.86306
8.83181 8.68504
8.69678 8.49433
8.56075 8.28458
8.42472 8.07483
8.2887 7.86507
8.15267 7.65532
8.01664 7.44557
7.88061 7.23581
7.74459 7.02606
7.60856 6.81631
7.47253 6.60655
7.3365 6.3968
7.20047 6.18705
7.06445 5.97729
6.92842 5.76754
6.79239 5.55779
6.65636 5.34803
6.52034 5.13828
6.38431 4.92853
6.24828 4.71877
6.11225 4.50902
5.97622 4.29926
5.8402 4.08951
5.70417 3.87976
5.56814 3.67
5.43211 3.46025
5.29609 3.2505
5.16006 3.04074
5.02403 2.83099
4.888 2.62124
4.75197 2.41148
4.61595 2.20173
4.47992 1.99198
4.34389 1.78222
4.20786 1.57247
4.07184 1.36272
3.93581 1.15296
3.79978 0.943211
3.66375 0.733457
3.52772 0.523704
3.3917 0.313951
3.25567 0.104197
3.11964 -0.105556
2.98361 -0.31531
2.84759 -0.525063
2.71156 -0.734816
2.57553 -0.94457
2.4395 -1.15432
2.30348 -1.36408
2.16745 -1.57383
2.03142 -1.78358
1.89539 -1.99334
1.75937 -2.20309
1.62334 -2.41284
1.48731 -2.6226
1.35128 -2.83235
1.21526 -3.0421
1.07923 -3.25186
0.943201 -3.46161
0.807173 -3.67136
0.671146 -3.88112
0.535118 -4.09087
0.39909 -4.30062
0.263063 -4.51038
0.127035 -4.72013
-0.00899254 -4.92988
-0.14502 -5.13964
-0.281048 -5.34939
-0.417075 -5.55914
-0.553103 -5.7689
-0.689131 -5.97865
-0.825158 -6.18841
-0.961186 -6.39816
-1.09721 -6.60791
-1.23324 -6.81767
-1.36927 -7.02742
-1.5053 -7.23717
-1.5053 -7.23717
-1.5053 -7.23717
-1.5053 -7.23717
-1.5053 -7.23717
-1.5053 -7.23717
-1.5053 -7.23717
-1.5053 -7.23717
-1.5053 -7.23717
-1.5053 -7.23717
-1.5053 -7.23717
-1.5053 -7.23717
-1.5053 -7.23717
-1.5053 -7.23717
-1.5053 -7.23717
-1.5053 -7.23717
-1.5053 -7.23717
-1.5053 -7.23717
-1.5053 -7.23717
-1.5053 -7.23717
-1.5053 -7.23717
-1.5053 -7.23717
-1.5053 -7.23717
-1.5053 -7.23717
-1.5053 -7.23717
-1.5053 -7.23717
-1.5053 -7.23717
-1.5053 -7.23717
-1.5053 -7.23717
-1.5053 -7.23717
-1.5053 -7.23717
-1.5053 -7.23717
-1.5053 -7.23717
-1.5053 -7.23717
-1.5053 -7.23717
-1.5053 -7.23717
-1.5053 -7.23717
-1.5053 -7.23717
-1.5053 -7.23717
-1.5053 -7.23717
-1.5053 -7.23717
-1.5053 -7.23717
-1.5053 -7.23717
-1.5053 -7.23717
-1.5053 -7.23717
-1.5053 -7.23717
-1.5053 -7.23717
-1.5053 -7.23717
-1.5053 -7.23717
-1.5053 -7.23717
-1.5053 -7.23717
-1.5053 -7.23717
-1.5053 -7.23717
-1.5053 -7.23717
-1.5053 -7.23717
-1.5053 -7.23717
-1.5053 -7.23717
-1.5053 -7.23717
-1.5053 -7.23717
-1.5053 -7.23717
-1.5053 -7.23717
-1.5053 -7.23717
-1.5053 -7.23717
-1.5053 -7.23717
-1.5053 -7.23717
-1.5053 -7.23717
-1.5053 -7.23717
-1.5053 -7.23717
-1.5053 -7.23717
-1.5053 -7.23717
-1.5053 -7.23717
-1.5053 -7.23717
-1.5053 -7.23717
-1.5053 -7.23717
-1.5053 -7.23717
-1.5053 -7.23717
-1.5053 -7.23717
-2 -8