0 4
0.111803 3.77639
0.223607 3.55279
0.33541 3.32918
0.447214 3.10557
0.559017 2.88197
0.67082 2.65836
0.782624 2.43475
0.894427 2.21115
1.00623 1.98754
1.11803 1.76393
1.22984 1.54032
1.34164 1.31672
1.45344 1.09311
1.56525 0.869505
1.67705 0.645898
1.78885 0.422291
1.90066 0.198684
2.01246 -0.0249227
2.12426 -0.248529
2.23607 -0.472136
2.34787 -0.695743
2.45967 -0.91935
2.57148 -1.14296
2.68328 -1.36656
2.79508 -1.59017
2.90689 -1.81378
3.01869 -2.03738
3.1305 -2.26099
3.2423 -2.4846
3.3541 -2.7082
3.46591 -2.93181
3.57771 -3.15542
3.68951 -3.37902
3.80132 -3.60263
3.91312 -3.82624
4.02492 -4.04985
4.13673 -4.27345
4.24853 -4.49706
4.36033 -4.72066
4.47214 -4.94427
4.58394 -5.16788
4.69574 -5.39149
4.80755 -5.61509
4.91935 -5.8387
5.03115 -6.06231
5.14296 -6.28591
5.25476 -6.50952
5.36656 -6.73313
5.47837 -6.95673
5.59017 -7.18034
5.59017 -7.18034
5.59017 -7.18034
5.59017 -7.18034
5.59017 -7.18034
5.59017 -7.18034
5.59017 -7.18034
5.59017 -7.18034
5.59017 -7.18034
5.59017 -7.18034
5.59017 -7.18034
5.59017 -7.18034
5.59017 -7.18034
5.59017 -7.18034
5.59017 -7.18034
5.59017 -7.18034
5.59017 -7.18034
5.59017 -7.18034
5.59017 -7.18034
5.59017 -7.18034
5.59017 -7.18034
5.59017 -7.18034
5.59017 -7.18034
5.59017 -7.18034
5.59017 -7.18034
5.59017 -7.18034
5.59017 -7.18034
5.59017 -7.18034
5.59017 -7.18034
5.59017 -7.18034
5.59017 -7.18034
5.59017 -7.18034
5.59017 -7.18034
5.59017 -7.18034
5.59017 -7.18034
5.59017 -7.18034
5.59017 -7.18034
5.59017 -7.18034
5.59017 -7.18034
5.59017 -7.18034
5.59017 -7.18034
5.59017 -7.18034
5.59017 -7.18034
5.59017 -7.18034
5.59017 -7.18034
5.59017 -7.18034
5.59017 -7.18034
5.59017 -7.18034
5.59017 -7.18034
5.59017 -7.18034
5.59017 -7.18034
5.59017 -7.18034
5.59017 -7.18034
5.59017 -7.18034
5.59017 -7.18034
5.59017 -7.18034
5.59017 -7.18034
5.59017 -7.18034
5.59017 -7.18034
5.59017 -7.18034
5.59017 -7.18034
5.59017 -7.18034
5.59017 -7.18034
5.59017 -7.18034
5.59017 -7.18034
5.59017 -7.18034
5.59017 -7.18034
5.59017 -7.18034
6 -8