14 -6
14.2144 -5.87138
14.4287 -5.74275
14.6431 -5.61413
14.8575 -5.4855
15.0719 -5.35688
15.2862 -5.22826
15.5006 -5.09963
15.715 -4.97101
15.9294 -4.84238
16.1437 -4.71376
16.3581 -4.58514
16.5725 -4.45651
16.7869 -4.32789
17.0012 -4.19926
17.2156 -4.07064
17.43 -3.94202
17.6443 -3.81339
17.8587 -3.68477
18.0731 -3.55614
18.2875 -3.42752
18.5018 -3.2989
18.7162 -3.17027
18.9306 -3.04165
19.145 -2.91302
19.3593 -2.7844
19.5737 -2.65578
19.7881 -2.52715
20.0024 -2.39853
20.2168 -2.26991
20.4312 -2.14128
20.6456 -2.01266
20.8599 -1.88404
21.0743 -1.75541
21.2887 -1.62679
21.5031 -1.49816
21.7174 -1.36954
21.9318 -1.24092
22.1462 -1.11229
22.3605 -0.98367
22.5749 -0.855046
22.7893 -0.726423
23.0037 -0.5978
23.218 -0.469176
23.218 -0.469176
23.218 -0.469176
23.218 -0.469176
23.218 -0.469176
23.218 -0.469176
23.218 -0.469176
23.218 -0.469176
23.218 -0.469176
23.218 -0.469176
23.218 -0.469176
23.218 -0.469176
23.218 -0.469176
23.218 -0.469176
23.218 -0.469176
23.218 -0.469176
23.218 -0.469176
23.218 -0.469176
23.218 -0.469176
23.218 -0.469176
23.218 -0.469176
23.218 -0.469176
23.218 -0.469176
23.218 -0.469176
23.218 -0.469176
23.218 -0.469176
23.218 -0.469176
23.218 -0.469176
23.218 -0.469176
23.218 -0.469176
23.218 -0.469176
23.218 -0.469176
23.218 -0.469176
23.218 -0.469176
23.218 -0.469176
23.218 -0.469176
23.218 -0.469176
23.218 -0.469176
23.218 -0.469176
23.218 -0.469176
23.218 -0.469176
23.218 -0.469176
23.218 -0.469176
23.218 -0.469176
23.218 -0.469176
23.218 -0.469176
23.218 -0.469176
23.218 -0.469176
23.218 -0.469176
23.218 -0.469176
23.218 -0.469176
23.218 -0.469176
23.218 -0.469176
23.218 -0.469176
23.218 -0.469176
23.218 -0.469176
23.218 -0.469176
23.218 -0.469176
23.218 -0.469176
23.2193 -0.469803
23.2233 -0.471794
23.23 -0.475061
23.2394 -0.4795
23.2515 -0.484976
23.2662 -0.491315
23.2836 -0.498274
23.3036 -0.505505
23.3264 -0.512482
23.3519 -0.518391
23.3799 -0.521948
23.4097 -0.521192
23.4391 -0.513566
23.4629 -0.497524
23.48 -0.477947
23.4972 -0.458369
24 0