-18 18
-18.0395 17.7531
-18.079 17.5063
-18.1185 17.2594
-18.158 17.0126
-18.1975 16.7657
-18.237 16.5188
-18.2765 16.272
-18.316 16.0251
-18.3555 15.7783
-18.395 15.5314
-18.4345 15.2845
-18.474 15.0377
-18.5135 14.7908
-18.553 14.544
-18.5925 14.2971
-18.632 14.0502
-18.6715 13.8034
-18.711 13.5565
-18.7505 13.3097
-18.7899 13.0628
-18.8294 12.8159
-18.8689 12.5691
-18.9084 12.3222
-18.9479 12.0753
-18.9874 11.8285
-19.0269 11.5816
-19.0664 11.3348
-19.1059 11.0879
-19.1454 10.841
-19.1849 10.5942
-19.2244 10.3473
-19.2639 10.1005
-19.3034 9.8536
-19.3429 9.60674
-19.3824 9.35988
-19.4219 9.11302
-19.4614 8.86616
-19.5009 8.6193
-19.5404 8.37244
-19.5799 8.12558
-19.6194 7.87872
-19.6589 7.63186
-19.6984 7.385
-19.7379 7.13814
-19.7774 6.89128
-19.8169 6.64442
-19.8564 6.39756
-19.8959 6.1507
-19.9354 5.90384
-19.9749 5.65698
-20.0144 5.41012
-20.0539 5.16326
-20.0934 4.9164
-20.1329 4.66954
-20.1724 4.42268
-20.2119 4.17582
-20.2514 3.92896
-20.2908 3.6821
-20.3303 3.43524
-20.3698 3.18838
-20.4093 2.94152
-20.4488 2.69466
-20.4883 2.4478
-20.5278 2.20094
-20.5673 1.95408
-20.6068 1.70722
-20.6463 1.46036
-20.6858 1.2135
-20.7253 0.966639
-20.7648 0.719779
-20.8043 0.472919
-20.8438 0.226059
-20.8833 -0.0208013
-20.9228 -0.267661
-20.9623 -0.514521
-21.0018 -0.761381
-21.0413 -1.00824
-21.0808 -1.2551
-21.1203 -1.50196
-21.1598 -1.74882
-21.1993 -1.99568
-21.2388 -2.24254
-21.2783 -2.4894
-21.3178 -2.73626
-21.3573 -2.98312
-21.3968 -3.22998
-21.4363 -3.47684
-21.4758 -3.7237
-21.5153 -3.97056
-21.5548 -4.21742
-21.5943 -4.46428
-21.6338 -4.71114
-21.6733 -4.958
-21.7128 -5.20486
-21.7523 -5.45172
-21.7918 -5.69858
-21.8313 -5.94544
-21.8708 -6.1923
-21.8708 -6.1923
-21.8708 -6.1923
-21.8708 -6.1923
-21.8708 -6.1923
-21.8708 -6.1923
-21.8708 -6.1923
-21.8708 -6.1923
-21.8708 -6.1923
-21.8708 -6.1923
-21.8708 -6.1923
-21.8708 -6.1923
-21.8708 -6.1923
-21.8708 -6.1923
-21.8708 -6.1923
-21.8708 -6.1923
-21.8708 -6.1923
-21.8708 -6.1923
-21.8708 -6.1923
-21.8708 -6.1923
-22 -7