-9 18
-8.78345 17.8751
-8.56691 17.7501
-8.35036 17.6252
-8.13382 17.5003
-7.91727 17.3753
-7.70072 17.2504
-7.48418 17.1255
-7.26763 17.0005
-7.05108 16.8756
-6.83454 16.7507
-6.61799 16.6258
-6.40144 16.5008
-6.1849 16.3759
-5.96835 16.251
-5.7518 16.126
-5.53526 16.0011
-5.31871 15.8762
-5.10216 15.7512
-4.88562 15.6263
-4.66907 15.5014
-4.45252 15.3764
-4.23598 15.2515
-4.01943 15.1266
-3.80289 15.0017
-3.58634 14.8767
-3.36979 14.7518
-3.15325 14.6269
-2.9367 14.5019
-2.72015 14.377
-2.50361 14.2521
-2.28706 14.1271
-2.07051 14.0022
-1.85397 13.8773
-1.63742 13.7524
-1.42087 13.6274
-1.20433 13.5025
-0.987781 13.3776
-0.771234 13.2526
-0.554688 13.1277
-0.338141 13.0028
-0.121595 12.8778
0.0949514 12.7529
0.311498 12.628
0.528044 12.503
0.744591 12.3781
0.961137 12.2532
1.17768 12.1283
1.39423 12.0033
1.61078 11.8784
1.82732 11.7535
2.04387 11.6285
2.26042 11.5036
2.47696 11.3787
2.69351 11.2537
2.91005 11.1288
3.1266 11.0039
3.34315 10.879
3.55969 10.754
3.77624 10.6291
3.99279 10.5042
4.20933 10.3792
4.42588 10.2543
4.64243 10.1294
4.85897 10.0044
5.07552 9.87951
5.29207 9.75458
5.50861 9.62965
5.72516 9.50472
5.9417 9.37979
6.15825 9.25486
6.3748 9.12993
6.59134 9.005
6.80789 8.88007
7.02444 8.75514
7.24098 8.63021
7.45753 8.50528
7.67408 8.38035
7.89062 8.25541
8.10717 8.13048
8.32372 8.00555
8.54026 7.88062
8.75681 7.75569
8.97335 7.63076
9.1899 7.50583
9.40645 7.3809
9.62299 7.25597
9.83954 7.13104
10.0561 7.00611
10.2726 6.88118
10.4892 6.75625
10.7057 6.63131
10.9223 6.50638
11.1388 6.38145
11.3554 6.25652
11.5719 6.13159
11.7885 6.00666
12.005 5.88173
12.2215 5.7568
12.4381 5.63187
12.6546 5.50694
12.8712 5.38201
13.0865 5.25771
13.299 5.13477
13.5089 5.01312
13.716 4.89268
13.9205 4.77332
14.1224 4.65491
14.3217 4.53725
14.5184 4.42006
14.7125 4.30291
14.904 4.18515
15.093 4.06574
15.2802 3.94299
15.4675 3.81452
15.6601 3.67817
15.8594 3.53818
16.0574 3.39938
17 3