23 10
22.7764 10.1118
22.5528 10.2236
22.3292 10.3354
22.1056 10.4472
21.882 10.559
21.6584 10.6708
21.4348 10.7826
21.2112 10.8944
20.9875 11.0062
20.7639 11.118
20.5403 11.2298
20.3167 11.3416
20.0931 11.4534
19.8695 11.5652
19.6459 11.677
19.4223 11.7888
19.1987 11.9007
18.9751 12.0125
18.7515 12.1243
18.5279 12.2361
18.3043 12.3479
18.0807 12.4597
17.8571 12.5715
17.6335 12.6833
17.4098 12.7951
17.1862 12.9069
16.9626 13.0187
16.739 13.1305
16.5154 13.2423
16.2918 13.3541
16.0682 13.4659
15.8446 13.5777
15.8446 13.5777
15.8446 13.5777
15.8446 13.5777
15.8446 13.5777
15.8446 13.5777
15.8446 13.5777
15.8446 13.5777
15.8446 13.5777
15.8446 13.5777
15.8446 13.5777
15.8446 13.5777
15.8446 13.5777
15.8446 13.5777
15.8446 13.5777
15.8446 13.5777
15.8446 13.5777
15.8446 13.5777
15.8446 13.5777
15.8446 13.5777
15.8446 13.5777
15.8446 13.5777
15.8446 13.5777
15.8446 13.5777
15.8446 13.5777
15.8446 13.5777
15.8446 13.5777
15.8446 13.5777
15.8446 13.5777
15.8446 13.5777
15.8446 13.5777
15.8446 13.5777
15.8446 13.5777
15.8446 13.5777
15.8446 13.5777
15.8446 13.5777
15.8446 13.5777
15.8446 13.5777
15.8446 13.5777
15.8446 13.5777
15.8446 13.5777
15.8446 13.5777
15.8446 13.5777
15.8446 13.5777
15.8446 13.5777
15.8446 13.5777
15.8446 13.5777
15.8446 13.5777
15.8446 13.5777
15.8446 13.5777
15.8446 13.5777
15.8446 13.5777
15.8446 13.5777
15.8446 13.5777
15.8446 13.5777
15.8446 13.5777
15.8446 13.5777
15.8446 13.5777
15.8446 13.5777
15.8446 13.5777
15.8446 13.5777
15.8446 13.5777
15.8446 13.5777
15.8446 13.5777
15.8446 13.5777
15.8446 13.5777
15.8446 13.5777
15.8446 13.5777
15.8446 13.5777
15.8446 13.5777
15.8446 13.5777
15.8446 13.5777
15.8446 13.5777
15.8446 13.5777
15.8446 13.5777
15.8446 13.5777
15.8446 13.5777
15.8446 13.5777
15.8446 13.5777
15.8446 13.5777
15.8446 13.5777
15.8446 13.5777
15.8446 13.5777
15.8446 13.5777
15.8446 13.5777
15.8446 13.5777
15 14