-6 25
-6.03536 24.7525
-6.07071 24.505
-6.10607 24.2575
-6.14142 24.01
-6.17678 23.7626
-6.21213 23.5151
-6.24749 23.2676
-6.28284 23.0201
-6.3182 22.7726
-6.35356 22.5251
-6.38891 22.2776
-6.42427 22.0301
-6.45962 21.7827
-6.49498 21.5352
-6.53033 21.2877
-6.56569 21.0402
-6.60104 20.7927
-6.6364 20.5452
-6.67175 20.2977
-6.70711 20.0502
-6.74247 19.8028
-6.77782 19.5553
-6.81318 19.3078
-6.84853 19.0603
-6.88389 18.8128
-6.91924 18.5653
-6.9546 18.3178
-6.98995 18.0703
-7.02531 17.8228
-7.06066 17.5754
-7.09602 17.3279
-7.13138 17.0804
-7.16673 16.8329
-7.20209 16.5854
-7.23744 16.3379
-7.2728 16.0904
-7.30815 15.8429
-7.34351 15.5955
-7.37886 15.348
-7.41422 15.1005
-7.44957 14.853
-7.48493 14.6055
-7.52028 14.358
-7.55564 14.1105
-7.59099 13.863
-7.62635 13.6156
-7.66171 13.3681
-7.69706 13.1206
-7.73242 12.8731
-7.76777 12.6256
-7.80313 12.3781
-7.83848 12.1306
-7.87384 11.8832
-7.90919 11.6357
-7.94455 11.3882
-7.9799 11.1407
-8.01526 10.8932
-8.05061 10.6457
-8.08597 10.3982
-8.12133 10.1507
-8.15668 9.90325
-8.19204 9.65577
-8.22739 9.40828
-8.26275 9.16079
-8.2981 8.91331
-8.33346 8.66582
-8.36881 8.41833
-8.40417 8.17085
-8.43953 7.92336
-8.47488 7.67587
-8.51024 7.42838
-8.54559 7.18089
-8.58095 6.93341
-8.6163 6.68592
-8.65166 6.43843
-8.68701 6.19094
-8.72237 5.94346
-8.75773 5.69597
-8.79308 5.44848
-8.82844 5.20099
-8.86379 4.95351
-8.89915 4.70602
-8.9345 4.45853
-8.96986 4.21104
-9.00521 3.96356
-9.04057 3.71607
-9.07593 3.46858
-9.11128 3.2211
-9.14664 2.97361
-9.18199 2.72612
-9.21735 2.47863
-9.2527 2.23115
-9.28806 1.98366
-9.32341 1.73617
-9.35877 1.48868
-9.39413 1.2412
-9.42948 0.993709
-9.46484 0.746221
-9.50019 0.498734
-9.53555 0.251247
-9.5709 0.00375928
-9.60626 -0.243728
-9.64161 -0.491216
-9.67697 -0.738703
-9.71233 -0.98619
-9.74768 -1.23368
-9.78304 -1.48117
-9.81839 -1.72865
-9.85375 -1.97614
-9.8891 -2.22363
-9.92446 -2.47111
-9.95982 -2.7186
-9.99517 -2.96609
-10.0305 -3.21358
-10.0659 -3.46106
-10.1012 -3.70855
-10.1366 -3.95604
-10.1719 -4.20353
-10.2073 -4.45101
-10.2427 -4.6985
-10.278 -4.94599
-10.3134 -5.19348
-10.3487 -5.44096
-10.3841 -5.68845
-10.4194 -5.93594
-10.4548 -6.18343
-10.4901 -6.43091
-10.5255 -6.6784
-10.5609 -6.92589
-10.5962 -7.17338
-10.6316 -7.42086
-10.6669 -7.66835
-10.7023 -7.91584
-10.7376 -8.16333
-10.773 -8.41081
-10.8083 -8.6583
-10.8437 -8.90579
-10.8791 -9.15327
-10.9144 -9.40076
-10.9498 -9.64825
-10.9851 -9.89574
-11.0205 -10.1432
-11.0558 -10.3907
-11.0912 -10.6382
-11.1265 -10.8857
-11.1619 -11.1332
-11.1972 -11.3807
-11.2326 -11.6281
-11.268 -11.8756
-11.3033 -12.1231
-11.3387 -12.3706
-11.374 -12.6181
-11.4094 -12.8656
-11.4447 -13.1131
-11.4801 -13.3606
-11.5154 -13.608
-11.5508 -13.8555
-11.5862 -14.103
-11.6215 -14.3505
-11.6569 -14.598
-11.6922 -14.8455
-11.7276 -15.093
-11.7629 -15.3405
-11.7983 -15.5879
-11.8336 -15.8354
-11.869 -16.0829
-11.9044 -16.3304
-11.9397 -16.5779
-11.9751 -16.8254
-12.0104 -17.0729
-12.0458 -17.3204
-12.0811 -17.5678
-12.1165 -17.8153
-12.1518 -18.0628
-12.1872 -18.3103
-12.2225 -18.5578
-12.2579 -18.8053
-12.2933 -19.0528
-12.3286 -19.3003
-12.364 -19.5477
-12.3993 -19.7952
-12.4347 -20.0427
-12.47 -20.2902
-12.5054 -20.5377
-12.5407 -20.7852
-12.5761 -21.0327
-12.6115 -21.2802
-12.6468 -21.5276
-12.6822 -21.7751
-12.7175 -22.0226
-12.7529 -22.2701
-12.7882 -22.5176
-12.8236 -22.7651
-13 -24