-17 0
-16.803 -0.153911
-16.606 -0.307822
-16.409 -0.461733
-16.212 -0.615644
-16.015 -0.769555
-15.818 -0.923466
-15.621 -1.07738
-15.424 -1.23129
-15.2269 -1.3852
-15.0299 -1.53911
-14.8329 -1.69302
-14.6359 -1.84693
-14.4389 -2.00084
-14.2419 -2.15475
-14.0449 -2.30867
-13.8479 -2.46258
-13.6509 -2.61649
-13.4539 -2.7704
-13.2569 -2.92431
-13.0599 -3.07822
-12.8629 -3.23213
-12.6659 -3.38604
-12.4689 -3.53995
-12.2719 -3.69387
-12.0748 -3.84778
-11.8778 -4.00169
-11.6808 -4.1556
-11.4838 -4.30951
-11.2868 -4.46342
-11.0898 -4.61733
-10.8928 -4.77124
-10.6984 -4.9251
-10.5072 -5.07857
-10.3191 -5.23122
-10.1335 -5.38242
-9.95002 -5.53143
-9.76735 -5.67741
-9.58365 -5.81978
-9.39639 -5.95905
-9.20624 -6.09753
-9.01614 -6.23604
-8.82609 -6.37457
-8.63609 -6.51313
-8.44614 -6.6517
-8.25625 -6.79031
-8.06641 -6.92893
-7.87663 -7.06758
-7.6869 -7.20626
-7.49722 -7.34496
-7.3076 -7.48368
-7.11804 -7.62244
-6.92854 -7.76121
-6.73909 -7.90002
-6.5497 -8.03885
-6.36037 -8.1777
-6.1711 -8.31658
-5.98189 -8.45549
-5.79274 -8.59443
-5.60365 -8.73339
-5.41462 -8.87239
-5.22566 -9.01141
-5.03676 -9.15046
-4.84792 -9.28954
-4.65915 -9.42864
-4.47044 -9.56778
-4.2818 -9.70695
-4.09322 -9.84614
-3.90472 -9.98537
-3.71628 -10.1246
-3.52791 -10.2639
-3.33961 -10.4032
-3.15138 -10.5426
-2.96322 -10.682
-2.77513 -10.8214
-2.58712 -10.9608
-2.39918 -11.1003
-2.21132 -11.2399
-2.01605 -11.396
-1.82079 -11.5521
-1.62552 -11.7082
-1.43025 -11.8643
-1.23499 -12.0204
-1.03972 -12.1765
-0.844453 -12.3326
-0.649187 -12.4887
-0.45392 -12.6449
-0.258654 -12.801
-0.0633872 -12.9571
0.131879 -13.1132
0.327146 -13.2693
0.522412 -13.4254
0.717679 -13.5815
0.912945 -13.7376
1.10821 -13.8938
1.30348 -14.0499
1.49874 -14.206
1.69401 -14.3621
1.88928 -14.5182
2.08454 -14.6743
2.27981 -14.8304
2.47508 -14.9865
2.67034 -15.1426
2.86561 -15.2988
3.06088 -15.4549
3.25614 -15.611
3.45141 -15.7671
3.64668 -15.9232
3.84194 -16.0793
4.03721 -16.2354
4.23247 -16.3915
4.42774 -16.5477
4.62301 -16.7038
4.81827 -16.8599
5.01354 -17.016
5.20881 -17.1721
5.40407 -17.3282
5.59934 -17.4843
5.79461 -17.6404
5.98987 -17.7966
6.18514 -17.9527
6.38041 -18.1088
6.57567 -18.2649
6.77094 -18.421
6.96621 -18.5771
7.16147 -18.7332
7.35674 -18.8894
7.55201 -19.0455
7.74727 -19.2016
7.94254 -19.3577
8.13781 -19.5138
8.33307 -19.6699
8.52834 -19.826
8.72361 -19.9821
8.91887 -20.1383
9.11414 -20.2944
9.30941 -20.4505
9.50467 -20.6066
9.69994 -20.7627
9.89521 -20.9188
10.0905 -21.0749
10.2857 -21.231
10.481 -21.3872
10.6763 -21.5433
10.8715 -21.6994
11.0668 -21.8555
11.2621 -22.0116
11.4573 -22.1677
11.6526 -22.3238
11.8479 -22.4799
12.0431 -22.6361
12.2384 -22.7922
12.4337 -22.9483
12.6289 -23.1044
12.8242 -23.2605
13.0195 -23.4166
13.2147 -23.5727
13.41 -23.7288
13.6053 -23.8849
13.8005 -24.0411
13.9958 -24.1972
14.1911 -24.3533
14.3863 -24.5094
14.3863 -24.5094
14.3863 -24.5094
14.3863 -24.5094
14.3863 -24.5094
14.3863 -24.5094
14.3863 -24.5094
14.3863 -24.5094
14.3863 -24.5094
14.3863 -24.5094
14.3863 -24.5094
14.3863 -24.5094
14.3863 -24.5094
14.3863 -24.5094
14.3863 -24.5094
14.3863 -24.5094
14.3863 -24.5094
14.3863 -24.5094
14.3863 -24.5094
14.3863 -24.5094
14.3863 -24.5094
14.3863 -24.5094
14.3863 -24.5094
14.3863 -24.5094
14.3863 -24.5094
14.3863 -24.5094
14.3863 -24.5094
14.3863 -24.5094
14.3863 -24.5094
14.3863 -24.5094
14.3863 -24.5094
14.3863 -24.5094
15 -25