24 -18
23.7528 -18.0375
23.5056 -18.0749
23.2585 -18.1124
23.0113 -18.1498
22.7641 -18.1873
22.5169 -18.2247
22.2697 -18.2622
22.0226 -18.2996
21.7754 -18.3371
21.5282 -18.3745
21.281 -18.412
21.0339 -18.4494
20.7867 -18.4869
20.5395 -18.5243
20.2923 -18.5618
20.0451 -18.5992
19.798 -18.6367
19.5508 -18.6741
19.3036 -18.7116
19.0564 -18.749
18.8092 -18.7865
18.5621 -18.8239
18.3149 -18.8614
18.0677 -18.8988
17.8205 -18.9363
17.5733 -18.9737
17.3262 -19.0112
17.079 -19.0486
16.8318 -19.0861
16.5846 -19.1235
16.3375 -19.161
16.0903 -19.1984
15.8431 -19.2359
15.5959 -19.2733
15.3487 -19.3108
15.1016 -19.3482
14.8544 -19.3857
14.6072 -19.4231
14.36 -19.4606
14.1128 -19.498
13.8657 -19.5355
13.6185 -19.5729
13.3713 -19.6104
13.1241 -19.6478
12.8769 -19.6853
12.6298 -19.7227
12.3826 -19.7602
12.1354 -19.7976
11.8882 -19.8351
11.641 -19.8725
11.3939 -19.91
11.1467 -19.9474
10.8995 -19.9849
10.6523 -20.0223
10.4052 -20.0598
10.158 -20.0972
9.9108 -20.1347
9.66362 -20.1721
9.41644 -20.2096
9.16926 -20.2471
8.92208 -20.2845
8.6749 -20.322
8.42772 -20.3594
8.18054 -20.3969
7.93336 -20.4343
7.68618 -20.4718
7.4394 -20.5096
7.19512 -20.5499
6.95373 -20.5908
6.71536 -20.6316
6.47967 -20.6711
6.24593 -20.7084
6.01309 -20.743
5.77994 -20.7748
5.54572 -20.8045
5.31154 -20.8343
5.0774 -20.8642
4.84331 -20.8942
4.60927 -20.9242
4.37527 -20.9543
4.14132 -20.9845
3.90742 -21.0148
3.67356 -21.0452
3.43976 -21.0756
3.20601 -21.1061
2.97231 -21.1368
2.73867 -21.1675
2.50507 -21.1983
2.27154 -21.2292
2.03806 -21.2603
1.80464 -21.2914
1.57128 -21.3226
1.33798 -21.3539
1.10475 -21.3853
0.871576 -21.4169
0.63847 -21.4486
0.405432 -21.4803
0.172463 -21.5122
-0.0604348 -21.5442
-0.293259 -21.5764
-0.526008 -21.6087
-0.758083 -21.6433
-0.996243 -21.6856
-1.24294 -21.7261
-1.48963 -21.7666
-1.73633 -21.8071
-1.98302 -21.8476
-2.22972 -21.8881
-2.47642 -21.9287
-2.72311 -21.9692
-2.96981 -22.0097
-3.2165 -22.0502
-3.4632 -22.0907
-3.70989 -22.1312
-3.95659 -22.1717
-4.20328 -22.2123
-4.44998 -22.2528
-4.69668 -22.2933
-4.94337 -22.3338
-5.19007 -22.3743
-5.43676 -22.4148
-5.68346 -22.4553
-5.93015 -22.4959
-6.17685 -22.5364
-6.42354 -22.5769
-6.67024 -22.6174
-6.91693 -22.6579
-7.16363 -22.6984
-7.41033 -22.7389
-7.65702 -22.7794
-7.90372 -22.82
-8.15041 -22.8605
-8.23405 -22.8925
-8.23837 -22.8955
-8.23837 -22.8955
-8.23837 -22.8955
-8.23837 -22.8955
-8.23837 -22.8955
-8.23837 -22.8955
-8.23837 -22.8955
-8.23837 -22.8955
-8.23837 -22.8955
-8.23837 -22.8955
-8.23837 -22.8955
-8.23837 -22.8955
-8.23837 -22.8955
-8.23837 -22.8955
-8.23837 -22.8955
-8.23837 -22.8955
-8.23837 -22.8955
-8.23837 -22.8955
-8.23837 -22.8955
-8.23837 -22.8955
-8.23837 -22.8955
-8.23837 -22.8955
-8.23837 -22.8955
-8.23837 -22.8955
-8.23837 -22.8955
-8.23837 -22.8955
-8.23837 -22.8955
-8.23837 -22.8955
-8.23837 -22.8955
-8.23837 -22.8955
-8.23837 -22.8955
-8.23837 -22.8955
-8.23837 -22.8955
-8.23837 -22.8955
-8.23837 -22.8955
-8.23837 -22.8955
-8.23837 -22.8955
-8.23837 -22.8955
-8.23837 -22.8955
-8.23837 -22.8955
-8.23837 -22.8955
-8.23837 -22.8955
-8.23837 -22.8955
-8.23837 -22.8955
-8.23837 -22.8955
-8.23837 -22.8955
-8.23837 -22.8955
-8.23837 -22.8955
-8.23837 -22.8955
-8.23837 -22.8955
-8.23837 -22.8955
-8.23837 -22.8955
-8.23837 -22.8955
-8.23837 -22.8955
-8.23837 -22.8955
-8.23837 -22.8955
-8.23837 -22.8955
-8.23837 -22.8955
-8.23837 -22.8955
-8.23837 -22.8955
-9 -23