4 6
3.92648 5.76106
3.85296 5.52211
3.77944 5.28317
3.70591 5.04422
3.63239 4.80528
3.55887 4.56633
3.48535 4.32739
3.41183 4.08844
3.33831 3.8495
3.26479 3.61055
3.19126 3.37161
3.11774 3.13266
3.04422 2.89372
2.9707 2.65478
2.89718 2.41583
2.82366 2.17689
2.75014 1.93794
2.67662 1.699
2.60309 1.46005
2.52957 1.22111
2.45605 0.982162
2.38253 0.743217
2.30901 0.504272
2.23549 0.265327
2.16197 0.0263827
2.08844 -0.212562
2.01492 -0.451507
1.9414 -0.690452
1.86788 -0.929396
1.79436 -1.16834
1.72084 -1.40729
1.6499 -1.64628
1.58222 -1.88565
1.51755 -2.12581
1.45553 -2.36738
1.39551 -2.61114
1.33631 -2.85798
1.27597 -3.10856
1.21178 -3.36244
1.14438 -3.61724
1.07687 -3.8721
1.00923 -4.12702
0.941473 -4.38199
0.873589 -4.63701
0.805576 -4.8921
0.737431 -5.14724
0.669152 -5.40244
0.600734 -5.65771
0.532175 -5.91304
0.463471 -6.16844
0.394618 -6.4239
0.325613 -6.67943
0.25645 -6.93503
0.187126 -7.19071
0.117635 -7.44646
0.0479745 -7.70229
-0.0218621 -7.9582
-0.0918797 -8.21419
-0.162084 -8.47026
-0.23248 -8.72642
-0.303076 -8.98267
-0.373876 -9.23901
-0.444888 -9.49545
-0.51612 -9.75199
-0.587579 -10.0086
-0.659274 -10.2654
-0.732639 -10.5229
-0.814609 -10.7843
-0.901116 -11.0477
-0.991202 -11.3128
-1.08396 -11.579
-1.17864 -11.8461
-1.27461 -12.1139
-1.37125 -12.3819
-1.46797 -12.6499
-1.5647 -12.918
-1.66142 -13.186
-1.76793 -13.4371
-1.87418 -13.6886
-1.98015 -13.9407
-2.08583 -14.1932
-2.1912 -14.4463
-2.29623 -14.6999
-2.40091 -14.9542
-2.50521 -15.2091
-2.6091 -15.4647
-2.71254 -15.7211
-2.8155 -15.9784
-2.91793 -16.2365
-3.01978 -16.4957
-3.12098 -16.756
-3.22146 -17.0175
-3.32111 -17.2805
-3.41984 -17.5451
-3.51748 -17.8115
-3.61384 -18.0802
-3.70866 -18.3516
-3.80156 -18.6262
-3.89198 -18.9052
-3.97901 -19.1901
-4.16761 -19.2989
-4.36745 -19.3789
-4.54076 -19.3455
-4.54425 -19.3258
-4.54425 -19.3258
-4.54425 -19.3258
-4.54425 -19.3258
-4.54425 -19.3258
-4.54425 -19.3258
-4.54425 -19.3258
-4.54425 -19.3258
-4.54425 -19.3258
-4.54425 -19.3258
-4.54425 -19.3258
-4.54425 -19.3258
-4.54425 -19.3258
-4.54425 -19.3258
-4.54425 -19.3258
-4.54425 -19.3258
-4.54425 -19.3258
-4.54425 -19.3258
-4.54425 -19.3258
-4.54425 -19.3258
-4.54425 -19.3258
-4.54425 -19.3258
-4.54425 -19.3258
-4.54425 -19.3258
-4.54425 -19.3258
-4.54425 -19.3258
-4.54425 -19.3258
-4.54425 -19.3258
-4.54425 -19.3258
-4.54425 -19.3258
-4.54425 -19.3258
-4.54425 -19.3258
-4.54425 -19.3258
-4.54425 -19.3258
-4.54425 -19.3258
-4.54425 -19.3258
-4.54425 -19.3258
-4.54425 -19.3258
-4.54425 -19.3258
-4.54425 -19.3258
-4.54425 -19.3258
-4.54425 -19.3258
-4.54425 -19.3258
-4.54425 -19.3258
-4.54425 -19.3258
-4.54425 -19.3258
-4.54425 -19.3258
-4.54425 -19.3258
-4.54425 -19.3258
-4.54425 -19.3258
-4.54425 -19.3258
-4.54425 -19.3258
-4.54425 -19.3258
-4.54425 -19.3258
-4.54425 -19.3258
-4.54425 -19.3258
-4.54425 -19.3258
-4.54425 -19.3258
-4.54425 -19.3258
-4.54425 -19.3258
-4.54425 -19.3258
-4.54425 -19.3258
-4.54425 -19.3258
-4.54425 -19.3258
-4.54425 -19.3258
-4.54425 -19.3258
-4.54425 -19.3258
-4.54425 -19.3258
-4.54425 -19.3258
-4.54425 -19.3258
-4.54425 -19.3258
-4.54425 -19.3258
-4.54425 -19.3258
-4.54425 -19.3258
-4.54425 -19.3258
-4.54425 -19.3258
-4.54425 -19.3258
-4.54425 -19.3258
-4.54425 -19.3258
-4.54425 -19.3258
-4.54425 -19.3258
-4.54425 -19.3258
-4.54425 -19.3258
-4.54425 -19.3258
-4.54425 -19.3258
-4.54425 -19.3258
-4.54425 -19.3258
-4.54425 -19.3258
-4.54425 -19.3258
-4.54425 -19.3258
-4 -20