23 1
22.7584 0.935584
22.5169 0.871169
22.2753 0.806753
22.0338 0.742337
21.7922 0.677922
21.5507 0.613506
21.3091 0.549091
21.0675 0.484675
20.826 0.420259
20.5844 0.355844
20.3429 0.291428
20.1013 0.227012
19.8597 0.162597
19.6182 0.0981811
19.3766 0.0337655
19.1351 -0.0306502
18.8935 -0.0950658
18.652 -0.159481
18.4104 -0.223897
18.1688 -0.288313
17.9273 -0.352728
17.6857 -0.417144
17.4442 -0.481559
17.2026 -0.545975
16.961 -0.610391
16.7195 -0.674806
16.4779 -0.739222
16.2364 -0.803637
15.9948 -0.868053
15.7533 -0.932468
15.5117 -0.996884
15.2701 -1.0613
15.0286 -1.12572
14.787 -1.19013
14.5455 -1.25455
14.3039 -1.31896
14.0623 -1.38338
13.8208 -1.44779
13.5792 -1.51221
13.3377 -1.57662
13.0961 -1.64104
12.8545 -1.70546
12.613 -1.76987
12.3714 -1.83429
12.1299 -1.8987
11.8883 -1.96312
11.6468 -2.02753
11.4052 -2.09195
11.1636 -2.15636
10.9221 -2.22078
10.6805 -2.2852
10.439 -2.34961
10.1974 -2.41403
9.95584 -2.47844
9.71428 -2.54286
9.47272 -2.60727
9.23116 -2.67169
8.9896 -2.73611
8.74804 -2.80052
8.74804 -2.80052
8.74804 -2.80052
8.74804 -2.80052
8.74804 -2.80052
8.74804 -2.80052
8.74804 -2.80052
8.74804 -2.80052
8.74804 -2.80052
8.74804 -2.80052
8.74804 -2.80052
8.74804 -2.80052
8.74804 -2.80052
8.74804 -2.80052
8.74804 -2.80052
8.74804 -2.80052
8.74804 -2.80052
8.74804 -2.80052
8.74804 -2.80052
8.74804 -2.80052
8.74804 -2.80052
8.74804 -2.80052
8.74804 -2.80052
8.74804 -2.80052
8.74804 -2.80052
8.74804 -2.80052
8.74804 -2.80052
8.74804 -2.80052
8.74804 -2.80052
8.74804 -2.80052
8.74804 -2.80052
8.74804 -2.80052
8.74804 -2.80052
8.74804 -2.80052
8.74804 -2.80052
8.74804 -2.80052
8.74804 -2.80052
8.74804 -2.80052
8.74804 -2.80052
8.74804 -2.80052
8.74804 -2.80052
8.74804 -2.80052
8.74804 -2.80052
8.74804 -2.80052
8.74804 -2.80052
8.74804 -2.80052
8.74804 -2.80052
8.74804 -2.80052
8.74804 -2.80052
8.74804 -2.80052
8.74804 -2.80052
8.74804 -2.80052
8.74804 -2.80052
8.74804 -2.80052
8.74804 -2.80052
8.74804 -2.80052
8.74804 -2.80052
8.74804 -2.80052
8.74804 -2.80052
8.74804 -2.80052
8.74804 -2.80052
8.74804 -2.80052
8.74804 -2.80052
8.74804 -2.80052
8.74804 -2.80052
8.74804 -2.80052
8.74804 -2.80052
8.74804 -2.80052
8.74804 -2.80052
8.74804 -2.80052
8.74804 -2.80052
8.74804 -2.80052
8.74804 -2.80052
8.74804 -2.80052
8.74804 -2.80052
8.74804 -2.80052
8.74804 -2.80052
8.74804 -2.80052
8.74804 -2.80052
8.74804 -2.80052
8.74804 -2.80052
8.74804 -2.80052
8.74804 -2.80052
8.74804 -2.80052
8.74804 -2.80052
8.74804 -2.80052
8.74804 -2.80052
8.74804 -2.80052
8.74804 -2.80052
8.74804 -2.80052
8.74804 -2.80052
8.74804 -2.80052
8.74804 -2.80052
8.74804 -2.80052
8.74804 -2.80052
8.74804 -2.80052
8.74804 -2.80052
8.74804 -2.80052
8.74804 -2.80052
8.74804 -2.80052
8.74804 -2.80052
8.74804 -2.80052
8.74804 -2.80052
8.74804 -2.80052
8.74804 -2.80052
8.74804 -2.80052
8.74804 -2.80052
8.74804 -2.80052
8.74804 -2.80052
8.74804 -2.80052
8.74804 -2.80052
8.74804 -2.80052
8.74804 -2.80052
8.74804 -2.80052
8.74804 -2.80052
8.74804 -2.80052
8.74804 -2.80052
8.74804 -2.80052
8.74804 -2.80052
8.74804 -2.80052
8.74804 -2.80052
8.74804 -2.80052
8.74804 -2.80052
8.74804 -2.80052
8.74804 -2.80052
8.74804 -2.80052
8.74804 -2.80052
8.74804 -2.80052
8.74804 -2.80052
8.74804 -2.80052
8.74804 -2.80052
8.74804 -2.80052
8.74804 -2.80052
8.74804 -2.80052
8.74804 -2.80052
8 -3