0 -17
0.156174 -16.8048
0.312348 -16.6096
0.468521 -16.4143
0.624695 -16.2191
0.780869 -16.0239
0.937043 -15.8287
1.09322 -15.6335
1.24939 -15.4383
1.40556 -15.243
1.56174 -15.0478
1.71791 -14.8526
1.87408 -14.6574
2.03026 -14.4622
2.18643 -14.267
2.34261 -14.0717
2.49878 -13.8765
2.65495 -13.6813
2.81113 -13.4861
2.9673 -13.2909
3.12347 -13.0957
3.27965 -12.9004
3.43582 -12.7052
3.592 -12.51
3.74817 -12.3148
3.90434 -12.1196
4.06052 -11.9244
4.21669 -11.7291
4.37286 -11.5339
4.52904 -11.3387
4.68521 -11.1435
4.84139 -10.9483
4.99756 -10.7531
5.15373 -10.5578
5.30991 -10.3626
5.46608 -10.1674
5.62225 -9.97218
5.77843 -9.77697
5.9346 -9.58175
6.09078 -9.38653
6.24695 -9.19131
6.40312 -8.9961
6.5593 -8.80088
6.71547 -8.60566
6.87164 -8.41045
7.02782 -8.21523
7.18399 -8.02001
7.34016 -7.82479
7.49634 -7.62958
7.65251 -7.43436
7.80869 -7.23914
7.96486 -7.04393
8.12103 -6.84871
8.27721 -6.65349
8.43338 -6.45827
8.58955 -6.26306
8.74573 -6.06784
8.9019 -5.87262
9.05808 -5.67741
9.21425 -5.48219
9.37042 -5.28697
9.5266 -5.09175
9.68277 -4.89654
9.83894 -4.70132
9.99512 -4.5061
10.1513 -4.31089
10.3075 -4.11567
10.4636 -3.92045
10.6198 -3.72523
10.776 -3.53002
10.9322 -3.3348
11.0883 -3.13958
11.2445 -2.94437
11.4007 -2.74915
11.5569 -2.55393
11.713 -2.35872
11.8692 -2.1635
12.0254 -1.96828
12.1816 -1.77306
12.3377 -1.57785
12.4939 -1.38263
12.6501 -1.18741
12.8062 -0.992194
12.9624 -0.796977
13.1186 -0.60176
13.2748 -0.406543
13.4309 -0.211326
13.5871 -0.0161084
13.7433 0.179109
13.8995 0.374326
14.0556 0.569543
14.2118 0.76476
14.368 0.959978
14.5242 1.15519
14.6803 1.35041
14.8365 1.54563
14.9927 1.74085
15.1489 1.93606
15.305 2.13128
15.4612 2.3265
15.4612 2.3265
15.4612 2.3265
15.4612 2.3265
15.4612 2.3265
15.4612 2.3265
15.4612 2.3265
15.4612 2.3265
15.4612 2.3265
15.4612 2.3265
15.4612 2.3265
15.4612 2.3265
15.4612 2.3265
15.4612 2.3265
15.4612 2.3265
15.4612 2.3265
15.4612 2.3265
15.4612 2.3265
15.4612 2.3265
15.4612 2.3265
15.4612 2.3265
15.4612 2.3265
15.4612 2.3265
15.4612 2.3265
15.4612 2.3265
15.4612 2.3265
15.4612 2.3265
15.4612 2.3265
15.4612 2.3265
15.4612 2.3265
15.4612 2.3265
15.4612 2.3265
15.4612 2.3265
15.4612 2.3265
15.4612 2.3265
15.4612 2.3265
15.4612 2.3265
15.4612 2.3265
15.4612 2.3265
15.4612 2.3265
15.4612 2.3265
15.4612 2.3265
15.4612 2.3265
15.4612 2.3265
15.4612 2.3265
15.4612 2.3265
15.4612 2.3265
15.4612 2.3265
15.4612 2.3265
15.4612 2.3265
15.4612 2.3265
15.4612 2.3265
15.4612 2.3265
15.4612 2.3265
15.4612 2.3265
15.4612 2.3265
15.4612 2.3265
15.4612 2.3265
15.4612 2.3265
15.4612 2.3265
15.4612 2.3265
15.4612 2.3265
15.4612 2.3265
15.4612 2.3265
15.4612 2.3265
15.4612 2.3265
15.4612 2.3265
15.4612 2.3265
15.4612 2.3265
15.4612 2.3265
15.4612 2.3265
15.4612 2.3265
15.4612 2.3265
15.4612 2.3265
15.4612 2.3265
15.4612 2.3265
15.4612 2.3265
15.4612 2.3265
15.4612 2.3265
15.4612 2.3265
16 3