-10 -19
-9.93779 -18.9843
-9.85804 -18.9885
-9.73063 -18.9655
-9.60583 -18.9801
-9.44487 -19.0423
-9.28397 -19.1043
-9.12311 -19.166
-8.9623 -19.2274
-8.80154 -19.2885
-8.64084 -19.3494
-8.48018 -19.41
-8.31958 -19.4703
-8.15903 -19.5304
-7.99853 -19.5902
-7.83808 -19.6497
-7.67769 -19.7089
-7.51735 -19.7678
-7.35706 -19.8264
-7.19682 -19.8848
-7.03664 -19.9429
-6.83682 -20.0044
-6.61334 -20.0594
-6.36675 -20.1006
-6.12016 -20.1417
-5.87357 -20.1829
-5.62698 -20.224
-5.38039 -20.2652
-5.1338 -20.3063
-4.88721 -20.3475
-4.64062 -20.3887
-4.39403 -20.4298
-4.14744 -20.471
-3.90085 -20.5121
-3.65426 -20.5533
-3.40767 -20.5944
-3.16108 -20.6356
-2.91449 -20.6767
-2.6679 -20.7179
-2.42131 -20.759
-2.17472 -20.8002
-1.92813 -20.8413
-1.68154 -20.8825
-1.43495 -20.9236
-1.18836 -20.9648
-0.941768 -21.0059
-0.695178 -21.0471
-0.448588 -21.0882
-0.201998 -21.1294
0.0445918 -21.1705
0.291182 -21.2117
0.537772 -21.2528
0.784362 -21.294
1.03095 -21.3351
1.27754 -21.3763
1.52413 -21.4174
1.77072 -21.4586
2.01731 -21.4997
2.2639 -21.5409
2.51049 -21.582
2.75708 -21.6232
3.00367 -21.6643
3.25026 -21.7055
3.49685 -21.7466
3.74344 -21.7878
3.99003 -21.8289
4.23662 -21.8701
4.48321 -21.9112
4.7298 -21.9524
4.97639 -21.9935
5.22298 -22.0347
5.46957 -22.0758
5.71616 -22.117
5.96275 -22.1581
6.20934 -22.1993
6.45593 -22.2404
6.70252 -22.2816
6.94911 -22.3227
7.1957 -22.3639
7.4423 -22.405
7.68889 -22.4462
7.93548 -22.4873
8.18207 -22.5285
8.42865 -22.5696
8.67524 -22.6108
8.92183 -22.6519
9.16842 -22.6931
9.41501 -22.7342
9.6616 -22.7754
9.90819 -22.8165
10.1548 -22.8577
10.4014 -22.8988
10.648 -22.94
10.8946 -22.9811
11.1411 -23.0223
11.3877 -23.0634
11.6343 -23.1046
11.8809 -23.1457
12.1275 -23.1869
12.3741 -23.228
12.6207 -23.2692
12.8673 -23.3103
13.1139 -23.3515
13.3604 -23.3926
13.607 -23.4338
13.8536 -23.4749
14.1002 -23.5161
14.3468 -23.5572
14.5934 -23.5984
14.84 -23.6395
15.0866 -23.6807
15.3332 -23.7218
15.5798 -23.763
15.8263 -23.8041
16.0729 -23.8453
16.0729 -23.8453
16.0729 -23.8453
16.0729 -23.8453
16.0729 -23.8453
16.0729 -23.8453
16.0729 -23.8453
16.0729 -23.8453
16.0729 -23.8453
16.0729 -23.8453
16.0729 -23.8453
16.0729 -23.8453
16.0729 -23.8453
16.0729 -23.8453
16.0729 -23.8453
16.0729 -23.8453
16.0729 -23.8453
16.0729 -23.8453
16.0729 -23.8453
16.0729 -23.8453
16.0729 -23.8453
16.0729 -23.8453
16.0729 -23.8453
16.0729 -23.8453
16.0729 -23.8453
16.0729 -23.8453
16.0729 -23.8453
16.0729 -23.8453
16.0729 -23.8453
16.0729 -23.8453
16.0729 -23.8453
16.0729 -23.8453
16.0729 -23.8453
16.0729 -23.8453
16.0729 -23.8453
16.0729 -23.8453
16.0729 -23.8453
16.0729 -23.8453
16.0729 -23.8453
16.0729 -23.8453
16.0729 -23.8453
16.0729 -23.8453
16.0729 -23.8453
16.0729 -23.8453
16.0729 -23.8453
16.0729 -23.8453
16.0729 -23.8453
16.0729 -23.8453
16.0729 -23.8453
16.0729 -23.8453
16.0729 -23.8453
16.0729 -23.8453
16.0729 -23.8453
16.0729 -23.8453
16.0729 -23.8453
16.0729 -23.8453
16.0729 -23.8453
16.0729 -23.8453
16.0729 -23.8453
16.0729 -23.8453
16.0729 -23.8453
16.0729 -23.8453
16.0729 -23.8453
16.0729 -23.8453
16.0729 -23.8453
17 -24