-9 -9
-8.83878 -8.80893
-8.67756 -8.61786
-8.51635 -8.42678
-8.35513 -8.23571
-8.19391 -8.04464
-8.03269 -7.85356
-7.87148 -7.66249
-7.71026 -7.47142
-7.54904 -7.28035
-7.38782 -7.08927
-7.22661 -6.8982
-7.06539 -6.70713
-6.90417 -6.51605
-6.74295 -6.32498
-6.58173 -6.13391
-6.42052 -5.94284
-6.2593 -5.75176
-6.09808 -5.56069
-5.93686 -5.36962
-5.77565 -5.17854
-5.61443 -4.98747
-5.45321 -4.7964
-5.29199 -4.60532
-5.13078 -4.41425
-4.96956 -4.22318
-4.80834 -4.03211
-4.64712 -3.84103
-4.4859 -3.64996
-4.32469 -3.45889
-4.16347 -3.26781
-4.00225 -3.07674
-3.84103 -2.88567
-3.67982 -2.6946
-3.5186 -2.50352
-3.35738 -2.31245
-3.19616 -2.12138
-3.03495 -1.9303
-2.87373 -1.73923
-2.71251 -1.54816
-2.55129 -1.35708
-2.39007 -1.16601
-2.22886 -0.974939
-2.06764 -0.783867
-1.90642 -0.592794
-1.7452 -0.401721
-1.58399 -0.210648
-1.42277 -0.0195751
-1.26155 0.171498
-1.10033 0.362571
-0.939115 0.553643
-0.777898 0.744716
-0.61668 0.935789
-0.455462 1.12686
-0.294244 1.31793
-0.133027 1.50901
0.028191 1.70008
0.189409 1.89115
0.350627 2.08223
0.511844 2.2733
0.673062 2.46437
0.83428 2.65545
0.995498 2.84652
1.15672 3.03759
1.31793 3.22866
1.47915 3.41974
1.64037 3.61081
1.80159 3.80188
1.9628 3.99296
2.12402 4.18403
2.28524 4.3751
2.44646 4.56617
2.60767 4.75725
2.76889 4.94832
2.93011 5.13939
3.09133 5.33047
3.25255 5.52154
3.41376 5.71261
3.57498 5.90369
3.7362 6.09476
3.89742 6.28583
4.05863 6.4769
4.21985 6.66798
4.38107 6.85905
4.54229 7.05012
4.70351 7.2412
4.86472 7.43227
5.02594 7.62334
5.18716 7.81441
5.34838 8.00549
5.50959 8.19656
5.67081 8.38763
5.83203 8.5787
5.99325 8.76978
6.15446 8.96085
6.31568 9.15192
6.4769 9.34299
6.63812 9.53407
6.79934 9.72514
6.96055 9.91621
7.12177 10.1073
7.28299 10.2984
7.44421 10.4894
7.60542 10.6805
7.76664 10.8716
7.92786 11.0626
8.08908 11.2537
8.25029 11.4448
8.41151 11.6359
8.57273 11.8269
8.73395 12.018
8.89517 12.2091
9.05638 12.4002
9.2176 12.5912
9.37882 12.7823
9.54004 12.9734
9.70125 13.1644
9.86247 13.3555
10.0237 13.5466
10.1849 13.7377
10.3461 13.9287
10.5073 14.1198
10.6686 14.3109
10.8298 14.502
10.991 14.693
11.1522 14.8841
11.3134 15.0752
11.4746 15.2662
11.6359 15.4573
11.7971 15.6484
11.9583 15.8395
12.1195 16.0305
12.2807 16.2216
12.442 16.4127
12.6032 16.6038
12.7644 16.7948
12.9256 16.9859
13.0868 17.177
13.248 17.368
13.4093 17.5591
13.5705 17.7502
13.7317 17.9413
13.8929 18.1323
14.0541 18.3234
14.2153 18.5145
14.3766 18.7055
14.5378 18.8966
14.699 19.0877
14.8602 19.2788
15.0214 19.4698
15.1827 19.6609
15.3439 19.852
15.5051 20.0431
15.6663 20.2341
15.8275 20.4252
15.9887 20.6163
16.15 20.8073
16.3112 20.9984
16.4724 21.1895
16.6336 21.3806
16.7948 21.5716
16.956 21.7627
17.1173 21.9538
17.2785 22.1449
17.4397 22.3359
17.4397 22.3359
17.4397 22.3359
17.4397 22.3359
17.4397 22.3359
17.4397 22.3359
17.4397 22.3359
17.4397 22.3359
17.4397 22.3359
17.4397 22.3359
17.4397 22.3359
17.4397 22.3359
17.4397 22.3359
17.4397 22.3359
17.4397 22.3359
18 23