-4 -21
-4.02657 -20.9088
-4.10894 -20.6727
-4.19131 -20.4367
-4.27368 -20.2007
-4.35605 -19.9646
-4.43842 -19.7286
-4.52079 -19.4925
-4.60316 -19.2565
-4.68553 -19.0204
-4.76789 -18.7844
-4.85026 -18.5484
-4.93263 -18.3123
-5.015 -18.0763
-5.09737 -17.8402
-5.17974 -17.6042
-5.26211 -17.3682
-5.34448 -17.1321
-5.42685 -16.8961
-5.50921 -16.66
-5.59158 -16.424
-5.67395 -16.1879
-5.75632 -15.9519
-5.83869 -15.7159
-5.92106 -15.4798
-6.00343 -15.2438
-6.0858 -15.0077
-6.16816 -14.7717
-6.25053 -14.5357
-6.3329 -14.2996
-6.41527 -14.0636
-6.49764 -13.8275
-6.58001 -13.5915
-6.66238 -13.3555
-6.74475 -13.1194
-6.82712 -12.8834
-6.90948 -12.6473
-6.99185 -12.4113
-7.07422 -12.1752
-7.15659 -11.9392
-7.23896 -11.7032
-7.32133 -11.4671
-7.4037 -11.2311
-7.48607 -10.995
-7.56844 -10.759
-7.6508 -10.523
-7.73317 -10.2869
-7.81554 -10.0509
-7.89791 -9.81484
-7.98028 -9.5788
-8.06265 -9.34276
-8.14502 -9.10671
-8.22739 -8.87067
-8.30975 -8.63463
-8.39212 -8.39859
-8.47449 -8.16255
-8.55686 -7.92651
-8.63923 -7.69047
-8.7216 -7.45443
-8.80397 -7.21839
-8.88634 -6.98234
-8.96871 -6.7463
-9.05107 -6.51026
-9.13344 -6.27422
-9.21581 -6.03818
-9.29818 -5.80214
-9.38055 -5.5661
-9.46292 -5.33006
-9.54529 -5.09402
-9.62766 -4.85798
-9.71002 -4.62193
-9.79239 -4.38589
-9.87476 -4.14985
-9.95713 -3.91381
-10.0395 -3.67777
-10.1219 -3.44173
-10.2042 -3.20569
-10.2866 -2.96965
-10.369 -2.73361
-10.4513 -2.49756
-10.5337 -2.26152
-10.6161 -2.02548
-10.6985 -1.78944
-10.7808 -1.5534
-10.8632 -1.31736
-10.9456 -1.08132
-11.0279 -0.845277
-11.1103 -0.609236
-11.1927 -0.373195
-11.275 -0.137154
-11.3574 0.0988875
-11.4398 0.334929
-11.5221 0.57097
-11.6045 0.807011
-11.6869 1.04305
-11.7692 1.27909
-11.8516 1.51513
-11.934 1.75117
-12.0164 1.98722
-12.0987 2.22326
-12.1811 2.4593
-12.2635 2.69534
-12.3458 2.93138
-12.4282 3.16742
-12.5106 3.40346
-12.5929 3.6395
-12.6753 3.87554
-12.7577 4.11159
-12.84 4.34763
-12.9224 4.58367
-13.0048 4.81971
-13.0871 5.05575
-13.1695 5.29179
-13.2519 5.52783
-13.3343 5.76387
-13.4166 5.99991
-13.499 6.23596
-13.5814 6.472
-13.6637 6.70804
-13.7461 6.94408
-13.8285 7.18012
-13.9108 7.41616
-13.9932 7.6522
-14.0756 7.88824
-14.1579 8.12428
-14.2403 8.36032
-14.3227 8.59637
-14.405 8.83241
-14.4874 9.06845
-14.5698 9.30449
-14.6522 9.54053
-14.7345 9.77657
-14.8169 10.0126
-14.8993 10.2487
-14.9816 10.4847
-15.064 10.7207
-15.1464 10.9568
-15.2287 11.1928
-15.3111 11.4289
-15.3935 11.6649
-15.4758 11.9009
-15.5582 12.137
-15.6406 12.373
-15.723 12.6091
-15.8053 12.8451
-15.8877 13.0811
-15.9701 13.3172
-16.0524 13.5532
-16.1348 13.7893
-16.2172 14.0253
-16.2995 14.2614
-16.3819 14.4974
-16.4643 14.7334
-16.5466 14.9695
-16.629 15.2055
-16.7114 15.4416
-16.7937 15.6776
-16.8761 15.9136
-16.9585 16.1497
-17.0409 16.3857
-17.1232 16.6218
-17.2056 16.8578
-17.288 17.0938
-17.3703 17.3299
-17.4527 17.5659
-17.5351 17.802
-17.6174 18.038
-17.6998 18.2741
-17.7822 18.5101
-17.8645 18.7461
-17.9469 18.9822
-18.0293 19.2182
-18.1116 19.4543
-18.194 19.6903
-18.2764 19.9264
-18.3588 20.1624
-18.4411 20.3984
-18.5235 20.6345
-18.6059 20.8705
-19 22