-7 -24
-7.01013 -23.9502
-6.97086 -23.88
-6.85348 -23.7535
-6.71843 -23.532
-6.61774 -23.2724
-6.51708 -23.0127
-6.41645 -22.7529
-6.31585 -22.4929
-6.21528 -22.2327
-6.11474 -21.9724
-6.01423 -21.7119
-5.91375 -21.4512
-5.8133 -21.1904
-5.71288 -20.9295
-5.61249 -20.6683
-5.51213 -20.407
-5.4118 -20.1455
-5.31151 -19.8839
-5.21125 -19.6221
-5.11102 -19.3601
-5.04945 -19.097
-5.01082 -18.8415
-4.98394 -18.5929
-4.95707 -18.3444
-4.93019 -18.0958
-4.90331 -17.8473
-4.87643 -17.5987
-4.84955 -17.3502
-4.82267 -17.1016
-4.79579 -16.8531
-4.76891 -16.6045
-4.74204 -16.356
-4.71516 -16.1074
-4.68828 -15.8589
-4.6614 -15.6103
-4.63452 -15.3618
-4.60764 -15.1132
-4.58076 -14.8647
-4.55388 -14.6161
-4.527 -14.3676
-4.50013 -14.119
-4.47325 -13.8705
-4.44637 -13.6219
-4.41949 -13.3734
-4.39261 -13.1248
-4.36573 -12.8763
-4.33885 -12.6277
-4.31197 -12.3792
-4.2851 -12.1306
-4.25822 -11.8821
-4.23134 -11.6335
-4.20446 -11.385
-4.17758 -11.1364
-4.1507 -10.8879
-4.12382 -10.6393
-4.09694 -10.3908
-4.07006 -10.1422
-4.04319 -9.89367
-4.01631 -9.64512
-3.98943 -9.39657
-3.96255 -9.14802
-3.93567 -8.89947
-3.90879 -8.65092
-3.88191 -8.40237
-3.85504 -8.15382
-3.82816 -7.90527
-3.80128 -7.65672
-3.7744 -7.40817
-3.74752 -7.15961
-3.72064 -6.91106
-3.69376 -6.66251
-3.66689 -6.41396
-3.64001 -6.16541
-3.61313 -5.91686
-3.58625 -5.66831
-3.55937 -5.41976
-3.53249 -5.17121
-3.50561 -4.92266
-3.47873 -4.67411
-3.45186 -4.42555
-3.42498 -4.177
-3.3981 -3.92845
-3.37122 -3.6799
-3.34434 -3.43135
-3.31746 -3.1828
-3.29058 -2.93425
-3.26371 -2.6857
-3.23683 -2.43715
-3.20995 -2.1886
-3.18307 -1.94005
-3.15619 -1.69149
-3.12931 -1.44294
-3.10243 -1.19439
-3.07556 -0.945842
-3.04868 -0.697291
-3.0218 -0.44874
-2.99492 -0.20019
-2.96804 0.0483613
-2.94116 0.296912
-2.91428 0.545463
-2.88741 0.794014
-2.86053 1.04256
-2.83365 1.29112
-2.80677 1.53967
-2.77989 1.78822
-2.75301 2.03677
-2.72613 2.28532
-2.69926 2.53387
-2.67238 2.78242
-2.6455 3.03097
-2.61862 3.27952
-2.59174 3.52807
-2.56486 3.77662
-2.53798 4.02518
-2.51111 4.27373
-2.48423 4.52228
-2.45735 4.77083
-2.43047 5.01938
-2.40359 5.26793
-2.37671 5.51648
-2.34983 5.76503
-2.32296 6.01358
-2.29608 6.26213
-2.2692 6.51068
-2.24232 6.75924
-2.21544 7.00779
-2.18856 7.25634
-2.16168 7.50489
-2.13481 7.75344
-2.10793 8.00199
-2.08105 8.25054
-2.08105 8.25054
-2.08105 8.25054
-2.08105 8.25054
-2.08105 8.25054
-2.08105 8.25054
-2.08105 8.25054
-2.08105 8.25054
-2.08105 8.25054
-2.08105 8.25054
-2.08105 8.25054
-2.08105 8.25054
-2.08105 8.25054
-2.08105 8.25054
-2.08105 8.25054
-2.08105 8.25054
-2.08105 8.25054
-2.08105 8.25054
-2.08105 8.25054
-2.08105 8.25054
-2.08105 8.25054
-2.08105 8.25054
-2.08105 8.25054
-2.08105 8.25054
-2.08105 8.25054
-2.08105 8.25054
-2.08105 8.25054
-2.08105 8.25054
-2.08105 8.25054
-2.08105 8.25054
-2.08105 8.25054
-2.08105 8.25054
-2.08105 8.25054
-2.08105 8.25054
-2.08105 8.25054
-2.08105 8.25054
-2.08105 8.25054
-2.08105 8.25054
-2.08105 8.25054
-2.08105 8.25054
-2.08105 8.25054
-2.08105 8.25054
-2.08105 8.25054
-2.08105 8.25054
-2.08105 8.25054
-2.08105 8.25054
-2.08105 8.25054
-2.08105 8.25054
-2 9