-2 -23
-2.22361 -22.8882
-2.44721 -22.7764
-2.67082 -22.6646
-2.89443 -22.5528
-3.11803 -22.441
-3.34164 -22.3292
-3.56525 -22.2174
-3.78885 -22.1056
-4.01246 -21.9938
-4.23607 -21.882
-4.45967 -21.7702
-4.68328 -21.6584
-4.90689 -21.5466
-5.13049 -21.4348
-5.13049 -21.4348
-5.13049 -21.4348
-5.13049 -21.4348
-5.13049 -21.4348
-5.13049 -21.4348
-5.13049 -21.4348
-5.13049 -21.4348
-5.13049 -21.4348
-5.13049 -21.4348
-5.13049 -21.4348
-5.13049 -21.4348
-5.13049 -21.4348
-5.13049 -21.4348
-5.13049 -21.4348
-5.13049 -21.4348
-5.13049 -21.4348
-5.13049 -21.4348
-5.13049 -21.4348
-5.13049 -21.4348
-5.13049 -21.4348
-5.13049 -21.4348
-5.13049 -21.4348
-5.13049 -21.4348
-5.13049 -21.4348
-5.13049 -21.4348
-5.13049 -21.4348
-5.13049 -21.4348
-5.13049 -21.4348
-5.13049 -21.4348
-5.13049 -21.4348
-5.13049 -21.4348
-5.13049 -21.4348
-5.13049 -21.4348
-5.13049 -21.4348
-5.13049 -21.4348
-5.13049 -21.4348
-5.13049 -21.4348
-5.13049 -21.4348
-5.13049 -21.4348
-5.13049 -21.4348
-5.13049 -21.4348
-5.13049 -21.4348
-5.13049 -21.4348
-5.13049 -21.4348
-5.13049 -21.4348
-5.13049 -21.4348
-5.13049 -21.4348
-5.13049 -21.4348
-5.13049 -21.4348
-5.13049 -21.4348
-5.13049 -21.4348
-5.13049 -21.4348
-5.13049 -21.4348
-5.13049 -21.4348
-5.13049 -21.4348
-5.13049 -21.4348
-5.13049 -21.4348
-5.13049 -21.4348
-5.13049 -21.4348
-5.13049 -21.4348
-5.13049 -21.4348
-5.13049 -21.4348
-5.13049 -21.4348
-5.13049 -21.4348
-5.13049 -21.4348
-5.13049 -21.4348
-5.13049 -21.4348
-5.13049 -21.4348
-5.13049 -21.4348
-5.13049 -21.4348
-5.13049 -21.4348
-5.13049 -21.4348
-5.13049 -21.4348
-5.13049 -21.4348
-5.13049 -21.4348
-5.13049 -21.4348
-5.13049 -21.4348
-5.13049 -21.4348
-5.13049 -21.4348
-5.13049 -21.4348
-5.13049 -21.4348
-5.13049 -21.4348
-5.13049 -21.4348
-5.13049 -21.4348
-5.13049 -21.4348
-5.13049 -21.4348
-5.13049 -21.4348
-5.13049 -21.4348
-5.13049 -21.4348
-5.13049 -21.4348
-5.13049 -21.4348
-5.13049 -21.4348
-5.13049 -21.4348
-5.13049 -21.4348
-5.13049 -21.4348
-5.13049 -21.4348
-5.13049 -21.4348
-5.13049 -21.4348
-5.13049 -21.4348
-5.13049 -21.4348
-5.13049 -21.4348
-5.13049 -21.4348
-5.13049 -21.4348
-5.13049 -21.4348
-5.13049 -21.4348
-5.13049 -21.4348
-5.13049 -21.4348
-5.13049 -21.4348
-5.13049 -21.4348
-5.13049 -21.4348
-5.13049 -21.4348
-5.13049 -21.4348
-5.13049 -21.4348
-5.13049 -21.4348
-6 -21