-25 11
-24.8433 10.918
-24.6051 10.8421
-24.3669 10.7662
-24.1287 10.6902
-23.8905 10.6143
-23.6523 10.5384
-23.4141 10.4625
-23.1759 10.3866
-22.9377 10.3107
-22.6996 10.2347
-22.4614 10.1588
-22.2232 10.0829
-21.985 10.007
-21.7468 9.93108
-21.5086 9.85516
-21.2704 9.77924
-21.0322 9.70333
-20.794 9.62741
-20.5558 9.55149
-20.3176 9.47557
-20.0794 9.39966
-19.8412 9.32374
-19.603 9.24782
-19.3648 9.17191
-19.1266 9.09599
-18.8884 9.02007
-18.6502 8.94416
-18.412 8.86824
-18.1738 8.79232
-17.9356 8.7164
-17.6975 8.64049
-17.4593 8.56457
-17.2211 8.48865
-16.9829 8.41274
-16.7447 8.33682
-16.5065 8.2609
-16.2683 8.18499
-16.0301 8.10907
-15.7919 8.03315
-15.5537 7.95723
-15.3155 7.88132
-15.0773 7.8054
-14.8391 7.72948
-14.6009 7.65357
-14.3627 7.57765
-14.1245 7.50173
-13.8863 7.42582
-13.6481 7.3499
-13.4099 7.27398
-13.1717 7.19807
-12.9336 7.12215
-12.6954 7.04623
-12.4572 6.97032
-12.219 6.8944
-11.9808 6.81848
-11.7426 6.74257
-11.5044 6.66665
-11.2662 6.59073
-11.028 6.51482
-10.7898 6.4389
-10.5516 6.36298
-10.3134 6.28707
-10.0752 6.21115
-9.83703 6.13523
-9.59883 6.05932
-9.36064 5.9834
-9.12244 5.90748
-8.88425 5.83157
-8.64605 5.75565
-8.40786 5.67973
-8.16967 5.60382
-7.93147 5.5279
-7.69328 5.45198
-7.45508 5.37606
-7.21689 5.30015
-6.97869 5.22423
-6.7405 5.14831
-6.5023 5.0724
-6.26411 4.99648
-6.02592 4.92056
-5.78772 4.84465
-5.54953 4.76873
-5.31133 4.69281
-5.07314 4.6169
-4.83494 4.54098
-4.59675 4.46506
-4.35855 4.38915
-4.12036 4.31323
-3.88216 4.23731
-3.64397 4.1614
-3.40578 4.08548
-3.16758 4.00956
-2.92939 3.93365
-2.69119 3.85773
-2.453 3.78181
-2.2148 3.7059
-1.97661 3.62998
-1.73841 3.55406
-1.50022 3.47815
-1.26203 3.40223
-1.02383 3.32631
-0.785636 3.2504
-0.707692 3.25624
-0.707692 3.25624
-0.707692 3.25624
-0.707692 3.25624
-0.707692 3.25624
-0.707692 3.25624
-0.707692 3.25624
-0.707692 3.25624
-0.707692 3.25624
-0.707692 3.25624
-0.707692 3.25624
-0.707692 3.25624
-0.707692 3.25624
-0.707692 3.25624
-0.707692 3.25624
-0.707692 3.25624
-0.707692 3.25624
-0.707692 3.25624
-0.707692 3.25624
-0.707692 3.25624
-0.707692 3.25624
-0.707692 3.25624
-0.707692 3.25624
-0.707692 3.25624
-0.707692 3.25624
-0.707692 3.25624
0 3