-2 -2
-1.79764 -2.07286
-1.57924 -2.19452
-1.36084 -2.31618
-1.14244 -2.43783
-0.924034 -2.55949
-0.705632 -2.68115
-0.48723 -2.8028
-0.268827 -2.92446
-0.0504251 -3.04612
0.167977 -3.16778
0.38638 -3.28943
0.604782 -3.41109
0.823184 -3.53275
1.04159 -3.6544
1.25999 -3.77606
1.47839 -3.89772
1.69679 -4.01937
1.9152 -4.14103
2.1336 -4.26269
2.352 -4.38435
2.5704 -4.506
2.78881 -4.62766
3.00721 -4.74932
3.22561 -4.87097
3.44401 -4.99263
3.66241 -5.11429
3.88082 -5.23594
4.09922 -5.3576
4.31762 -5.47926
4.53602 -5.60091
4.75443 -5.72257
4.97283 -5.84423
5.19123 -5.96589
5.40963 -6.08754
5.62804 -6.2092
5.84644 -6.33086
6.06484 -6.45251
6.28324 -6.57417
6.50165 -6.69583
6.72005 -6.81748
6.93845 -6.93914
7.15685 -7.0608
7.37526 -7.18245
7.59366 -7.30411
7.81206 -7.42577
8.03046 -7.54742
8.24886 -7.66908
8.46727 -7.79074
8.68567 -7.9124
8.90407 -8.03405
9.12247 -8.15571
9.34087 -8.27737
9.55928 -8.39902
9.77768 -8.52068
9.99608 -8.64234
10.2145 -8.764
10.4329 -8.88565
10.6513 -9.00731
10.8697 -9.12897
11.0881 -9.25063
11.3065 -9.37228
11.5249 -9.49394
11.7433 -9.6156
11.9617 -9.73726
12.1801 -9.85891
12.3985 -9.98057
12.6169 -10.1022
12.8353 -10.2239
13.0537 -10.3455
13.2721 -10.4672
13.4905 -10.5889
13.7089 -10.7105
13.9273 -10.8322
14.1457 -10.9538
14.3641 -11.0755
14.5825 -11.1971
14.8009 -11.3188
15.0193 -11.4405
15.2377 -11.5621
15.4561 -11.6838
15.6745 -11.8054
15.8929 -11.9271
16.1113 -12.0487
16.3297 -12.1704
16.5481 -12.2921
16.7665 -12.4137
16.985 -12.5354
17.2034 -12.657
17.4218 -12.7787
17.6402 -12.9003
17.8586 -13.022
18.077 -13.1437
18.2954 -13.2653
18.5138 -13.387
18.7322 -13.5086
18.9506 -13.6303
19.169 -13.7519
19.3874 -13.8736
19.6058 -13.9953
19.8242 -14.1169
20.0426 -14.2386
20.261 -14.3602
20.4794 -14.4819
20.6978 -14.6035
20.9162 -14.7252
21.1346 -14.8469
21.353 -14.9685
21.5714 -15.0902
21.7898 -15.2118
22.0082 -15.3335
22.2266 -15.4551
22.445 -15.5768
22.6634 -15.6985
22.8818 -15.8201
23.1002 -15.9418
23.3186 -16.0634
23.537 -16.1851
23.7554 -16.3067
23.9738 -16.4284
24.1922 -16.5501
24.1922 -16.5501
24.1922 -16.5501
24.1922 -16.5501
24.1922 -16.5501
24.1922 -16.5501
24.1922 -16.5501
24.1922 -16.5501
24.1922 -16.5501
25 -17