-11 12
-10.7593 12.0677
-10.5187 12.1354
-10.278 12.2031
-10.0373 12.2707
-9.79669 12.3384
-9.55602 12.4061
-9.31536 12.4738
-9.0747 12.5415
-8.83404 12.6092
-8.59337 12.6769
-8.35271 12.7445
-8.11205 12.8122
-7.87139 12.8799
-7.63072 12.9476
-7.39006 13.0153
-7.1494 13.083
-6.90874 13.1507
-6.66807 13.2183
-6.42741 13.286
-6.18675 13.3537
-5.94609 13.4214
-5.70542 13.4891
-5.46476 13.5568
-5.2241 13.6245
-4.98344 13.6922
-4.74277 13.7598
-4.50211 13.8275
-4.26145 13.8952
-4.02079 13.9629
-3.78012 14.0306
-3.53946 14.0983
-3.2988 14.166
-3.05813 14.2336
-2.81747 14.3013
-2.57681 14.369
-2.33615 14.4367
-2.09548 14.5044
-1.85482 14.5721
-1.61416 14.6398
-1.37349 14.7074
-1.13283 14.7751
-0.89217 14.8428
-0.651507 14.9105
-0.410844 14.9782
-0.170182 15.0459
0.0704812 15.1136
0.311144 15.1812
0.551807 15.2489
0.792469 15.3166
1.03313 15.3843
1.27379 15.452
1.51446 15.5197
1.75512 15.5874
1.99578 15.6551
2.23645 15.7227
2.47711 15.7904
2.71777 15.8581
2.95843 15.9258
3.1991 15.9935
3.43976 16.0612
3.68042 16.1289
3.92108 16.1965
4.16175 16.2642
4.40241 16.3319
4.64307 16.3996
4.88373 16.4673
5.1244 16.535
5.36506 16.6027
5.60572 16.6703
5.84638 16.738
6.08705 16.8057
6.32771 16.8734
6.56837 16.9411
6.80903 17.0088
7.0497 17.0765
7.29036 17.1441
7.53102 17.2118
7.77169 17.2795
8.01235 17.3472
8.25301 17.4149
8.49367 17.4826
8.73434 17.5503
8.975 17.6179
9.21566 17.6856
9.45632 17.7533
9.69699 17.821
9.93765 17.8887
10.1783 17.9564
10.419 18.0241
10.6596 18.0918
10.9003 18.1594
11.141 18.2271
11.3816 18.2948
11.6223 18.3625
11.8629 18.4302
12.1036 18.4979
12.3443 18.5656
12.5849 18.6332
12.8256 18.7009
13.0663 18.7686
13.3069 18.8363
13.5476 18.904
13.7882 18.9717
14.0289 19.0394
14.2696 19.107
14.5102 19.1747
14.7509 19.2424
14.9916 19.3101
15.2322 19.3778
15.4729 19.4455
15.7136 19.5132
15.9542 19.5809
16.1949 19.6485
16.4355 19.7162
16.6762 19.7839
16.9169 19.8516
17.1575 19.9193
17.3982 19.987
17.6388 20.0547
17.8795 20.1224
18.1202 20.19
18.3608 20.2577
18.6015 20.3254
18.8422 20.3931
19.0828 20.4608
19.3235 20.5285
19.5641 20.5962
19.8048 20.6638
21 21