2 -14
1.91139 -13.8892
1.78766 -13.672
1.66392 -13.4548
1.54018 -13.2375
1.41645 -13.0203
1.29271 -12.8031
1.16898 -12.5858
1.04524 -12.3686
0.921503 -12.1514
0.797766 -11.9341
0.67403 -11.7169
0.550294 -11.4997
0.426558 -11.2825
0.302821 -11.0652
0.179085 -10.848
0.0553489 -10.6308
-0.0683873 -10.4135
-0.192124 -10.1963
-0.31586 -9.97907
-0.439596 -9.76184
-0.563332 -9.54461
-0.687068 -9.32737
-0.810805 -9.11014
-0.934541 -8.89291
-1.05828 -8.67568
-1.18201 -8.45845
-1.30575 -8.24122
-1.42949 -8.02399
-1.55322 -7.80676
-1.67696 -7.58953
-1.80069 -7.3723
-1.92443 -7.15506
-2.04817 -6.93783
-2.1719 -6.7206
-2.29564 -6.50337
-2.41937 -6.28614
-2.54311 -6.06891
-2.66685 -5.85168
-2.79058 -5.63445
-2.91432 -5.41721
-3.03806 -5.19998
-3.16179 -4.98275
-3.28553 -4.76552
-3.40926 -4.54829
-3.533 -4.33106
-3.65674 -4.11383
-3.78047 -3.8966
-3.90421 -3.67936
-4.02795 -3.46213
-4.15168 -3.2449
-4.27542 -3.02767
-4.39915 -2.81044
-4.52289 -2.59321
-4.64663 -2.37598
-4.77036 -2.15875
-4.8941 -1.94152
-5.01784 -1.72429
-5.14157 -1.50705
-5.26531 -1.28982
-5.38905 -1.07259
-5.51278 -0.855361
-5.51278 -0.855361
-5.51278 -0.855361
-5.51278 -0.855361
-5.51278 -0.855361
-5.51278 -0.855361
-5.51278 -0.855361
-5.51278 -0.855361
-5.51278 -0.855361
-5.51278 -0.855361
-5.51278 -0.855361
-5.51278 -0.855361
-5.51278 -0.855361
-5.51278 -0.855361
-5.51278 -0.855361
-5.51278 -0.855361
-5.51278 -0.855361
-5.51278 -0.855361
-5.51278 -0.855361
-5.51278 -0.855361
-5.51278 -0.855361
-5.51278 -0.855361
-5.51278 -0.855361
-5.51278 -0.855361
-5.51278 -0.855361
-5.51278 -0.855361
-5.51278 -0.855361
-5.51278 -0.855361
-5.51278 -0.855361
-5.51278 -0.855361
-5.51278 -0.855361
-5.51278 -0.855361
-5.51278 -0.855361
-5.51278 -0.855361
-5.51278 -0.855361
-5.51278 -0.855361
-5.51278 -0.855361
-5.51278 -0.855361
-5.51278 -0.855361
-5.51278 -0.855361
-5.51278 -0.855361
-5.51278 -0.855361
-5.51278 -0.855361
-5.51278 -0.855361
-5.51278 -0.855361
-5.51278 -0.855361
-5.51278 -0.855361
-5.51278 -0.855361
-5.51278 -0.855361
-5.51278 -0.855361
-5.51278 -0.855361
-5.51278 -0.855361
-5.51278 -0.855361
-5.51278 -0.855361
-5.51278 -0.855361
-5.51278 -0.855361
-5.51278 -0.855361
-5.51278 -0.855361
-5.51278 -0.855361
-5.51278 -0.855361
-5.51278 -0.855361
-5.51278 -0.855361
-5.51278 -0.855361
-5.51278 -0.855361
-5.51278 -0.855361
-5.51278 -0.855361
-5.51278 -0.855361
-5.51278 -0.855361
-6 0