-20 5
-19.7893 4.97706
-19.5397 4.92762
-19.302 4.85004
-19.0644 4.77246
-18.8267 4.69489
-18.589 4.61731
-18.3514 4.53973
-18.1137 4.46215
-17.8761 4.38457
-17.6384 4.30699
-17.4008 4.22941
-17.1631 4.15184
-16.9254 4.07426
-16.6878 3.99668
-16.4501 3.9191
-16.2125 3.84152
-15.9748 3.76394
-15.7372 3.68636
-15.4995 3.60878
-15.2618 3.53121
-15.0242 3.45363
-14.7865 3.37605
-14.5489 3.29847
-14.3112 3.22089
-14.0735 3.14331
-13.8359 3.06573
-13.5982 2.98815
-13.3606 2.91058
-13.1229 2.833
-12.8853 2.75542
-12.6476 2.67784
-12.4099 2.60026
-12.1723 2.52268
-11.9346 2.4451
-11.697 2.36753
-11.4593 2.28995
-11.2216 2.21237
-10.984 2.13479
-10.7463 2.05721
-10.5087 1.97963
-10.271 1.90205
-10.0333 1.82447
-9.79569 1.7469
-9.55803 1.66932
-9.32037 1.59174
-9.08271 1.51416
-8.84506 1.43658
-8.6074 1.359
-8.36974 1.28142
-8.13208 1.20377
-7.89443 1.12612
-7.65677 1.04846
-7.41911 0.970807
-7.18145 0.893153
-6.9438 0.815499
-6.70614 0.737845
-6.46848 0.660191
-6.23082 0.582537
-5.99317 0.504883
-5.75551 0.427229
-5.51785 0.349574
-5.28019 0.27192
-5.04253 0.194266
-4.80487 0.116612
-4.56721 0.0389578
-4.32955 -0.0386964
-4.09189 -0.116351
-3.85423 -0.194005
-3.61657 -0.271569
-3.3789 -0.349133
-3.14124 -0.426696
-2.90358 -0.50426
-2.66592 -0.581824
-2.42825 -0.659388
-2.19059 -0.736952
-1.95293 -0.814516
-1.71526 -0.89208
-1.4776 -0.969644
-1.23994 -1.04721
-1.00227 -1.12477
-0.764609 -1.20234
-0.526946 -1.2799
-0.289282 -1.35746
-0.051619 -1.43503
0.186044 -1.51259
0.423708 -1.59015
0.661371 -1.66772
0.899034 -1.74528
1.1367 -1.82285
1.37436 -1.90041
1.61202 -1.97797
1.84969 -2.05554
2.08735 -2.1331
2.32501 -2.21067
2.56268 -2.28823
2.80034 -2.36579
3.038 -2.44336
3.27567 -2.52092
3.51333 -2.59849
3.75099 -2.67605
3.98866 -2.75361
4.22632 -2.83118
4.46398 -2.90874
4.70165 -2.9863
4.93931 -3.06387
5.17697 -3.14143
5.41464 -3.219
5.6523 -3.29656
5.88996 -3.37412
6.12763 -3.45169
6.36529 -3.52925
6.60295 -3.60682
6.84062 -3.68438
7.07828 -3.76194
7.31594 -3.83951
7.55361 -3.91707
7.79127 -3.99464
8.02893 -4.0722
8.2666 -4.14976
8.50426 -4.22733
8.74192 -4.30489
8.97959 -4.38245
9.21725 -4.46002
9.45491 -4.53758
9.69258 -4.61515
9.93024 -4.69271
10.1679 -4.77027
10.4056 -4.84784
10.6432 -4.9254
10.8809 -5.00296
11.1186 -5.08053
11.3562 -5.15809
11.5939 -5.23566
11.8315 -5.31322
12.0692 -5.39078
12.3069 -5.46835
12.5445 -5.54591
12.7822 -5.62347
13.0199 -5.70104
13.2575 -5.7786
13.4952 -5.85617
13.7329 -5.93373
13.9705 -6.01129
14.2082 -6.08886
14.4458 -6.16642
14.6835 -6.24399
14.9212 -6.32155
15.1588 -6.39911
15.3965 -6.47668
15.6342 -6.55424
15.8718 -6.63181
16.1095 -6.70937
16.2014 -6.69447
16.2014 -6.69447
16.2014 -6.69447
16.2014 -6.69447
16.2014 -6.69447
16.2014 -6.69447
16.2014 -6.69447
16.2014 -6.69447
16.2014 -6.69447
16.2014 -6.69447
16.2014 -6.69447
16.2014 -6.69447
16.2014 -6.69447
16.2014 -6.69447
16.2014 -6.69447
16.2014 -6.69447
16.2014 -6.69447
16.2014 -6.69447
16.2014 -6.69447
16.2014 -6.69447
16.2014 -6.69447
16.2014 -6.69447
16.2014 -6.69447
16.2014 -6.69447
16.2014 -6.69447
16.2014 -6.69447
16.2014 -6.69447
16.2014 -6.69447
16.2014 -6.69447
16.2014 -6.69447
16.2014 -6.69447
16.2014 -6.69447
16.2014 -6.69447
16.2014 -6.69447
16.2014 -6.69447
16.2014 -6.69447
16.2014 -6.69447
16.2014 -6.69447
16.2014 -6.69447
16.2014 -6.69447
16.2014 -6.69447
16.2014 -6.69447
16.2014 -6.69447
16.2014 -6.69447
17 -7