7 -25
6.8625 -24.975
6.72544 -24.7659
6.58837 -24.5568
6.4513 -24.3478
6.31424 -24.1387
6.17717 -23.9296
6.0401 -23.7205
5.90304 -23.5115
5.76597 -23.3024
5.62891 -23.0933
5.49184 -22.8842
5.35477 -22.6752
5.21771 -22.4661
5.08064 -22.257
4.94357 -22.0479
4.80651 -21.8389
4.66944 -21.6298
4.53237 -21.4207
4.39531 -21.2116
4.25824 -21.0026
4.12117 -20.7935
3.98411 -20.5844
3.84704 -20.3753
3.70997 -20.1663
3.57291 -19.9572
3.43584 -19.7481
3.29877 -19.539
3.16171 -19.33
3.02464 -19.1209
2.88757 -18.9118
2.75051 -18.7027
2.61344 -18.4936
2.47637 -18.2846
2.33931 -18.0755
2.20224 -17.8664
2.06517 -17.6573
1.92811 -17.4483
1.79104 -17.2392
1.65397 -17.0301
1.51691 -16.821
1.37984 -16.612
1.24277 -16.4029
1.10571 -16.1938
0.968642 -15.9847
0.831575 -15.7757
0.694508 -15.5666
0.557442 -15.3575
0.420375 -15.1484
0.283309 -14.9394
0.146242 -14.7303
0.00917533 -14.5212
-0.127891 -14.3121
-0.264958 -14.1031
-0.402024 -13.894
-0.539091 -13.6849
-0.676158 -13.4758
-0.813224 -13.2667
-0.950291 -13.0577
-1.08736 -12.8486
-1.22442 -12.6395
-1.36149 -12.4304
-1.49856 -12.2214
-1.63562 -12.0123
-1.77269 -11.8032
-1.90976 -11.5941
-2.04682 -11.3851
-2.18389 -11.176
-2.32093 -10.9671
-2.45741 -10.7614
-2.59283 -10.5585
-2.72663 -10.3579
-2.85821 -10.1586
-2.98718 -9.95932
-3.11372 -9.75849
-3.23908 -9.55515
-3.36446 -9.35185
-3.48987 -9.14859
-3.61529 -8.94538
-3.74074 -8.74221
-3.8662 -8.53908
-3.99169 -8.336
-4.1172 -8.13296
-4.24273 -7.92996
-4.36828 -7.72701
-4.49386 -7.52411
-4.61946 -7.32125
-4.74508 -7.11844
-4.87073 -6.91568
-4.9964 -6.71297
-5.12209 -6.5103
-5.24781 -6.30768
-5.37355 -6.10512
-5.49931 -5.9026
-5.6251 -5.70013
-5.75092 -5.49772
-5.87676 -5.29536
-6.00263 -5.09304
-6.12852 -4.89079
-6.25444 -4.68858
-6.38038 -4.48643
-6.50635 -4.28434
-6.63235 -4.0823
-6.75838 -3.88031
-6.88444 -3.67839
-7.01052 -3.47652
-7.13663 -3.27471
-7.26277 -3.07295
-7.38894 -2.87126
-7.51514 -2.66963
-7.64137 -2.46806
-7.76763 -2.26655
-7.89392 -2.06511
-8.02025 -1.86373
-8.15583 -1.66337
-8.29272 -1.4643
-8.42977 -1.26807
-8.5673 -1.07455
-8.70593 -0.883491
-8.84649 -0.694467
-8.98999 -0.506651
-9.13739 -0.318584
-9.28908 -0.128043
-9.44344 0.0659707
-9.59777 0.259956
-9.75208 0.453911
-9.90636 0.647834
-10.0606 0.841726
-10.2148 1.03558
-10.369 1.22941
-10.5232 1.4232
-10.6773 1.61695
-10.8314 1.81066
-10.9855 2.00433
-11.1395 2.19796
-11.2935 2.39155
-11.4474 2.5851
-11.6013 2.77859
-11.7552 2.97204
-11.909 3.16544
-12.0627 3.35878
-12.2165 3.55207
-12.3701 3.7453
-12.5237 3.93847
-12.6773 4.13158
-12.8308 4.32462
-12.9842 4.51759
-13.1376 4.71049
-13.2909 4.90332
-13.4441 5.09606
-13.5973 5.28872
-13.7504 5.48129
-13.9034 5.67377
-14.0563 5.86615
-14.2091 6.05843
-14.3618 6.25059
-14.5144 6.44264
-14.667 6.63457
-14.8193 6.82637
-14.9716 7.01802
-15.1238 7.20953
-15.2757 7.40089
-15.4164 7.60665
-15.5413 7.82364
-15.661 8.04312
-15.7807 8.26261
-15.9004 8.48209
-16.02 8.70158
-16.1397 8.92107
-16.2594 9.14055
-16.3791 9.36004
-16.4988 9.57953
-16.6185 9.79901
-16.7382 10.0185
-16.8579 10.238
-16.9776 10.4575
-17.0973 10.677
-17.2169 10.8964
-17.3366 11.1159
-17.4563 11.3354
-17.576 11.5549
-17.6957 11.7744
-17.8154 11.9939
-17.9351 12.2134
-18.0548 12.4328
-18.1745 12.6523
-18.2942 12.8718
-18.4138 13.0913
-18.5335 13.3108
-18.6532 13.5303
-18.7729 13.7498
-18.8926 13.9693
-19.0123 14.1887
-19.132 14.4082
-19.2517 14.6277
-19.3714 14.8472
-19.4911 15.0667
-20 16