-15 -5
-14.9373 -4.84036
-14.9422 -4.64205
-14.9407 -4.40432
-14.9382 -4.16605
-14.9352 -3.92757
-14.9318 -3.68905
-14.9281 -3.45057
-14.9243 -3.21219
-14.9204 -2.97393
-14.9163 -2.73581
-14.9121 -2.49785
-14.9077 -2.26004
-14.9032 -2.0224
-14.8986 -1.78493
-14.8939 -1.54765
-14.889 -1.31055
-14.884 -1.07364
-14.8788 -0.836941
-14.8735 -0.600449
-14.868 -0.364175
-14.8623 -0.128127
-14.8565 0.107684
-14.8505 0.34325
-14.8443 0.578558
-14.8379 0.813598
-14.8313 1.04836
-14.8245 1.28282
-14.8174 1.51698
-14.8101 1.75082
-14.7824 1.99927
-14.7546 2.24772
-14.7268 2.49618
-14.6991 2.74463
-14.6713 2.99308
-14.6435 3.24154
-14.6158 3.48999
-14.588 3.73844
-14.5602 3.9869
-14.5325 4.23535
-14.5047 4.4838
-14.4769 4.73225
-14.4492 4.98071
-14.4214 5.22916
-14.3936 5.47761
-14.3659 5.72607
-14.3381 5.97452
-14.3103 6.22297
-14.2826 6.47143
-14.2548 6.71988
-14.227 6.96833
-14.1993 7.21679
-14.1715 7.46524
-14.1438 7.71369
-14.116 7.96215
-14.0882 8.2106
-14.0882 8.2106
-14.0882 8.2106
-14.0882 8.2106
-14.0882 8.2106
-14.0882 8.2106
-14.0882 8.2106
-14.0882 8.2106
-14.0882 8.2106
-14.0882 8.2106
-14.0882 8.2106
-14.0882 8.2106
-14.0882 8.2106
-14.0882 8.2106
-14.0882 8.2106
-14.0882 8.2106
-14.0882 8.2106
-14.0882 8.2106
-14.0882 8.2106
-14.0882 8.2106
-14.0882 8.2106
-14.0882 8.2106
-14.0882 8.2106
-14.0882 8.2106
-14.0882 8.2106
-14.0882 8.2106
-14.0882 8.2106
-14.0882 8.2106
-14.0882 8.2106
-14.0882 8.2106
-14.0882 8.2106
-14.0882 8.2106
-14.0882 8.2106
-14.0882 8.2106
-14.0882 8.2106
-14.0882 8.2106
-14.0882 8.2106
-14.0882 8.2106
-14.0882 8.2106
-14.0882 8.2106
-14.0882 8.2106
-14.0882 8.2106
-14.0882 8.2106
-14.0882 8.2106
-14.0882 8.2106
-14.0882 8.2106
-14.0882 8.2106
-14.0882 8.2106
-14.0882 8.2106
-14.0882 8.2106
-14.0882 8.2106
-14.0882 8.2106
-14.0882 8.2106
-14.0882 8.2106
-14.0882 8.2106
-14.0882 8.2106
-14.0882 8.2106
-14.0882 8.2106
-14.0882 8.2106
-14.0882 8.2106
-14.0885 8.21147
-14.0891 8.21507
-14.0899 8.22131
-14.0901 8.23
-14.0892 8.24079
-14.0864 8.25302
-14.0809 8.26555
-14.0726 8.27667
-14.0626 8.2855
-14.0527 8.29432
-14.0427 8.30315
-14.0328 8.31198
-14.0228 8.32081
-14.0129 8.32964
-14.0029 8.33847
-13.993 8.34729
-13.983 8.35612
-13.9731 8.36495
-13.9631 8.37378
-13.9532 8.38261
-13.9432 8.39143
-13.9333 8.40026
-13.9233 8.40909
-13.9134 8.41792
-13.9034 8.42675
-13.8935 8.43558
-13.8835 8.4444
-13.8736 8.45323
-13.8636 8.46206
-13.8537 8.47089
-13.8437 8.47972
-13.8338 8.48854
-13.8238 8.49737
-13.8139 8.5062
-13.8039 8.51503
-13.794 8.52386
-13.784 8.53269
-13.7741 8.54151
-13.7641 8.55034
-13.7542 8.55917
-13.7442 8.568
-13.7343 8.57683
-13.7243 8.58565
-13.7144 8.59448
-13.7044 8.60331
-13.6945 8.61214
-13.6845 8.62097
-13.6845 8.62097
-13.6845 8.62097
-13.6845 8.62097
-13.6845 8.62097
-13.6845 8.62097
-13.6845 8.62097
-13.6845 8.62097
-13.6845 8.62097
-13.6845 8.62097
-13.6845 8.62097
-13.6845 8.62097
-13.6845 8.62097
-13.6845 8.62097
-13.6845 8.62097
-13.6845 8.62097
-13.6845 8.62097
-13.6845 8.62097
-13.6845 8.62097
-13.6845 8.62097
-13.6845 8.62097
-13.6845 8.62097
-13.6845 8.62097
-13.6845 8.62097
-13.6845 8.62097
-13.6845 8.62097
-13.6845 8.62097
-13.6845 8.62097
-13.6845 8.62097
-13.6845 8.62097
-13.6845 8.62097
-13.6845 8.62097
-13.6845 8.62097
-13.6845 8.62097
-13.6845 8.62097
-13.6845 8.62097
-14 9