7 -21
7.14337 -20.7952
7.28673 -20.5904
7.4301 -20.3856
7.57346 -20.1808
7.71683 -19.976
7.86019 -19.7712
8.00356 -19.5663
8.14692 -19.3615
8.29029 -19.1567
8.43366 -18.9519
8.57702 -18.7471
8.72039 -18.5423
8.86375 -18.3375
9.00712 -18.1327
9.15049 -17.9279
9.29385 -17.7231
9.43722 -17.5183
9.58058 -17.3135
9.72395 -17.1087
9.86731 -16.9039
10.0107 -16.699
10.154 -16.4942
10.2974 -16.2894
10.4408 -16.0846
10.5841 -15.8798
10.7275 -15.675
10.8709 -15.4702
11.0142 -15.2654
11.1576 -15.0606
11.301 -14.8558
11.4443 -14.651
11.5877 -14.4462
11.7311 -14.2414
11.8744 -14.0365
12.0178 -13.8317
12.1612 -13.6269
12.3045 -13.4221
12.4479 -13.2173
12.5913 -13.0125
12.7346 -12.8077
12.878 -12.6029
13.0213 -12.3981
13.1647 -12.1933
13.3081 -11.9885
13.4514 -11.7837
13.4514 -11.7837
13.4514 -11.7837
13.4514 -11.7837
13.4514 -11.7837
13.4514 -11.7837
13.4514 -11.7837
13.4514 -11.7837
13.4514 -11.7837
13.4514 -11.7837
13.4514 -11.7837
13.4514 -11.7837
13.4514 -11.7837
13.4514 -11.7837
13.4514 -11.7837
13.4514 -11.7837
13.4514 -11.7837
13.4514 -11.7837
13.4514 -11.7837
13.4514 -11.7837
13.4514 -11.7837
13.4514 -11.7837
13.4514 -11.7837
13.4514 -11.7837
13.4514 -11.7837
13.4514 -11.7837
13.4514 -11.7837
13.4514 -11.7837
13.4514 -11.7837
13.4514 -11.7837
13.4514 -11.7837
13.4514 -11.7837
13.4514 -11.7837
13.4514 -11.7837
13.4514 -11.7837
13.4514 -11.7837
13.4514 -11.7837
13.4514 -11.7837
13.4514 -11.7837
13.4514 -11.7837
13.4514 -11.7837
13.4514 -11.7837
13.4514 -11.7837
13.4514 -11.7837
13.4514 -11.7837
13.4514 -11.7837
13.4514 -11.7837
13.4514 -11.7837
13.4514 -11.7837
13.4514 -11.7837
13.4514 -11.7837
13.4514 -11.7837
13.4514 -11.7837
13.4514 -11.7837
13.4514 -11.7837
13.4514 -11.7837
13.4514 -11.7837
13.4514 -11.7837
13.4514 -11.7837
13.4514 -11.7837
13.4514 -11.7837
13.4514 -11.7837
13.4514 -11.7837
13.4514 -11.7837
13.4514 -11.7837
13.4514 -11.7837
13.4514 -11.7837
13.4514 -11.7837
13.4514 -11.7837
13.4514 -11.7837
13.4514 -11.7837
13.4514 -11.7837
13.4514 -11.7837
13.4514 -11.7837
13.4514 -11.7837
13.4514 -11.7837
13.4514 -11.7837
13.4514 -11.7837
13.4514 -11.7837
13.4514 -11.7837
13.4514 -11.7837
13.4514 -11.7837
13.4514 -11.7837
13.4514 -11.7837
13.4514 -11.7837
13.4514 -11.7837
13.4514 -11.7837
13.4514 -11.7837
13.4514 -11.7837
13.4514 -11.7837
13.4514 -11.7837
13.4514 -11.7837
13.4514 -11.7837
13.4514 -11.7837
13.4514 -11.7837
13.4514 -11.7837
13.4514 -11.7837
13.4514 -11.7837
13.4514 -11.7837
13.4514 -11.7837
13.4514 -11.7837
13.4514 -11.7837
13.4514 -11.7837
13.4514 -11.7837
13.4514 -11.7837
13.4514 -11.7837
13.4514 -11.7837
13.4514 -11.7837
13.4514 -11.7837
13.4514 -11.7837
13.4514 -11.7837
13.4514 -11.7837
13.4514 -11.7837
13.4514 -11.7837
13.4514 -11.7837
13.4514 -11.7837
13.4514 -11.7837
13.4514 -11.7837
13.4514 -11.7837
13.4514 -11.7837
13.4514 -11.7837
13.4514 -11.7837
13.4514 -11.7837
13.4514 -11.7837
13.4514 -11.7837
13.4514 -11.7837
13.4514 -11.7837
13.4514 -11.7837
13.4514 -11.7837
13.4514 -11.7837
13.4514 -11.7837
13.4514 -11.7837
13.4514 -11.7837
13.4514 -11.7837
13.4514 -11.7837
13.4514 -11.7837
13.4514 -11.7837
13.4514 -11.7837
13.4514 -11.7837
13.4514 -11.7837
13.4514 -11.7837
13.4514 -11.7837
13.4514 -11.7837
13.4514 -11.7837
13.4514 -11.7837
13.4514 -11.7837
13.4514 -11.7837
13.4514 -11.7837
13.4514 -11.7837
13.4514 -11.7837
13.4514 -11.7837
13.4514 -11.7837
14 -11