18 6
17.7583 5.93603
17.5166 5.87205
17.275 5.80808
17.0333 5.74411
16.7916 5.68014
16.5499 5.61616
16.3083 5.55219
16.0666 5.48822
15.8249 5.42424
15.5832 5.36027
15.3416 5.2963
15.0999 5.23232
14.8582 5.16835
14.6165 5.10438
14.3749 5.04041
14.1332 4.97643
13.8915 4.91246
13.6498 4.84849
13.4081 4.78451
13.1665 4.72054
12.9248 4.65657
12.6831 4.5926
12.4414 4.52862
12.1998 4.46465
11.9581 4.40068
11.7164 4.3367
11.4747 4.27273
11.2331 4.20876
10.9914 4.14478
10.7497 4.08081
10.508 4.01684
10.2664 3.95286
10.0247 3.88889
9.783 3.82492
9.54133 3.76095
9.29965 3.69697
9.05798 3.633
8.8163 3.56903
8.57462 3.50505
8.33295 3.44108
8.09127 3.37711
7.84959 3.31313
7.60792 3.24916
7.36624 3.18519
7.12457 3.12121
6.88289 3.05724
6.64121 2.99327
6.39954 2.92929
6.15786 2.86532
5.91619 2.80142
5.67451 2.73752
5.43284 2.67363
5.19116 2.60973
4.94949 2.54583
4.70782 2.48193
4.46615 2.41804
4.22447 2.35414
3.9828 2.29024
3.74113 2.22634
3.49946 2.16244
3.25779 2.09855
3.01612 2.03465
2.77445 1.97075
2.53277 1.90685
2.2911 1.84295
2.04943 1.77906
1.80777 1.71516
1.56606 1.65149
1.32379 1.59097
1.08046 1.53324
0.835491 1.47775
0.588267 1.42359
0.33834 1.36942
0.0858456 1.31348
-0.167957 1.25478
-0.421806 1.19598
-0.675701 1.13708
-0.929644 1.07809
-1.18364 1.019
-1.43768 0.959807
-1.69177 0.900508
-1.94592 0.841103
-2.20012 0.781587
-2.45437 0.721958
-2.70869 0.662213
-2.96306 0.602349
-3.21749 0.542362
-3.47198 0.482249
-3.72654 0.422007
-3.98116 0.361632
-4.23585 0.301119
-4.49061 0.240465
-4.74543 0.179665
-5.00034 0.118714
-5.25532 0.057608
-5.51038 -0.0036591
-5.76552 -0.0650926
-6.02074 -0.126698
-6.27605 -0.188483
-6.53146 -0.250452
-6.78695 -0.312613
-7.04255 -0.374975
-7.29824 -0.437544
-7.55405 -0.50033
-7.80996 -0.563341
-8.06599 -0.626589
-8.32214 -0.690083
-8.57842 -0.753836
-8.83483 -0.817859
-9.09138 -0.882168
-9.34807 -0.946776
-9.60492 -1.0117
-9.86194 -1.07696
-10.1054 -1.14992
-10.3439 -1.22478
-10.5824 -1.29965
-10.8209 -1.37451
-11.0595 -1.44938
-11.298 -1.52424
-11.5365 -1.5991
-11.7751 -1.67397
-12.0136 -1.74883
-12.2521 -1.82369
-12.4906 -1.89856
-12.7292 -1.97342
-12.9677 -2.04829
-13.2062 -2.12315
-13.4447 -2.19801
-13.6833 -2.27288
-13.9218 -2.34774
-14.1603 -2.4226
-14.3989 -2.49747
-14.6374 -2.57233
-14.8759 -2.6472
-15.1144 -2.72206
-15.1155 -2.72343
-15.1155 -2.72343
-15.1155 -2.72343
-15.1155 -2.72343
-15.1155 -2.72343
-15.1155 -2.72343
-15.1155 -2.72343
-15.1155 -2.72343
-15.1155 -2.72343
-15.1155 -2.72343
-15.1155 -2.72343
-15.1155 -2.72343
-15.1155 -2.72343
-15.1155 -2.72343
-15.1155 -2.72343
-15.1155 -2.72343
-15.1155 -2.72343
-15.1155 -2.72343
-15.1155 -2.72343
-15.1155 -2.72343
-15.1155 -2.72343
-15.1155 -2.72343
-15.1155 -2.72343
-15.1155 -2.72343
-15.1155 -2.72343
-15.1155 -2.72343
-15.1155 -2.72343
-15.1155 -2.72343
-15.1155 -2.72343
-15.1155 -2.72343
-15.1155 -2.72343
-15.1155 -2.72343
-15.1155 -2.72343
-15.1155 -2.72343
-15.1155 -2.72343
-15.1155 -2.72343
-15.1155 -2.72343
-15.1155 -2.72343
-15.1155 -2.72343
-15.1155 -2.72343
-15.1155 -2.72343
-15.1155 -2.72343
-15.1155 -2.72343
-15.1155 -2.72343
-15.1155 -2.72343
-15.1155 -2.72343
-15.1155 -2.72343
-15.1155 -2.72343
-15.1155 -2.72343
-15.1155 -2.72343
-15.1155 -2.72343
-15.1155 -2.72343
-15.1155 -2.72343
-15.1155 -2.72343
-15.1155 -2.72343
-15.1155 -2.72343
-15.1155 -2.72343
-15.1155 -2.72343
-15.1155 -2.72343
-15.1155 -2.72343
-15.1155 -2.72343
-16 -3