23 -2
22.8849 -1.77806
22.7698 -1.55612
22.6548 -1.33418
22.5397 -1.11225
22.4246 -0.890307
22.3095 -0.668368
22.1944 -0.44643
22.0794 -0.224491
21.9643 -0.0025523
21.8492 0.219386
21.7341 0.441325
21.619 0.663264
21.504 0.885202
21.3889 1.10714
21.2738 1.32908
21.1587 1.55102
21.0436 1.77296
20.9286 1.9949
20.8135 2.21683
20.6984 2.43877
20.5833 2.66071
20.4682 2.88265
20.3532 3.10459
20.2381 3.32653
20.123 3.54847
20.0079 3.7704
19.8928 3.99234
19.7778 4.21428
19.6627 4.43622
19.5476 4.65816
19.4325 4.8801
19.3174 5.10204
19.2024 5.32397
19.0873 5.54591
18.9722 5.76785
18.8571 5.98979
18.742 6.21173
18.627 6.43367
18.5119 6.65561
18.3968 6.87754
18.2817 7.09948
18.1666 7.32142
18.0516 7.54336
17.9365 7.7653
17.8214 7.98724
17.7063 8.20918
17.5912 8.43112
17.4762 8.65306
17.3611 8.87499
17.246 9.09693
17.1309 9.31887
17.0158 9.54081
16.9008 9.76275
16.7857 9.98469
16.6706 10.2066
16.5555 10.4286
16.4404 10.6505
16.3254 10.8724
16.2103 11.0944
16.0952 11.3163
15.9801 11.5383
15.8651 11.7602
15.75 11.9821
15.6349 12.2041
15.5198 12.426
15.4047 12.648
15.2897 12.8699
15.1746 13.0918
15.0595 13.3138
14.9444 13.5357
14.8293 13.7577
14.7143 13.9796
14.5992 14.2015
14.4841 14.4235
14.369 14.6454
14.2539 14.8673
14.1389 15.0893
14.0238 15.3112
13.9087 15.5332
13.7936 15.7551
13.6786 15.977
13.5635 16.199
13.4484 16.4209
13.3333 16.6429
13.2182 16.8648
13.1032 17.0867
12.9881 17.3087
12.873 17.5306
12.7579 17.7526
12.6428 17.9745
12.5278 18.1964
12.4127 18.4184
12.2976 18.6403
12.1825 18.8623
12.0674 19.0842
11.9524 19.3061
11.8373 19.5281
11.7222 19.75
11.6071 19.9719
11.4921 20.1939
11.377 20.4158
11.2619 20.6378
11.1468 20.8597
11.0317 21.0816
10.9167 21.3036
10.8016 21.5255
10.6865 21.7475
10.5714 21.9694
10.4563 22.1913
10.3413 22.4133
10.2262 22.6352
10.1111 22.8572
9.99603 23.0791
9.88095 23.301
9.76587 23.523
9.65079 23.7449
9.53571 23.9669
9 25