-5 -7
-4.91741 -6.76404
-4.83482 -6.52807
-4.75224 -6.29211
-4.66965 -6.05614
-4.58706 -5.82018
-4.50447 -5.58421
-4.42189 -5.34825
-4.3393 -5.11228
-4.25671 -4.87632
-4.17412 -4.64035
-4.09154 -4.40439
-4.00895 -4.16842
-3.92636 -3.93246
-3.84377 -3.69649
-3.76118 -3.46053
-3.6786 -3.22456
-3.59601 -2.9886
-3.51342 -2.75264
-3.43083 -2.51667
-3.34825 -2.28071
-3.26566 -2.04474
-3.18307 -1.80878
-3.10048 -1.57281
-3.0179 -1.33685
-2.93531 -1.10088
-2.85272 -0.864919
-2.77013 -0.628955
-2.68755 -0.39299
-2.60496 -0.157025
-2.52237 0.0789392
-2.43978 0.314904
-2.3572 0.550868
-2.27461 0.786833
-2.19202 1.0228
-2.10943 1.25876
-2.02684 1.49473
-1.94426 1.73069
-1.86167 1.96666
-1.77908 2.20262
-1.69649 2.43858
-1.61391 2.67455
-1.53132 2.91051
-1.44873 3.14648
-1.36614 3.38244
-1.28356 3.61841
-1.20097 3.85437
-1.11838 4.09034
-1.03579 4.3263
-0.953206 4.56227
-0.870619 4.79823
-0.788031 5.0342
-0.705443 5.27016
-0.622856 5.50613
-0.540268 5.74209
-0.457681 5.97806
-0.375093 6.21402
-0.292505 6.44998
-0.209918 6.68595
-0.12733 6.92191
-0.0447426 7.15788
0.037845 7.39384
0.120433 7.62981
0.20302 7.86577
0.285608 8.10174
0.368196 8.3377
0.450783 8.57367
0.533371 8.80963
0.615958 9.0456
0.698546 9.28156
0.781134 9.51753
0.863721 9.75349
0.946309 9.98946
1.0289 10.2254
1.11148 10.4614
1.19407 10.6974
1.27666 10.9333
1.35925 11.1693
1.44184 11.4052
1.52442 11.6412
1.60701 11.8772
1.6896 12.1131
1.6896 12.1131
1.6896 12.1131
1.6896 12.1131
1.6896 12.1131
1.6896 12.1131
1.6896 12.1131
1.6896 12.1131
1.6896 12.1131
1.6896 12.1131
1.6896 12.1131
1.6896 12.1131
1.6896 12.1131
1.6896 12.1131
1.6896 12.1131
1.6896 12.1131
1.6896 12.1131
1.6896 12.1131
1.6896 12.1131
1.6896 12.1131
1.6896 12.1131
1.6896 12.1131
1.6896 12.1131
1.6896 12.1131
1.6896 12.1131
1.6896 12.1131
1.6896 12.1131
1.6896 12.1131
1.6896 12.1131
1.6896 12.1131
1.6896 12.1131
1.6896 12.1131
1.6896 12.1131
1.6896 12.1131
1.6896 12.1131
1.6896 12.1131
1.6896 12.1131
2 13