5 16
4.81418 15.8328
4.62835 15.6655
4.44253 15.4983
4.25671 15.331
4.07088 15.1638
3.88506 14.9966
3.69924 14.8293
3.51341 14.6621
3.32759 14.4948
3.14177 14.3276
2.95594 14.1603
2.77012 13.9931
2.5843 13.8259
2.39847 13.6586
2.21265 13.4914
2.02682 13.3241
1.841 13.1569
1.65518 12.9897
1.46935 12.8224
1.28353 12.6552
1.09771 12.4879
0.911884 12.3207
0.72606 12.1535
0.540236 11.9862
0.354413 11.819
0.168589 11.6517
-0.0172342 11.4845
-0.203058 11.3172
-0.388881 11.15
-0.574705 10.9828
-0.760528 10.8155
-0.946352 10.6483
-1.13218 10.481
-1.318 10.3138
-1.50382 10.1466
-1.68965 9.97932
-1.87547 9.81208
-2.06129 9.64484
-2.24712 9.4776
-2.43294 9.31036
-2.61876 9.14312
-2.80459 8.97587
-2.99041 8.80863
-3.17623 8.64139
-3.36206 8.47415
-3.54788 8.30691
-3.7337 8.13967
-3.91953 7.97243
-4.10535 7.80519
-4.29117 7.63795
-4.477 7.4707
-4.66282 7.30346
-4.84864 7.13622
-5.03447 6.96898
-5.22029 6.80174
-5.40612 6.6345
-5.59194 6.46726
-5.77776 6.30002
-5.96359 6.13278
-6.14941 5.96553
-6.33523 5.79829
-6.52106 5.63105
-6.70688 5.46381
-6.8927 5.29657
-7.07853 5.12933
-7.26435 4.96209
-7.45017 4.79485
-7.636 4.62761
-7.82182 4.46036
-8.00764 4.29312
-8.19347 4.12588
-8.37929 3.95864
-8.56511 3.7914
-8.75094 3.62416
-8.93676 3.45692
-9.12258 3.28968
-9.30841 3.12243
-9.49423 2.95519
-9.68005 2.78795
-9.86588 2.62071
-10.0517 2.45347
-10.2375 2.28623
-10.4233 2.11899
-10.6092 1.95175
-10.795 1.78451
-10.9808 1.61726
-11.1666 1.45002
-11.3525 1.28278
-11.5383 1.11554
-11.7241 0.948299
-11.9099 0.781058
-12.0958 0.613817
-12.2816 0.446576
-12.4674 0.279334
-12.6532 0.112093
-12.8391 -0.0551479
-13.0249 -0.222389
-13.2107 -0.38963
-13.3965 -0.556871
-13.5823 -0.724113
-13.7682 -0.891354
-13.954 -1.05859
-14.1398 -1.22584
-14.3256 -1.39308
-14.3256 -1.39308
-14.3256 -1.39308
-14.3256 -1.39308
-14.3256 -1.39308
-14.3256 -1.39308
-14.3256 -1.39308
-14.3256 -1.39308
-14.3256 -1.39308
-14.3256 -1.39308
-14.3256 -1.39308
-14.3256 -1.39308
-14.3256 -1.39308
-14.3256 -1.39308
-15 -2