17 24
17.0176 23.8411
17.1313 23.6223
17.2632 23.4098
17.395 23.1974
17.5268 22.985
17.6586 22.7726
17.7905 22.5602
17.9223 22.3478
18.0541 22.1354
18.186 21.9229
18.3178 21.7105
18.4496 21.4981
18.5815 21.2857
18.7133 21.0733
18.8451 20.8608
18.9769 20.6484
19.1088 20.436
19.2406 20.2236
19.3724 20.0112
19.5043 19.7988
19.4784 19.7246
19.4784 19.7246
19.4784 19.7246
19.4784 19.7246
19.4784 19.7246
19.4784 19.7246
19.4784 19.7246
19.4784 19.7246
19.4784 19.7246
19.4784 19.7246
19.4784 19.7246
19.4784 19.7246
19.4784 19.7246
19.4784 19.7246
19.4784 19.7246
19.4784 19.7246
19.4784 19.7246
19.4784 19.7246
19.4784 19.7246
19.4784 19.7246
19.4784 19.7246
19.4784 19.7246
19.4784 19.7246
19.4784 19.7246
19.4784 19.7246
19.4784 19.7246
19.4784 19.7246
19.4784 19.7246
19.4784 19.7246
19.4784 19.7246
19.4784 19.7246
19.4784 19.7246
19.4784 19.7246
19.4784 19.7246
19.4784 19.7246
19.4784 19.7246
19.4784 19.7246
19.4784 19.7246
19.4784 19.7246
19.4784 19.7246
19.4784 19.7246
19.4784 19.7246
19.4784 19.7246
19.4784 19.7246
19.4784 19.7246
19.4784 19.7246
19.4784 19.7246
19.4784 19.7246
19.4784 19.7246
19.4784 19.7246
19.4784 19.7246
19.4784 19.7246
19.4784 19.7246
19.4784 19.7246
19.4784 19.7246
19.4784 19.7246
19.4784 19.7246
19.4784 19.7246
19.4784 19.7246
19.4784 19.7246
19.4784 19.7246
19.4784 19.7246
19.4784 19.7246
19.4784 19.7246
19.4784 19.7246
19.4784 19.7246
19.4784 19.7246
19.4784 19.7246
19.4784 19.7246
19.4784 19.7246
19.4784 19.7246
19.4784 19.7246
19.4784 19.7246
19.4784 19.7246
19.4784 19.7246
19.4784 19.7246
19.4784 19.7246
19.4784 19.7246
19.4784 19.7246
19.4784 19.7246
19.4784 19.7246
19.4784 19.7246
19.4784 19.7246
19.4784 19.7246
19.4784 19.7246
19.4784 19.7246
19.4784 19.7246
19.4784 19.7246
19.4784 19.7246
19.4784 19.7246
19.4784 19.7246
19.4784 19.7246
19.4784 19.7246
19.4784 19.7246
19.4784 19.7246
19.4784 19.7246
19.4784 19.7246
20 19