13 14
13.0606 13.7575
13.1213 13.5149
13.1819 13.2724
13.2425 13.0299
13.3032 12.7873
13.3638 12.5448
13.4244 12.3023
13.4851 12.0597
13.5457 11.8172
13.6063 11.5746
13.667 11.3321
13.7276 11.0896
13.7882 10.847
13.8489 10.6045
13.9095 10.362
13.9701 10.1194
14.0308 9.87689
14.0914 9.63436
14.152 9.39182
14.2127 9.14929
14.2733 8.90675
14.3339 8.66422
14.3946 8.42168
14.4552 8.17915
14.5158 7.93661
14.5765 7.69407
14.6371 7.45154
14.6977 7.209
14.7584 6.96647
14.819 6.72393
14.8796 6.4814
14.9403 6.23886
15.0009 5.99633
15.0615 5.75379
15.1222 5.51125
15.1828 5.26872
15.2434 5.02618
15.3041 4.78365
15.3647 4.54111
15.4253 4.29858
15.486 4.05604
15.5466 3.81351
15.6072 3.57097
15.6679 3.32843
15.7285 3.0859
15.7891 2.84336
15.8498 2.60083
15.9104 2.35829
15.971 2.11576
16.0317 1.87322
16.0923 1.63068
16.153 1.38815
16.2136 1.14561
16.2742 0.903078
16.3349 0.660542
16.3955 0.418007
16.4561 0.175471
16.5168 -0.0670643
16.5774 -0.3096
16.638 -0.552135
16.6987 -0.794671
16.7593 -1.03721
16.8199 -1.27974
16.8806 -1.52228
16.9412 -1.76481
17.0018 -2.00735
17.0625 -2.24988
17.1231 -2.49242
17.1837 -2.73496
17.2444 -2.97749
17.305 -3.22003
17.3656 -3.46256
17.4263 -3.7051
17.4869 -3.94763
17.5475 -4.19017
17.6082 -4.4327
17.6688 -4.67524
17.7295 -4.91778
17.7901 -5.16031
17.8507 -5.40285
17.9114 -5.64538
17.972 -5.88792
18.0326 -6.13045
18.0933 -6.37299
18.1539 -6.61553
18.2145 -6.85806
18.2752 -7.1006
18.3358 -7.34313
18.3964 -7.58567
18.4571 -7.8282
18.5177 -8.07074
18.5783 -8.31327
18.639 -8.55581
18.6996 -8.79835
18.7602 -9.04088
18.8209 -9.28342
18.8815 -9.52595
18.9421 -9.76849
19.0028 -10.011
19.0634 -10.2536
19.124 -10.4961
19.1847 -10.7386
19.2453 -10.9812
19.3059 -11.2237
19.3666 -11.4662
19.4272 -11.7088
19.4878 -11.9513
19.5485 -12.1938
19.6091 -12.4364
19.6697 -12.6789
19.7304 -12.9215
19.791 -13.164
19.8516 -13.4065
19.9123 -13.6491
19.9729 -13.8916
20.0335 -14.1341
20.0942 -14.3767
20.1548 -14.6192
20.2154 -14.8617
20.2761 -15.1043
20.3367 -15.3468
20.3973 -15.5893
20.458 -15.8319
20.5186 -16.0744
20.5792 -16.3169
20.6399 -16.5595
20.7005 -16.802
20.7611 -17.0446
20.7611 -17.0446
20.7611 -17.0446
20.7611 -17.0446
20.7611 -17.0446
20.7611 -17.0446
20.7611 -17.0446
20.7611 -17.0446
20.7611 -17.0446
20.7611 -17.0446
20.7611 -17.0446
20.7611 -17.0446
20.7611 -17.0446
20.7611 -17.0446
20.7611 -17.0446
20.7611 -17.0446
20.7611 -17.0446
20.7611 -17.0446
20.7611 -17.0446
20.7611 -17.0446
20.7611 -17.0446
20.7611 -17.0446
20.7611 -17.0446
20.7611 -17.0446
20.7611 -17.0446
20.7611 -17.0446
20.7611 -17.0446
20.7611 -17.0446
20.7611 -17.0446
20.7611 -17.0446
20.7611 -17.0446
20.7611 -17.0446
20.7611 -17.0446
20.7611 -17.0446
20.7611 -17.0446
21 -18