-7 6
-7.1832 6.17011
-7.3664 6.34023
-7.5496 6.51034
-7.73279 6.68045
-7.91599 6.85056
-8.09919 7.02068
-8.28239 7.19079
-8.46559 7.3609
-8.64878 7.53101
-8.83198 7.70113
-9.01518 7.87124
-9.19838 8.04135
-9.38158 8.21146
-9.56477 8.38158
-9.74797 8.55169
-9.93117 8.7218
-10.1144 8.89191
-10.2976 9.06203
-10.4808 9.23214
-10.664 9.40225
-10.8472 9.57236
-11.0304 9.74248
-11.2136 9.91259
-11.3968 10.0827
-11.58 10.2528
-11.7632 10.4229
-11.9463 10.593
-12.1295 10.7632
-12.3127 10.9333
-12.4959 11.1034
-12.6791 11.2735
-12.8623 11.4436
-13.0455 11.6137
-13.2287 11.7838
-13.4119 11.9539
-13.5951 12.1241
-13.7783 12.2942
-13.9615 12.4643
-14.1447 12.6344
-14.3279 12.8045
-14.5111 12.9746
-14.6943 13.1447
-14.8775 13.3148
-15.0607 13.485
-15.2439 13.6551
-15.4271 13.8252
-15.6103 13.9953
-15.7935 14.1654
-15.9767 14.3355
-16.1599 14.5056
-16.3431 14.6757
-16.5263 14.8459
-16.7095 15.016
-16.8927 15.1861
-17.0759 15.3562
-17.2591 15.5263
-17.4423 15.6964
-17.6255 15.8665
-17.8087 16.0366
-17.9919 16.2068
-18.1751 16.3769
-18.3583 16.547
-18.5415 16.7171
-18.7247 16.8872
-18.9079 17.0573
-19.0911 17.2274
-19.2743 17.3975
-19.4575 17.5677
-19.6407 17.7378
-19.8239 17.9079
-20.0071 18.078
-20.1903 18.2481
-20.3735 18.4182
-20.3735 18.4182
-20.3735 18.4182
-20.3735 18.4182
-20.3735 18.4182
-20.3735 18.4182
-20.3735 18.4182
-20.3735 18.4182
-20.3735 18.4182
-20.3735 18.4182
-20.3735 18.4182
-20.3735 18.4182
-20.3735 18.4182
-20.3735 18.4182
-20.3735 18.4182
-20.3735 18.4182
-20.3735 18.4182
-20.3735 18.4182
-20.3735 18.4182
-20.3735 18.4182
-20.3735 18.4182
-20.3735 18.4182
-20.3735 18.4182
-20.3735 18.4182
-20.3735 18.4182
-20.3735 18.4182
-20.3735 18.4182
-20.3735 18.4182
-20.3735 18.4182
-20.3735 18.4182
-20.3735 18.4182
-20.3735 18.4182
-20.3735 18.4182
-20.3735 18.4182
-20.3735 18.4182
-20.3735 18.4182
-20.3735 18.4182
-20.3735 18.4182
-20.3735 18.4182
-20.3735 18.4182
-20.3735 18.4182
-20.3735 18.4182
-20.3735 18.4182
-20.3735 18.4182
-20.3735 18.4182
-20.3735 18.4182
-20.3735 18.4182
-20.3735 18.4182
-20.3735 18.4182
-20.3735 18.4182
-20.3735 18.4182
-20.3735 18.4182
-20.3735 18.4182
-20.3735 18.4182
-20.3735 18.4182
-20.3735 18.4182
-20.3735 18.4182
-20.3735 18.4182
-20.3735 18.4182
-20.3735 18.4182
-20.3735 18.4182
-20.3735 18.4182
-20.3735 18.4182
-20.3735 18.4182
-20.3735 18.4182
-20.3735 18.4182
-20.3735 18.4182
-20.3735 18.4182
-20.3735 18.4182
-20.3735 18.4182
-20.3735 18.4182
-20.3735 18.4182
-20.3735 18.4182
-20.3735 18.4182
-20.3735 18.4182
-20.3735 18.4182
-20.3735 18.4182
-20.3735 18.4182
-20.3735 18.4182
-20.3735 18.4182
-20.3735 18.4182
-20.3735 18.4182
-20.3735 18.4182
-20.3735 18.4182
-20.3735 18.4182
-20.3735 18.4182
-20.3735 18.4182
-20.3735 18.4182
-20.3735 18.4182
-20.3735 18.4182
-21 19