-25 1
-24.8369 1.0856
-24.589 1.1178
-24.3411 1.15
-24.0932 1.1822
-23.8452 1.2144
-23.5973 1.2466
-23.3494 1.2788
-23.1015 1.311
-22.8536 1.34321
-22.6057 1.37541
-22.3577 1.40761
-22.1098 1.43981
-21.8619 1.47201
-21.614 1.50421
-21.3661 1.53641
-21.1182 1.56861
-20.8702 1.60081
-20.6223 1.63301
-20.3744 1.66521
-20.1265 1.69741
-19.8786 1.72961
-19.6307 1.76181
-19.3827 1.79401
-19.1348 1.82621
-18.8869 1.85841
-18.639 1.89061
-18.3911 1.92281
-18.1432 1.95501
-17.8952 1.98721
-17.6473 2.01941
-17.3994 2.05162
-17.1515 2.08382
-16.9036 2.11602
-16.6557 2.14822
-16.4077 2.18042
-16.1598 2.21262
-15.9119 2.24482
-15.664 2.27702
-15.4161 2.30922
-15.1681 2.34142
-14.9202 2.37362
-14.6723 2.40582
-14.4244 2.43802
-14.1765 2.47022
-13.9286 2.50242
-13.6806 2.53462
-13.4327 2.56682
-13.1848 2.59902
-12.9369 2.63122
-12.689 2.66342
-12.4411 2.69562
-12.1931 2.72782
-11.9452 2.76002
-11.6973 2.79222
-11.4494 2.82442
-11.2015 2.85662
-10.9536 2.88882
-10.7056 2.92102
-10.4577 2.95322
-10.2098 2.98542
-9.96189 3.01763
-9.71397 3.04983
-9.46605 3.08203
-9.21814 3.11423
-8.97022 3.14643
-8.7223 3.17863
-8.47438 3.21083
-8.22647 3.24303
-7.97855 3.27523
-7.73063 3.30743
-7.48271 3.33963
-7.2348 3.37183
-6.98688 3.40403
-6.73896 3.43623
-6.49104 3.46843
-6.24313 3.50063
-5.99521 3.53283
-5.74729 3.56503
-5.49937 3.59723
-5.25146 3.62943
-5.00354 3.66163
-4.75562 3.69383
-4.5077 3.72603
-4.25978 3.75824
-4.01187 3.79044
-3.76395 3.82264
-3.51603 3.85484
-3.26811 3.88704
-3.0202 3.91924
-2.77228 3.95144
-2.52436 3.98364
-2.27644 4.01584
-2.02853 4.04804
-1.78061 4.08024
-1.53269 4.11244
-1.28477 4.14464
-1.03686 4.17684
-0.788938 4.20904
-0.54102 4.24124
-0.293103 4.27344
-0.0451851 4.30564
0.202733 4.33784
0.45065 4.37004
0.698568 4.40224
0.946485 4.43444
1.1944 4.46664
1.44232 4.49884
1.69024 4.53104
1.93816 4.56324
2.18607 4.59545
2.43399 4.62765
2.68191 4.65985
2.92983 4.69205
3.17774 4.72425
3.42566 4.75645
3.67358 4.78865
3.9215 4.82085
4.16941 4.85305
4.41733 4.88525
4.66525 4.91745
4.91317 4.94965
5.16108 4.98185
5.409 5.01405
5.65692 5.04625
5.90484 5.07845
6.15276 5.11065
6.40067 5.14285
6.64859 5.17505
6.89651 5.20725
7.14443 5.23945
7.39234 5.27165
7.64026 5.30385
7.88818 5.33606
8.1361 5.36826
8.38401 5.40046
8.63193 5.43266
8.87985 5.46486
9.12776 5.49706
9.37568 5.52926
9.6236 5.56146
9.87152 5.59366
10.1194 5.62586
10.3674 5.65806
10.6153 5.69026
10.8632 5.72246
11.1111 5.75466
11.359 5.78686
11.6069 5.81906
11.8549 5.85126
12.1028 5.88346
12.1028 5.88346
12.1028 5.88346
12.1028 5.88346
12.1028 5.88346
12.1028 5.88346
12.1028 5.88346
12.1028 5.88346
12.1028 5.88346
12.1028 5.88346
12.1028 5.88346
12.1028 5.88346
12.1028 5.88346
13 6