14 -24
13.8979 -23.7718
13.7958 -23.5436
13.6937 -23.3154
13.5916 -23.0872
13.4895 -22.859
13.3874 -22.6308
13.2854 -22.4026
13.1833 -22.1744
13.0812 -21.9462
12.9791 -21.718
12.877 -21.4897
12.7749 -21.2615
12.6728 -21.0333
12.5707 -20.8051
12.4686 -20.5769
12.3665 -20.3487
12.2644 -20.1205
12.1623 -19.8923
12.0603 -19.6641
11.9582 -19.4359
11.8561 -19.2077
11.754 -18.9795
11.6519 -18.7513
11.5498 -18.5231
11.4477 -18.2949
11.3456 -18.0667
11.2435 -17.8385
11.1414 -17.6103
11.0393 -17.3821
10.9372 -17.1539
10.8352 -16.9257
10.7331 -16.6974
10.631 -16.4692
10.5289 -16.241
10.4268 -16.0128
10.3247 -15.7846
10.2226 -15.5564
10.1205 -15.3282
10.0184 -15.1
9.91633 -14.8718
9.81424 -14.6436
9.71214 -14.4154
9.61005 -14.1872
9.50796 -13.959
9.40587 -13.7308
9.30378 -13.5026
9.20169 -13.2744
9.09959 -13.0462
8.9975 -12.818
8.89541 -12.5898
8.79332 -12.3616
8.69123 -12.1334
8.58914 -11.9051
8.48704 -11.6769
8.38495 -11.4487
8.28286 -11.2205
8.18077 -10.9923
8.07868 -10.7641
7.97658 -10.5359
7.87449 -10.3077
7.7724 -10.0795
7.67031 -9.85131
7.56822 -9.6231
7.46613 -9.3949
7.36404 -9.16669
7.26195 -8.93849
7.15985 -8.71028
7.05776 -8.48208
6.95567 -8.25387
6.85358 -8.02567
6.75149 -7.79746
6.6494 -7.56926
6.54731 -7.34105
6.44522 -7.11285
6.34312 -6.88465
6.24103 -6.65644
6.13894 -6.42824
6.03685 -6.20003
5.93476 -5.97183
5.83267 -5.74362
5.73058 -5.51542
5.62848 -5.28721
5.52639 -5.05901
5.4243 -4.8308
5.32221 -4.6026
5.22012 -4.37439
5.11803 -4.14619
5.01594 -3.91798
4.91385 -3.68978
4.81175 -3.46158
4.70966 -3.23337
4.60757 -3.00517
4.50548 -2.77696
4.40339 -2.54876
4.3013 -2.32055
4.19921 -2.09235
4.09712 -1.86414
3.99502 -1.63594
3.89293 -1.40773
3.79084 -1.17953
3.68875 -0.951325
3.58666 -0.723121
3.48457 -0.494916
3.38247 -0.266712
3.28038 -0.0385071
3.17829 0.189697
3.0762 0.417902
2.97411 0.646107
2.87202 0.874311
2.76992 1.10252
2.66783 1.33072
2.56574 1.55893
2.46365 1.78713
2.36156 2.01533
2.25947 2.24354
2.15738 2.47174
2.05528 2.69995
1.95319 2.92815
1.8511 3.15636
1.74901 3.38456
1.64692 3.61277
1.54483 3.84097
1.44274 4.06917
1.34064 4.29738
1.23855 4.52558
1.13646 4.75379
1.03437 4.98199
0.932278 5.2102
0.830187 5.4384
0.728095 5.66661
0.626004 5.89481
0.523912 6.12302
0.421821 6.35122
0.319729 6.57943
0.217638 6.80763
0.115546 7.03584
0.0134548 7.26404
-0.0886367 7.49225
-0.190728 7.72045
-0.29282 7.94866
-0.394911 8.17686
-0.497003 8.40506
-0.599094 8.63327
-0.701186 8.86147
-0.803277 9.08968
-0.905369 9.31788
-1.00746 9.54609
-1.10955 9.77429
-1.21164 10.0025
-1.31374 10.2307
-1.41583 10.4589
-1.51792 10.6871
-1.62001 10.9153
-1.7221 11.1435
-1.82419 11.3717
-1.92628 11.5999
-2.02838 11.8281
-2.13047 12.0563
-2.23256 12.2845
-2.33465 12.5127
-2.43674 12.741
-2.53883 12.9692
-3 14