-17 -4
-16.7554 -4.0515
-16.5107 -4.10301
-16.2661 -4.15451
-16.0215 -4.20601
-15.7768 -4.25751
-15.5322 -4.30902
-15.2875 -4.36052
-15.0429 -4.41202
-14.7983 -4.46352
-14.5536 -4.51503
-14.309 -4.56653
-14.0644 -4.61803
-13.8197 -4.66954
-13.5751 -4.72104
-13.3304 -4.77254
-13.0858 -4.82404
-12.8412 -4.87555
-12.5965 -4.92705
-12.3519 -4.97855
-12.1073 -5.03005
-11.8626 -5.08156
-11.618 -5.13306
-11.3733 -5.18456
-11.1287 -5.23606
-10.8841 -5.28757
-10.6394 -5.33907
-10.3948 -5.39057
-10.1502 -5.44208
-9.90552 -5.49358
-9.66088 -5.54508
-9.41624 -5.59658
-9.1716 -5.64809
-8.92697 -5.69959
-8.68233 -5.75109
-8.43769 -5.80259
-8.19305 -5.8541
-7.94842 -5.9056
-7.70378 -5.9571
-7.45914 -6.00861
-7.2145 -6.06011
-6.96987 -6.11161
-6.72523 -6.16311
-6.48059 -6.21462
-6.23595 -6.26612
-5.99132 -6.31762
-5.74668 -6.36912
-5.50204 -6.42063
-5.2574 -6.47213
-5.01277 -6.52363
-4.76813 -6.57514
-4.52349 -6.62664
-4.27885 -6.67814
-4.03422 -6.72964
-3.78958 -6.78115
-3.54494 -6.83265
-3.3003 -6.88415
-3.05567 -6.93565
-2.81103 -6.98715
-2.56639 -7.03866
-2.32175 -7.09016
-2.07712 -7.14166
-1.83248 -7.19316
-1.58784 -7.24467
-1.3432 -7.29617
-1.09857 -7.34767
-0.85393 -7.39917
-0.609292 -7.45068
-0.364655 -7.50218
-0.120017 -7.55368
0.12462 -7.60518
0.369258 -7.65669
0.613895 -7.70819
0.858533 -7.75969
1.10317 -7.81119
1.10317 -7.81119
1.10317 -7.81119
1.10317 -7.81119
1.10317 -7.81119
1.10317 -7.81119
1.10317 -7.81119
1.10317 -7.81119
1.10317 -7.81119
1.10317 -7.81119
1.10317 -7.81119
1.10317 -7.81119
1.10317 -7.81119
1.10317 -7.81119
1.10317 -7.81119
1.10317 -7.81119
1.10317 -7.81119
1.10317 -7.81119
1.10317 -7.81119
1.10317 -7.81119
1.10317 -7.81119
1.10317 -7.81119
1.10317 -7.81119
1.10317 -7.81119
1.10317 -7.81119
1.10317 -7.81119
1.10317 -7.81119
1.10317 -7.81119
1.10317 -7.81119
1.10317 -7.81119
1.10317 -7.81119
1.10317 -7.81119
1.10317 -7.81119
1.10317 -7.81119
1.10317 -7.81119
1.10317 -7.81119
1.10317 -7.81119
1.10317 -7.81119
1.10317 -7.81119
1.10317 -7.81119
1.10317 -7.81119
1.10317 -7.81119
1.10317 -7.81119
1.10317 -7.81119
1.10317 -7.81119
1.10317 -7.81119
1.10317 -7.81119
1.10317 -7.81119
1.10317 -7.81119
1.10317 -7.81119
1.10317 -7.81119
1.10317 -7.81119
1.10317 -7.81119
1.10317 -7.81119
1.10317 -7.81119
1.10317 -7.81119
1.10317 -7.81119
1.10317 -7.81119
1.10317 -7.81119
1.10317 -7.81119
1.10317 -7.81119
1.10317 -7.81119
1.10317 -7.81119
1.10317 -7.81119
1.10317 -7.81119
1.10317 -7.81119
1.10317 -7.81119
1.10317 -7.81119
1.10317 -7.81119
1.10317 -7.81119
1.10317 -7.81119
1.10317 -7.81119
1.10317 -7.81119
1.10317 -7.81119
1.10317 -7.81119
1.10317 -7.81119
1.10317 -7.81119
1.10317 -7.81119
1.10317 -7.81119
1.10317 -7.81119
1.10317 -7.81119
1.10317 -7.81119
1.10317 -7.81119
1.10317 -7.81119
1.10317 -7.81119
1.10317 -7.81119
1.10317 -7.81119
1.10317 -7.81119
1.10317 -7.81119
2 -8