-14 -17
-13.8613 -17.208
-13.7227 -17.416
-13.584 -17.624
-13.4453 -17.832
-13.3066 -18.0401
-13.168 -18.2481
-13.0293 -18.4561
-12.8906 -18.6641
-12.7519 -18.8721
-12.6133 -19.0801
-12.4746 -19.2881
-12.3359 -19.4961
-12.1972 -19.7042
-12.0586 -19.9122
-11.9199 -20.1202
-11.7812 -20.3282
-11.6425 -20.5362
-11.5039 -20.7442
-11.3652 -20.9522
-11.2265 -21.1602
-11.0878 -21.3683
-10.9492 -21.5763
-10.8105 -21.7843
-10.6718 -21.9923
-10.5331 -22.2003
-10.5331 -22.2003
-10.5331 -22.2003
-10.5331 -22.2003
-10.5331 -22.2003
-10.5331 -22.2003
-10.5331 -22.2003
-10.5331 -22.2003
-10.5331 -22.2003
-10.5331 -22.2003
-10.5331 -22.2003
-10.5331 -22.2003
-10.5331 -22.2003
-10.5331 -22.2003
-10.5331 -22.2003
-10.5331 -22.2003
-10.5331 -22.2003
-10.5331 -22.2003
-10.5331 -22.2003
-10.5331 -22.2003
-10.5331 -22.2003
-10.5331 -22.2003
-10.5331 -22.2003
-10.5331 -22.2003
-10.5331 -22.2003
-10.5331 -22.2003
-10.5331 -22.2003
-10.5331 -22.2003
-10.5331 -22.2003
-10.5331 -22.2003
-10.5331 -22.2003
-10.5331 -22.2003
-10.5331 -22.2003
-10.5331 -22.2003
-10.5331 -22.2003
-10.5331 -22.2003
-10.5331 -22.2003
-10.5331 -22.2003
-10.5331 -22.2003
-10.5331 -22.2003
-10.5331 -22.2003
-10.5331 -22.2003
-10.5331 -22.2003
-10.5331 -22.2003
-10.5331 -22.2003
-10.5331 -22.2003
-10.5331 -22.2003
-10.5331 -22.2003
-10.5331 -22.2003
-10.5331 -22.2003
-10.5331 -22.2003
-10.5331 -22.2003
-10.5331 -22.2003
-10.5331 -22.2003
-10.5331 -22.2003
-10.5331 -22.2003
-10.5331 -22.2003
-10.5331 -22.2003
-10.5331 -22.2003
-10.5331 -22.2003
-10.5331 -22.2003
-10.5331 -22.2003
-10.5331 -22.2003
-10.5331 -22.2003
-10.5331 -22.2003
-10.5331 -22.2003
-10.5331 -22.2003
-10.5331 -22.2003
-10.5331 -22.2003
-10.5331 -22.2003
-10.5331 -22.2003
-10.5331 -22.2003
-10.5331 -22.2003
-10.5331 -22.2003
-10.5331 -22.2003
-10.5331 -22.2003
-10.5331 -22.2003
-10.5331 -22.2003
-10.5331 -22.2003
-10.5331 -22.2003
-10.5331 -22.2003
-10.5331 -22.2003
-10.5331 -22.2003
-10.5331 -22.2003
-10.5331 -22.2003
-10.5331 -22.2003
-10.5331 -22.2003
-10.5331 -22.2003
-10.5331 -22.2003
-10.5331 -22.2003
-10.5331 -22.2003
-10.5331 -22.2003
-10.5331 -22.2003
-10.5331 -22.2003
-10.5331 -22.2003
-10.5331 -22.2003
-10.5331 -22.2003
-10.5331 -22.2003
-10.5331 -22.2003
-10.5331 -22.2003
-10.5331 -22.2003
-10.5331 -22.2003
-10.5331 -22.2003
-10.5331 -22.2003
-10.5331 -22.2003
-10.5331 -22.2003
-10.5331 -22.2003
-10.5331 -22.2003
-10.5331 -22.2003
-10.5331 -22.2003
-10.5331 -22.2003
-10.5331 -22.2003
-10 -23