-20 -21
-20.05 -20.8076
-20.0163 -20.5598
-19.9827 -20.3121
-19.949 -20.0644
-19.9154 -19.8167
-19.8817 -19.5689
-19.8481 -19.3212
-19.8144 -19.0735
-19.7807 -18.8258
-19.7471 -18.578
-19.7134 -18.3303
-19.6798 -18.0826
-19.6461 -17.8349
-19.6124 -17.5871
-19.5788 -17.3394
-19.5451 -17.0917
-19.5115 -16.844
-19.4778 -16.5962
-19.4441 -16.3485
-19.4105 -16.1008
-19.3768 -15.8531
-19.3432 -15.6053
-19.3095 -15.3576
-19.2759 -15.1099
-19.2422 -14.8622
-19.2085 -14.6145
-19.1749 -14.3667
-19.1412 -14.119
-19.1076 -13.8713
-19.0889 -13.6234
-19.0702 -13.3756
-19.0516 -13.1278
-19.0329 -12.8801
-19.0143 -12.6323
-18.9956 -12.3846
-18.9769 -12.1369
-18.9583 -11.8892
-18.9396 -11.6416
-18.921 -11.3939
-18.9023 -11.1463
-18.8836 -10.8988
-18.865 -10.6512
-18.8463 -10.4037
-18.8277 -10.1562
-18.809 -9.90879
-18.7904 -9.66137
-18.7717 -9.41398
-18.753 -9.16663
-18.7344 -8.91932
-18.7157 -8.67204
-18.6971 -8.4248
-18.6784 -8.17759
-18.6598 -7.93043
-18.6411 -7.68331
-18.6225 -7.43624
-18.6038 -7.18921
-18.5852 -6.94223
-18.5665 -6.69529
-18.5478 -6.44841
-18.5292 -6.20158
-18.5105 -5.9548
-18.4691 -5.70825
-18.4278 -5.4617
-18.3864 -5.21515
-18.345 -4.9686
-18.3036 -4.72205
-18.2622 -4.4755
-18.2208 -4.22895
-18.1794 -3.9824
-18.138 -3.73585
-18.0966 -3.4893
-18.0552 -3.24275
-18.0139 -2.9962
-17.9725 -2.74965
-17.9311 -2.5031
-17.8897 -2.25655
-17.8483 -2.01
-17.8069 -1.76345
-17.7655 -1.5169
-17.7241 -1.27035
-17.6827 -1.0238
-17.6414 -0.777252
-17.6 -0.530702
-17.5586 -0.284152
-17.5172 -0.0376021
-17.4758 0.208948
-17.4344 0.455498
-17.393 0.702048
-17.3516 0.948598
-17.3102 1.19515
-17.2688 1.4417
-17.2275 1.68825
-17.1861 1.9348
-17.1447 2.18135
-17.1033 2.4279
-17.0619 2.67445
-17.0205 2.921
-16.9791 3.16755
-16.9377 3.4141
-16.8963 3.66065
-16.855 3.9072
-16.8136 4.15375
-16.7722 4.4003
-16.7308 4.64685
-16.6894 4.8934
-16.648 5.13995
-16.6066 5.3865
-16.5652 5.63305
-16.5238 5.8796
-16.4824 6.12615
-16.4411 6.3727
-16.3997 6.61925
-16.3583 6.8658
-16.3169 7.11235
-16.2755 7.3589
-16.2341 7.60545
-16.1927 7.852
-16.1513 8.09855
-16.1513 8.09855
-16.1513 8.09855
-16.1513 8.09855
-16.1513 8.09855
-16.1513 8.09855
-16.1513 8.09855
-16.1513 8.09855
-16.1513 8.09855
-16.1513 8.09855
-16.1513 8.09855
-16.1513 8.09855
-16.1513 8.09855
-16.1513 8.09855
-16.1513 8.09855
-16.1513 8.09855
-16.1513 8.09855
-16.1513 8.09855
-16.1513 8.09855
-16 9