-17 8
-17 7.75
-17 7.5
-17 7.25
-17 7
-17 6.75
-17 6.5
-17 6.25
-17 6
-17 5.75
-17 5.5
-17 5.25
-17 5
-17 4.75
-17 4.5
-17 4.25
-17 4
-17 3.75
-17 3.5
-17 3.25
-17 3
-17 2.75
-17 2.5
-17 2.25
-17 2
-17 1.75
-17 1.5
-17 1.25
-17 1
-17 0.75
-16.985 0.49989
-16.97 0.249776
-16.955 -0.000339478
-16.94 -0.250456
-16.925 -0.500573
-16.91 -0.750688
-16.895 -1.0008
-16.88 -1.2509
-16.865 -1.501
-16.85 -1.75108
-16.835 -2.00114
-16.82 -2.25117
-16.805 -2.50117
-16.79 -2.75113
-16.775 -3.00102
-16.76 -3.25084
-16.745 -3.50056
-16.73 -3.75014
-16.715 -3.99955
-16.7 -4.24871
-16.685 -4.49755
-16.67 -4.74593
-16.655 -4.99367
-16.6399 -5.24048
-16.6249 -5.48588
-16.6099 -5.7291
-16.5948 -5.96874
-16.5797 -6.2022
-16.5628 -6.20233
-16.546 -6.20245
-16.5291 -6.20258
-16.5123 -6.2027
-16.5123 -6.2027
-16.5123 -6.2027
-16.5123 -6.2027
-16.5123 -6.2027
-16.5123 -6.2027
-16.5123 -6.2027
-16.5123 -6.2027
-16.5123 -6.2027
-16.5123 -6.2027
-16.5123 -6.2027
-16.5123 -6.2027
-16.5123 -6.2027
-16.5123 -6.2027
-16.5123 -6.2027
-16.5123 -6.2027
-16.5123 -6.2027
-16.5123 -6.2027
-16.5123 -6.2027
-16.5123 -6.2027
-16.5123 -6.2027
-16.5123 -6.2027
-16.5123 -6.2027
-16.5123 -6.2027
-16.5123 -6.2027
-16.5123 -6.2027
-16.5123 -6.2027
-16.5123 -6.2027
-16.5123 -6.2027
-16.5123 -6.2027
-16.5123 -6.2027
-16.5123 -6.2027
-16.5123 -6.2027
-16.5123 -6.2027
-16.5123 -6.2027
-16.5123 -6.2027
-16.5123 -6.2027
-16.5123 -6.2027
-16.5123 -6.2027
-16.5123 -6.2027
-16.5123 -6.2027
-16.5123 -6.2027
-16.5123 -6.2027
-16.5123 -6.2027
-16.5123 -6.2027
-16.5123 -6.2027
-16.5123 -6.2027
-16.5123 -6.2027
-16.5123 -6.2027
-16.5123 -6.2027
-16.5123 -6.2027
-16.5123 -6.2027
-16.5123 -6.2027
-16.5123 -6.2027
-16.5123 -6.2027
-16.5123 -6.2027
-16.5123 -6.2027
-16.5123 -6.2027
-16.5123 -6.2027
-16.5123 -6.2027
-16.5123 -6.2027
-16.5123 -6.2027
-16.5123 -6.2027
-16.5123 -6.2027
-16.5123 -6.2027
-16.5123 -6.2027
-16.5123 -6.2027
-16.5123 -6.2027
-16.5123 -6.2027
-16.5123 -6.2027
-16.5123 -6.2027
-16.5123 -6.2027
-16.5123 -6.2027
-16.5123 -6.2027
-16.5123 -6.2027
-16.5123 -6.2027
-17 -7