-24 11
-23.8913 11.0755
-23.6417 11.0901
-23.3921 11.1047
-23.1426 11.1193
-22.893 11.1339
-22.6434 11.1485
-22.3938 11.1631
-22.1443 11.1777
-21.8947 11.1923
-21.6451 11.2069
-21.3956 11.2215
-21.146 11.2361
-20.8964 11.2507
-20.6468 11.2653
-20.3973 11.2799
-20.1477 11.2945
-19.8981 11.3091
-19.6485 11.3237
-19.399 11.3383
-19.1494 11.3529
-18.8998 11.3675
-18.6503 11.3821
-18.4007 11.3967
-18.1511 11.4113
-17.9015 11.4259
-17.652 11.4405
-17.4024 11.4551
-17.1528 11.4697
-16.9032 11.4844
-16.6537 11.499
-16.4041 11.5136
-16.1545 11.5282
-15.905 11.5428
-15.6554 11.5574
-15.4058 11.572
-15.1562 11.5866
-14.9067 11.6012
-14.6571 11.6158
-14.4075 11.6304
-14.1579 11.645
-13.9084 11.6596
-13.6588 11.6742
-13.4092 11.6888
-13.1597 11.7034
-12.9101 11.718
-12.6605 11.7326
-12.4109 11.7472
-12.1614 11.7618
-11.9118 11.7764
-11.6622 11.791
-11.4126 11.8056
-11.1631 11.8202
-10.9135 11.8348
-10.6639 11.8494
-10.4144 11.864
-10.1648 11.8786
-9.91521 11.8932
-9.66563 11.9078
-9.41606 11.9224
-9.16649 11.937
-8.91692 11.9516
-8.66734 11.9662
-8.41777 11.9808
-8.1682 11.9954
-7.91862 12.01
-7.66905 12.0247
-7.41948 12.0393
-7.1699 12.0539
-6.92033 12.0685
-6.67076 12.0831
-6.42119 12.0977
-6.17161 12.1123
-5.92204 12.1269
-5.67247 12.1415
-5.42289 12.1561
-5.17332 12.1707
-4.92375 12.1853
-4.67417 12.1999
-4.4246 12.2145
-4.17503 12.2291
-3.92545 12.2437
-3.67588 12.2583
-3.42631 12.2729
-3.17673 12.2875
-2.92716 12.3021
-2.67759 12.3167
-2.42801 12.3313
-2.17844 12.3459
-1.92887 12.3605
-1.67929 12.3751
-1.42972 12.3897
-1.18015 12.4043
-0.930575 12.4189
-0.681001 12.4335
-0.431428 12.4481
-0.181855 12.4627
0.0677179 12.4774
0.317291 12.492
0.566864 12.5066
0.816437 12.5212
1.06601 12.5358
1.31558 12.5504
1.56516 12.565
1.81473 12.5796
2.0643 12.5942
2.31388 12.6088
2.56345 12.6234
2.81302 12.638
3.0626 12.6526
3.31217 12.6672
3.56174 12.6818
3.81132 12.6964
4.06089 12.711
4.31046 12.7256
4.56004 12.7402
4.80961 12.7548
5.05918 12.7694
5.30875 12.784
5.55833 12.7986
5.8079 12.8132
6.05747 12.8278
6.30705 12.8424
6.55662 12.857
6.80619 12.8716
7.05577 12.8862
7.30534 12.9008
7.55491 12.9154
7.80449 12.93
8.05406 12.9447
8.05406 12.9447
8.05406 12.9447
8.05406 12.9447
8.05406 12.9447
8.05406 12.9447
8.05406 12.9447
8.05406 12.9447
9 13