17 20
16.9146 19.7651
16.8291 19.5301
16.7437 19.2952
16.6583 19.0602
16.5728 18.8253
16.4874 18.5903
16.4019 18.3554
16.3165 18.1204
16.2311 17.8855
16.1456 17.6505
16.0602 17.4156
15.9748 17.1806
15.8893 16.9457
15.8039 16.7107
15.7185 16.4758
15.633 16.2408
15.5476 16.0059
15.4622 15.7709
15.3767 15.536
15.2913 15.301
15.2058 15.0661
15.1204 14.8311
15.035 14.5962
14.9495 14.3612
14.8641 14.1263
14.7787 13.8913
14.6932 13.6564
14.6078 13.4214
14.5224 13.1865
14.4369 12.9515
14.3515 12.7166
14.2661 12.4816
14.1806 12.2467
14.0952 12.0117
14.0097 11.7768
13.9243 11.5419
13.8389 11.3069
13.7534 11.072
13.668 10.837
13.5826 10.6021
13.4971 10.3671
13.4117 10.1322
13.3263 9.89721
13.2408 9.66226
13.1554 9.42732
13.07 9.19237
12.9845 8.95742
12.8991 8.72247
12.8136 8.48752
12.7282 8.25258
12.6428 8.01763
12.5573 7.78268
12.4719 7.54773
12.3865 7.31278
12.301 7.07784
12.2156 6.84289
12.1302 6.60794
12.0447 6.37299
11.9593 6.13804
11.8738 5.90309
11.7884 5.66815
11.703 5.4332
11.6175 5.19825
11.5321 4.9633
11.4467 4.72835
11.3612 4.49341
11.2758 4.25846
11.1904 4.02351
11.1049 3.78856
11.0195 3.55361
10.9341 3.31866
10.8486 3.08372
10.7632 2.84877
10.6777 2.61382
10.5923 2.37887
10.5069 2.14392
10.4214 1.90897
10.336 1.67403
10.2506 1.43908
10.1651 1.20413
10.0797 0.96918
9.99426 0.734231
9.90882 0.499283
9.82339 0.264335
9.73795 0.0293863
9.65252 -0.205562
9.56708 -0.440511
9.48164 -0.675459
9.39621 -0.910407
9.31077 -1.14536
9.22534 -1.3803
9.1399 -1.61525
9.05446 -1.8502
8.96903 -2.08515
8.88359 -2.3201
8.79816 -2.55505
8.71272 -2.78999
8.62729 -3.02494
8.54185 -3.25989
8.45641 -3.49484
8.37098 -3.72979
8.28554 -3.96474
8.20011 -4.19969
8.11467 -4.43463
8.02923 -4.66958
7.9438 -4.90453
7.85836 -5.13948
7.77293 -5.37443
7.68749 -5.60938
7.60206 -5.84433
7.51662 -6.07927
7.43119 -6.31422
7.34575 -6.54917
7.26032 -6.78412
7.17488 -7.01907
7.08944 -7.25402
7.00401 -7.48897
6.91857 -7.72391
6.83314 -7.95886
6.7477 -8.19381
6.66227 -8.42876
6.57683 -8.66371
6.49139 -8.89866
6.40596 -9.1336
6.32052 -9.36855
6.23509 -9.6035
6.14965 -9.83845
6.06422 -10.0734
5.97878 -10.3083
5.89335 -10.5433
5.80791 -10.7782
5.72248 -11.0132
5.63704 -11.2481
5.5516 -11.4831
5.46617 -11.718
5.38073 -11.953
5 -13