24 14
23.9072 14.2321
23.8143 14.4642
23.7215 14.6964
23.6286 14.9285
23.5358 15.1606
23.4429 15.3927
23.3501 15.6248
23.2572 15.857
23.1644 16.0891
23.0715 16.3212
22.9787 16.5533
22.8858 16.7854
22.793 17.0175
22.7001 17.2497
22.6073 17.4818
22.5144 17.7139
22.4216 17.946
22.3287 18.1781
22.3287 18.1781
22.3287 18.1781
22.3287 18.1781
22.3287 18.1781
22.3287 18.1781
22.3287 18.1781
22.3287 18.1781
22.3287 18.1781
22.3287 18.1781
22.3287 18.1781
22.3287 18.1781
22.3287 18.1781
22.3287 18.1781
22.3287 18.1781
22.3287 18.1781
22.3287 18.1781
22.3287 18.1781
22.3287 18.1781
22.3287 18.1781
22.3287 18.1781
22.3287 18.1781
22.3287 18.1781
22.3287 18.1781
22.3287 18.1781
22.3287 18.1781
22.3287 18.1781
22.3287 18.1781
22.3287 18.1781
22.3287 18.1781
22.3287 18.1781
22.3287 18.1781
22.3287 18.1781
22.3287 18.1781
22.3287 18.1781
22.3287 18.1781
22.3287 18.1781
22.3287 18.1781
22.3287 18.1781
22.3287 18.1781
22.3287 18.1781
22.3287 18.1781
22.3287 18.1781
22.3287 18.1781
22.3287 18.1781
22.3287 18.1781
22.3287 18.1781
22.3287 18.1781
22.3287 18.1781
22.3287 18.1781
22.3287 18.1781
22.3287 18.1781
22.3287 18.1781
22.3287 18.1781
22.3287 18.1781
22.3287 18.1781
22.3287 18.1781
22.3287 18.1781
22.3287 18.1781
22.3287 18.1781
22.3287 18.1781
22.3287 18.1781
22.3287 18.1781
22.3287 18.1781
22.3287 18.1781
22.3287 18.1781
22.3287 18.1781
22.3287 18.1781
22.3287 18.1781
22.3287 18.1781
22.3287 18.1781
22.3287 18.1781
22.3287 18.1781
22.3287 18.1781
22.3287 18.1781
22.3287 18.1781
22.3287 18.1781
22.3287 18.1781
22.3287 18.1781
22.3287 18.1781
22.3287 18.1781
22.3287 18.1781
22.3287 18.1781
22.3287 18.1781
22.3287 18.1781
22.3287 18.1781
22.3287 18.1781
22.3287 18.1781
22.3287 18.1781
22.3287 18.1781
22.3287 18.1781
22.3287 18.1781
22.3287 18.1781
22.3287 18.1781
22.3287 18.1781
22.3287 18.1781
22.3287 18.1781
22.3287 18.1781
22.3287 18.1781
22.3287 18.1781
22.3287 18.1781
22.3287 18.1781
22.3287 18.1781
22.3287 18.1781
22.3287 18.1781
22.3287 18.1781
22.3287 18.1781
22.3287 18.1781
22.3287 18.1781
22.3287 18.1781
22.3287 18.1781
22.3287 18.1781
22.3287 18.1781
22.3287 18.1781
22.3287 18.1781
22.3287 18.1781
22.3287 18.1781
22.3287 18.1781
22.3287 18.1781
22.3287 18.1781
22 19