-9 21
-9.06691 20.7591
-9.13382 20.5182
-9.20073 20.2774
-9.26764 20.0365
-9.33455 19.7956
-9.40146 19.5547
-9.46838 19.3138
-9.53529 19.073
-9.6022 18.8321
-9.66911 18.5912
-9.73602 18.3503
-9.80293 18.1095
-9.86984 17.8686
-9.93675 17.6277
-10.0037 17.3868
-10.0706 17.1459
-10.1375 16.9051
-10.2044 16.6642
-10.2713 16.4233
-10.3382 16.1824
-10.4051 15.9415
-10.472 15.7007
-10.5389 15.4598
-10.6059 15.2189
-10.6728 14.978
-10.7397 14.7371
-10.8066 14.4963
-10.8735 14.2554
-10.9404 14.0145
-11.0073 13.7736
-11.0742 13.5327
-11.1411 13.2919
-11.2081 13.051
-11.275 12.8101
-11.3419 12.5692
-11.4088 12.3284
-11.4757 12.0875
-11.5426 11.8466
-11.6095 11.6057
-11.6764 11.3648
-11.7433 11.124
-11.8103 10.8831
-11.8772 10.6422
-11.9441 10.4013
-12.011 10.1604
-12.0779 9.91956
-12.1448 9.67868
-12.2117 9.43781
-12.2786 9.19693
-12.3455 8.95605
-12.4124 8.71517
-12.4794 8.47429
-12.5463 8.23341
-12.6132 7.99253
-12.6801 7.75165
-12.747 7.51077
-12.8139 7.26989
-12.8808 7.02901
-12.9477 6.78813
-13.0146 6.54725
-13.0816 6.30637
-13.1485 6.06549
-13.2154 5.82461
-13.2823 5.58373
-13.3492 5.34286
-13.4161 5.10198
-13.483 4.8611
-13.5499 4.62022
-13.6168 4.37934
-13.6838 4.13846
-13.7507 3.89758
-13.7507 3.89758
-13.7507 3.89758
-13.7507 3.89758
-13.7507 3.89758
-13.7507 3.89758
-13.7507 3.89758
-13.7507 3.89758
-13.7507 3.89758
-13.7507 3.89758
-13.7507 3.89758
-13.7507 3.89758
-13.7507 3.89758
-13.7507 3.89758
-13.7507 3.89758
-13.7507 3.89758
-13.7507 3.89758
-13.7507 3.89758
-13.7507 3.89758
-13.7507 3.89758
-13.7507 3.89758
-13.7507 3.89758
-13.7507 3.89758
-13.7507 3.89758
-13.7507 3.89758
-13.7507 3.89758
-13.7507 3.89758
-13.7507 3.89758
-13.7507 3.89758
-13.7507 3.89758
-13.7507 3.89758
-13.7507 3.89758
-13.7507 3.89758
-13.7507 3.89758
-13.7507 3.89758
-13.7507 3.89758
-13.7507 3.89758
-13.7507 3.89758
-13.7507 3.89758
-13.7507 3.89758
-13.7507 3.89758
-13.7507 3.89758
-13.7507 3.89758
-13.7507 3.89758
-13.7507 3.89758
-13.7507 3.89758
-13.7507 3.89758
-13.7507 3.89758
-13.7507 3.89758
-13.7507 3.89758
-13.7507 3.89758
-13.7507 3.89758
-13.7507 3.89758
-13.7507 3.89758
-13.7507 3.89758
-13.7507 3.89758
-13.7507 3.89758
-13.7507 3.89758
-13.7507 3.89758
-13.7507 3.89758
-13.7507 3.89758
-13.7507 3.89758
-13.7507 3.89758
-13.7507 3.89758
-13.7507 3.89758
-13.7507 3.89758
-13.7507 3.89758
-14 3