1 5
1.14193 4.7942
1.28387 4.58839
1.4258 4.38259
1.56773 4.17679
1.70967 3.97098
1.8516 3.76518
1.99353 3.55938
2.13547 3.35357
2.2774 3.14777
2.41933 2.94197
2.56127 2.73616
2.7032 2.53036
2.84513 2.32456
2.98706 2.11875
3.129 1.91295
3.27093 1.70715
3.41286 1.50135
3.5548 1.29554
3.69673 1.08974
3.83866 0.883936
3.9806 0.678133
4.12253 0.472329
4.26446 0.266526
4.4064 0.0607231
4.54833 -0.14508
4.69026 -0.350883
4.8322 -0.556687
4.97413 -0.76249
5.11606 -0.968293
5.258 -1.1741
5.39993 -1.3799
5.54186 -1.5857
5.6838 -1.79151
5.82573 -1.99731
5.96767 -2.20311
6.1096 -2.40892
6.25153 -2.61472
6.39347 -2.82052
6.5354 -3.02632
6.67733 -3.23213
6.81927 -3.43793
6.9612 -3.64373
7.10313 -3.84954
7.24507 -4.05534
7.387 -4.26114
7.52893 -4.46695
7.67087 -4.67275
7.8128 -4.87855
7.95473 -5.08436
8.09667 -5.29016
8.2386 -5.49596
8.38053 -5.70177
8.52247 -5.90757
8.6644 -6.11337
8.80633 -6.31918
8.94827 -6.52498
9.0902 -6.73078
9.23213 -6.93659
9.37407 -7.14239
9.516 -7.34819
9.65793 -7.554
9.79987 -7.7598
9.9418 -7.9656
10.0837 -8.17141
10.2257 -8.37721
10.3676 -8.58301
10.5095 -8.78882
10.6515 -8.99462
10.7934 -9.20042
10.9353 -9.40623
11.0773 -9.61203
11.2192 -9.81783
11.3611 -10.0236
11.5031 -10.2294
11.645 -10.4352
11.7869 -10.641
11.9289 -10.8468
12.0708 -11.0526
12.2127 -11.2585
12.3547 -11.4643
12.4966 -11.6701
12.6385 -11.8759
12.7805 -12.0817
12.9224 -12.2875
13.0643 -12.4933
13.2063 -12.6991
13.3482 -12.9049
13.4901 -13.1107
13.6321 -13.3165
13.774 -13.5223
13.9159 -13.7281
14.0579 -13.9339
14.1998 -14.1397
14.3417 -14.3455
14.4837 -14.5513
14.6256 -14.7571
14.7675 -14.9629
14.9095 -15.1687
15.0514 -15.3745
15.1933 -15.5803
15.3353 -15.7861
15.4772 -15.9919
15.6191 -16.1977
15.7611 -16.4035
15.903 -16.6093
16.0449 -16.8151
16.1869 -17.0209
16.3288 -17.2267
16.4707 -17.4325
16.6127 -17.6383
16.7546 -17.8441
16.8965 -18.0499
17.0385 -18.2558
17.1804 -18.4616
17.3223 -18.6674
17.4643 -18.8732
17.6062 -19.079
17.7481 -19.2848
17.8901 -19.4906
18.032 -19.6964
18.1739 -19.9022
18.3159 -20.108
18.4578 -20.3138
18.5997 -20.5196
18.7417 -20.7254
18.8836 -20.9312
19.0255 -21.137
19.1675 -21.3428
19.3094 -21.5486
19.4513 -21.7544
19.5933 -21.9602
19.7352 -22.166
19.8771 -22.3718
20.0191 -22.5776
20.161 -22.7834
20.3029 -22.9892
20.4448 -23.195
21 -24