13 -6
12.8304 -5.8163
12.6609 -5.6326
12.4913 -5.4489
12.3217 -5.2652
12.1522 -5.08149
11.9826 -4.89779
11.813 -4.71409
11.6434 -4.53039
11.4739 -4.34669
11.3043 -4.16299
11.1347 -3.97929
10.9652 -3.79559
10.7956 -3.61189
10.626 -3.42819
10.4565 -3.24449
10.2869 -3.06078
10.1173 -2.87708
9.94774 -2.69338
9.77817 -2.50968
9.6086 -2.32598
9.43903 -2.14228
9.26946 -1.95858
9.09989 -1.77488
8.93032 -1.59118
8.76075 -1.40748
8.59118 -1.22378
8.42161 -1.04008
8.25204 -0.856375
8.08247 -0.672674
7.9129 -0.488973
7.74333 -0.305272
7.57376 -0.121572
7.40419 0.0621293
7.23462 0.24583
7.06505 0.429531
6.89548 0.613232
6.72591 0.796933
6.55634 0.980633
6.38677 1.16433
6.2172 1.34804
6.04763 1.53174
5.87806 1.71544
5.70849 1.89914
5.53892 2.08284
5.36935 2.26654
5.19978 2.45024
5.03021 2.63394
4.86064 2.81764
4.69107 3.00134
4.5215 3.18504
4.35193 3.36874
4.18236 3.55244
4.01279 3.73615
3.84322 3.91985
3.67365 4.10355
3.50408 4.28725
3.33451 4.47095
3.16494 4.65465
2.99537 4.83835
2.8258 5.02205
2.65623 5.20575
2.48666 5.38945
2.31709 5.57316
2.14752 5.75686
1.97795 5.94056
1.80838 6.12426
1.63881 6.30796
1.46924 6.49166
1.29967 6.67536
1.1301 6.85906
0.960531 7.04276
0.790961 7.22646
0.621391 7.41017
0.451821 7.59387
0.282251 7.77757
0.112681 7.96127
-0.0568891 8.14497
-0.226459 8.32867
-0.396029 8.51237
-0.565599 8.69607
-0.735169 8.87977
-0.90474 9.06347
-1.07431 9.24717
-1.24388 9.43087
-1.41345 9.61457
-1.58302 9.79827
-1.75259 9.98198
-1.92216 10.1657
-2.09173 10.3494
-2.2613 10.5331
-2.43087 10.7168
-2.60044 10.9005
-2.77001 11.0842
-2.93958 11.2679
-3.10915 11.4516
-3.27872 11.6353
-3.44829 11.819
-3.61786 12.0027
-3.78743 12.1864
-3.957 12.3701
-4.12657 12.5538
-4.29614 12.7375
-4.46571 12.9212
-4.63528 13.1049
-4.80485 13.2886
-4.97442 13.4723
-5.14399 13.656
-5.31356 13.8397
-5.48313 14.0234
-5.6527 14.2071
-5.82227 14.3908
-5.99184 14.5745
-6.16141 14.7582
-6.33098 14.9419
-6.50055 15.1256
-6.67012 15.3093
-6.83969 15.493
-7.00926 15.6767
-7.17883 15.8604
-7.3484 16.0441
-7.51797 16.2278
-7.68754 16.4115
-7.85711 16.5952
-8.02668 16.7789
-8.19625 16.9626
-8.36582 17.1463
-8.53539 17.33
-8.70496 17.5137
-8.87453 17.6974
-9.0441 17.8811
-9.21367 18.0648
-9.38324 18.2485
-9.55281 18.4322
-9.72238 18.6159
-9.89195 18.7996
-10.0615 18.9833
-10.2311 19.167
-11 20