-15 2
-14.9634 1.7527
-14.9267 1.5054
-14.8901 1.2581
-14.8535 1.0108
-14.8168 0.763496
-14.7802 0.516195
-14.7435 0.268894
-14.7069 0.0215931
-14.6703 -0.225708
-14.6336 -0.473009
-14.597 -0.720309
-14.5604 -0.96761
-14.5237 -1.21491
-14.4871 -1.46221
-14.4504 -1.70951
-14.4138 -1.95681
-14.3772 -2.20411
-14.3405 -2.45142
-14.3039 -2.69872
-14.2673 -2.94602
-14.2306 -3.19332
-14.194 -3.44062
-14.1573 -3.68792
-14.1207 -3.93522
-14.0841 -4.18252
-14.0474 -4.42982
-14.0108 -4.67712
-13.9742 -4.92443
-13.9375 -5.17173
-13.9009 -5.41903
-13.8642 -5.66633
-13.8276 -5.91363
-13.791 -6.16093
-13.7543 -6.40823
-13.7177 -6.65553
-13.6811 -6.90283
-13.6444 -7.15014
-13.6078 -7.39744
-13.5711 -7.64474
-13.5345 -7.89204
-13.4979 -8.13934
-13.4612 -8.38664
-13.4246 -8.63394
-13.388 -8.88124
-13.3513 -9.12854
-13.3147 -9.37584
-13.278 -9.62315
-13.2414 -9.87045
-13.2048 -10.1177
-13.1681 -10.365
-13.1315 -10.6124
-13.0949 -10.8597
-13.0582 -11.107
-13.0216 -11.3543
-12.9849 -11.6016
-12.9483 -11.8489
-12.9117 -12.0962
-12.875 -12.3435
-12.8384 -12.5908
-12.8018 -12.8381
-12.7651 -13.0854
-12.7285 -13.3327
-12.6918 -13.58
-12.6552 -13.8273
-12.6186 -14.0746
-12.5819 -14.3219
-12.5453 -14.5692
-12.5087 -14.8165
-12.472 -15.0638
-12.4354 -15.3111
-12.3988 -15.5584
-12.3621 -15.8057
-12.3255 -16.053
-12.2888 -16.3003
-12.2522 -16.5476
-12.2156 -16.7949
-12.1789 -17.0422
-12.1423 -17.2895
-12.1057 -17.5368
-12.069 -17.7841
-12.0324 -18.0314
-11.9957 -18.2787
-11.9591 -18.526
-11.9225 -18.7733
-11.8858 -19.0206
-11.8492 -19.2679
-11.8126 -19.5152
-11.7759 -19.7625
-11.7393 -20.0098
-11.7026 -20.2571
-11.666 -20.5044
-11.6294 -20.7517
-11.5927 -20.999
-11.5561 -21.2463
-11.5195 -21.4936
-11.4828 -21.7409
-11.4462 -21.9882
-11.4096 -22.2355
-11.3729 -22.4828
-11.3363 -22.7301
-11.2996 -22.9774
-11.263 -23.2247
-11.2264 -23.472
-11.1897 -23.7193
-11.1531 -23.9666
-11.1165 -24.2139
-11.1165 -24.2139
-11.1165 -24.2139
-11.1165 -24.2139
-11.1165 -24.2139
-11.1165 -24.2139
-11.1165 -24.2139
-11.1165 -24.2139
-11.1165 -24.2139
-11.1165 -24.2139
-11.1165 -24.2139
-11.1165 -24.2139
-11.1165 -24.2139
-11.1165 -24.2139
-11.1165 -24.2139
-11.1165 -24.2139
-11.1165 -24.2139
-11.1165 -24.2139
-11.1165 -24.2139
-11.1165 -24.2139
-11.1165 -24.2139
-11.1165 -24.2139
-11.1165 -24.2139
-11.1165 -24.2139
-11.1165 -24.2139
-11.1165 -24.2139
-11.1165 -24.2139
-11.1165 -24.2139
-11.1165 -24.2139
-11.1165 -24.2139
-11.1165 -24.2139
-11.1165 -24.2139
-11 -25