21 -6
20.9708 -5.75171
20.9416 -5.50342
20.9124 -5.25514
20.8832 -5.00685
20.8539 -4.75856
20.8247 -4.51027
20.7955 -4.26199
20.7663 -4.0137
20.7371 -3.76541
20.7079 -3.51712
20.6787 -3.26884
20.6495 -3.02055
20.6203 -2.77226
20.591 -2.52397
20.5618 -2.27568
20.5326 -2.0274
20.5034 -1.77911
20.4742 -1.53082
20.445 -1.28253
20.4158 -1.03425
20.3866 -0.785959
20.3574 -0.537671
20.3282 -0.289383
20.2989 -0.0410957
20.2697 0.207192
20.2405 0.45548
20.2113 0.703767
20.1821 0.952055
20.1529 1.20034
20.1237 1.44863
20.0945 1.69692
20.0653 1.94521
20.0361 2.19349
20.0068 2.44178
19.9776 2.69007
19.9484 2.93836
19.9192 3.18664
19.89 3.43493
19.8608 3.68322
19.8316 3.93151
19.8024 4.17979
19.7732 4.42808
19.7439 4.67637
19.7147 4.92466
19.6855 5.17295
19.6563 5.42123
19.6271 5.66952
19.5979 5.91781
19.5687 6.1661
19.5395 6.41438
19.5103 6.66267
19.4811 6.91096
19.4518 7.15925
19.4226 7.40753
19.3934 7.65582
19.3642 7.90411
19.335 8.1524
19.3058 8.40068
19.2766 8.64897
19.2474 8.89726
19.2182 9.14555
19.189 9.39384
19.1597 9.64212
19.1305 9.89041
19.1013 10.1387
19.1013 10.1387
19.1013 10.1387
19.1013 10.1387
19.1013 10.1387
19.1013 10.1387
19.1013 10.1387
19.1013 10.1387
19.1013 10.1387
19.1013 10.1387
19.1013 10.1387
19.1013 10.1387
19.1013 10.1387
19.1013 10.1387
19.1013 10.1387
19.1013 10.1387
19.1013 10.1387
19.1013 10.1387
19.1013 10.1387
19.1013 10.1387
19.1013 10.1387
19.1013 10.1387
19.1013 10.1387
19.1013 10.1387
19.1013 10.1387
19.1013 10.1387
19.1013 10.1387
19.1013 10.1387
19.1013 10.1387
19.1013 10.1387
19.1013 10.1387
19.1013 10.1387
19.1013 10.1387
19.1013 10.1387
19.1013 10.1387
19.1013 10.1387
19.1013 10.1387
19.1013 10.1387
19.1013 10.1387
19.1013 10.1387
19.1013 10.1387
19.1013 10.1387
19.1013 10.1387
19.1013 10.1387
19.1013 10.1387
19.1013 10.1387
19.1013 10.1387
19.1013 10.1387
19.1013 10.1387
19.1013 10.1387
19.1013 10.1387
19.1013 10.1387
19.1013 10.1387
19.1013 10.1387
19.1013 10.1387
19.1013 10.1387
19.1013 10.1387
19.1013 10.1387
19.1013 10.1387
19.1013 10.1387
19.1013 10.1387
19.1013 10.1387
19.1013 10.1387
19.1013 10.1387
19.1013 10.1387
19.1013 10.1387
19.1013 10.1387
19.1013 10.1387
19.1013 10.1387
19.1013 10.1387
19.1013 10.1387
19.1013 10.1387
19.1013 10.1387
19.1013 10.1387
19.1013 10.1387
19.1013 10.1387
19.1013 10.1387
19.1013 10.1387
19.1013 10.1387
19.1013 10.1387
19.1013 10.1387
19.1013 10.1387
19.1013 10.1387
19.1013 10.1387
19.1013 10.1387
19.1013 10.1387
19.1013 10.1387
19.1013 10.1387
19.1013 10.1387
19.1013 10.1387
19.1013 10.1387
19.1013 10.1387
19.1013 10.1387
19.1013 10.1387
19.1013 10.1387
19.1013 10.1387
19.1013 10.1387
19.1013 10.1387
19.1013 10.1387
19.1013 10.1387
19.1013 10.1387
19.1013 10.1387
19.1013 10.1387
19.1013 10.1387
19.1013 10.1387
19.1013 10.1387
19.1013 10.1387
19.1013 10.1387
19.1013 10.1387
19.1013 10.1387
19.1013 10.1387
19.1013 10.1387
19.1013 10.1387
19.1013 10.1387
19.1013 10.1387
19.1013 10.1387
19.1013 10.1387
19.1013 10.1387
19.1013 10.1387
19.1013 10.1387
19.1013 10.1387
19.1013 10.1387
19 11