-11 -10
-10.8168 -9.82989
-10.6336 -9.65977
-10.4504 -9.48966
-10.2672 -9.31955
-10.084 -9.14944
-9.90081 -8.97932
-9.71761 -8.80921
-9.53442 -8.6391
-9.35122 -8.46899
-9.16802 -8.29887
-8.98482 -8.12876
-8.80162 -7.95865
-8.61843 -7.78854
-8.43523 -7.61842
-8.25203 -7.44831
-8.06883 -7.2782
-7.88563 -7.10809
-7.70244 -6.93797
-7.51924 -6.76786
-7.33604 -6.59775
-7.15284 -6.42764
-6.96964 -6.25752
-6.78644 -6.08741
-6.60324 -5.9173
-6.42005 -5.74718
-6.23685 -5.57707
-6.05365 -5.40696
-5.87045 -5.23685
-5.68725 -5.06673
-5.50405 -4.89662
-5.32086 -4.72651
-5.13766 -4.5564
-4.95446 -4.38628
-4.77126 -4.21617
-4.58806 -4.04606
-4.40486 -3.87595
-4.22166 -3.70583
-4.03847 -3.53572
-3.85527 -3.36561
-3.67207 -3.19549
-3.48887 -3.02538
-3.30567 -2.85527
-3.12247 -2.68516
-2.93928 -2.51504
-2.75608 -2.34493
-2.57288 -2.17482
-2.38968 -2.0047
-2.20648 -1.83459
-2.02328 -1.66448
-1.84009 -1.49437
-1.65689 -1.32425
-1.47369 -1.15414
-1.29049 -0.984027
-1.10729 -0.813915
-0.924093 -0.643802
-0.740895 -0.473689
-0.557697 -0.303576
-0.374498 -0.133463
-0.1913 0.0366493
-0.00810173 0.206762
0.175097 0.376875
0.358295 0.546988
0.541493 0.717101
0.724692 0.887213
0.90789 1.05733
1.09109 1.22744
1.27429 1.39755
1.45748 1.56766
1.64068 1.73778
1.82388 1.90789
2.00708 2.078
2.19028 2.24812
2.37348 2.41823
2.45838 2.49733
2.49219 2.53115
2.50053 2.54108
2.50053 2.54108
2.50053 2.54108
2.50053 2.54108
2.50053 2.54108
2.50053 2.54108
2.50053 2.54108
2.50053 2.54108
2.50053 2.54108
2.50053 2.54108
2.50053 2.54108
2.50053 2.54108
2.50053 2.54108
2.50053 2.54108
2.50053 2.54108
2.50053 2.54108
2.50053 2.54108
2.50053 2.54108
2.50053 2.54108
2.50053 2.54108
2.50053 2.54108
2.50053 2.54108
2.50053 2.54108
2.50053 2.54108
2.50053 2.54108
2.50053 2.54108
2.50053 2.54108
2.50053 2.54108
2.50053 2.54108
2.50053 2.54108
2.50053 2.54108
2.50053 2.54108
2.50053 2.54108
2.50053 2.54108
2.50053 2.54108
2.50053 2.54108
2.50053 2.54108
2.50053 2.54108
2.50053 2.54108
2.50053 2.54108
2.50053 2.54108
2.50053 2.54108
2.50053 2.54108
2.50053 2.54108
2.50053 2.54108
2.50053 2.54108
2.50053 2.54108
2.50053 2.54108
2.50053 2.54108
2.50053 2.54108
2.50053 2.54108
2.50053 2.54108
2.50053 2.54108
2.50053 2.54108
2.50053 2.54108
2.50053 2.54108
2.50053 2.54108
2.50053 2.54108
2.50053 2.54108
2.50053 2.54108
2.50053 2.54108
2.50053 2.54108
2.50053 2.54108
2.50053 2.54108
2.50053 2.54108
2.50053 2.54108
2.50053 2.54108
2.50053 2.54108
2.50053 2.54108
2.50053 2.54108
2.50053 2.54108
2.50053 2.54108
2.50053 2.54108
2.50053 2.54108
2.50053 2.54108
2.50053 2.54108
2.50053 2.54108
2.50053 2.54108
2.50053 2.54108
2.50053 2.54108
2.50053 2.54108
2.50053 2.54108
2.50053 2.54108
2.50053 2.54108
2.50053 2.54108
2.50053 2.54108
2.50053 2.54108
2.50053 2.54108
2.50053 2.54108
2.50053 2.54108
2.50053 2.54108
2.50053 2.54108
2.50053 2.54108
2.50053 2.54108
2.50053 2.54108
2.50053 2.54108
2.50053 2.54108
2.50053 2.54108
2.50053 2.54108
2.50053 2.54108
2.50053 2.54108
2.50053 2.54108
2.50053 2.54108
2.50053 2.54108
2.50053 2.54108
2.50053 2.54108
2.50053 2.54108
2.50053 2.54108
2.50053 2.54108
2.50053 2.54108
2.50053 2.54108
3 3