-21 19
-20.8106 18.8368
-20.6213 18.6735
-20.4319 18.5103
-20.2426 18.3471
-20.0532 18.1838
-19.8639 18.0206
-19.6745 17.8574
-19.4852 17.6941
-19.2958 17.5309
-19.1065 17.3677
-18.9171 17.2044
-18.7278 17.0412
-18.5384 16.8779
-18.3491 16.7147
-18.1597 16.5515
-17.9704 16.3882
-17.781 16.225
-17.5917 16.0618
-17.4023 15.8985
-17.213 15.7353
-17.0236 15.5721
-16.8343 15.4088
-16.6449 15.2456
-16.4556 15.0824
-16.2662 14.9191
-16.0768 14.7559
-15.8875 14.5927
-15.6981 14.4294
-15.5088 14.2662
-15.3194 14.103
-15.1301 13.9397
-14.9407 13.7765
-14.7514 13.6133
-14.562 13.45
-14.3727 13.2868
-14.1833 13.1236
-13.994 12.9603
-13.8046 12.7971
-13.6153 12.6338
-13.4259 12.4706
-13.2366 12.3074
-13.0472 12.1441
-12.8579 11.9809
-12.6685 11.8177
-12.4792 11.6544
-12.2898 11.4912
-12.1004 11.328
-11.9111 11.1647
-11.7217 11.0015
-11.5324 10.8383
-11.343 10.675
-11.1537 10.5118
-10.9643 10.3486
-10.775 10.1853
-10.5856 10.0221
-10.3963 9.85886
-10.2069 9.69562
-10.0176 9.53239
-9.82822 9.36915
-9.63887 9.20592
-9.44952 9.04268
-9.26016 8.87945
-9.07081 8.71621
-8.88146 8.55298
-8.69211 8.38974
-8.50275 8.22651
-8.3134 8.06327
-8.12405 7.90004
-7.9347 7.7368
-7.74535 7.57357
-7.55599 7.41034
-7.36664 7.2471
-7.17729 7.08387
-6.98794 6.92063
-6.79858 6.7574
-6.60923 6.59416
-6.41988 6.43093
-6.23053 6.26769
-6.04117 6.10446
-5.85182 5.94122
-5.66247 5.77799
-5.47311 5.61475
-5.28376 5.45152
-5.09441 5.28828
-4.90506 5.12505
-4.7157 4.96181
-4.52635 4.79858
-4.337 4.63535
-4.14765 4.47211
-3.95829 4.30888
-3.76894 4.14564
-3.57959 3.98241
-3.39024 3.81917
-3.20088 3.65594
-3.01153 3.4927
-2.82218 3.32947
-2.63283 3.16623
-2.44347 3.003
-2.25412 2.83976
-2.06477 2.67653
-1.87542 2.51329
-1.68606 2.35006
-1.49671 2.18682
-1.30736 2.02359
-1.11801 1.86035
-0.928655 1.69712
-0.739302 1.53388
-0.54995 1.37065
-0.360597 1.20741
-0.171245 1.04418
0.0181078 0.880942
0.20746 0.717707
0.396813 0.554472
0.586165 0.391238
0.775518 0.228003
0.96487 0.0647677
1.15422 -0.0984672
1.34358 -0.261702
1.53293 -0.424937
1.72228 -0.588172
1.91163 -0.751407
2.10099 -0.914642
2.29034 -1.07788
2.47969 -1.24111
2.66904 -1.40435
2.8584 -1.56758
3.04775 -1.73082
3.2371 -1.89405
3.42645 -2.05729
3.61581 -2.22052
3.80516 -2.38376
3.99451 -2.54699
4.18386 -2.71023
4.37322 -2.87346
4.56257 -3.0367
4.75192 -3.19993
4.94127 -3.36317
5.13063 -3.5264
5.31998 -3.68964
5.50933 -3.85287
5.69868 -4.01611
5.88804 -4.17934
6.07739 -4.34258
6.26674 -4.50581
6.45609 -4.66904
6.64545 -4.83228
6.8348 -4.99551
7.02415 -5.15875
7.2135 -5.32198
7.40286 -5.48522
7.42402 -5.50992
7.42402 -5.50992
7.42402 -5.50992
7.42402 -5.50992
7.42402 -5.50992
7.42402 -5.50992
7.42402 -5.50992
7.42402 -5.50992
7.42402 -5.50992
7.42402 -5.50992
7.42402 -5.50992
7.42402 -5.50992
7.42402 -5.50992
7.42402 -5.50992
7.42402 -5.50992
7.42402 -5.50992
7.42402 -5.50992
7.42402 -5.50992
7.42402 -5.50992
7.42402 -5.50992
7.42402 -5.50992
7.42402 -5.50992
7.42402 -5.50992
7.42402 -5.50992
7.42402 -5.50992
7.42402 -5.50992
7.42402 -5.50992
7.42402 -5.50992
7.42402 -5.50992
7.42402 -5.50992
7.42402 -5.50992
7.42402 -5.50992
7.42402 -5.50992
7.42402 -5.50992
7.42402 -5.50992
7.42402 -5.50992
8 -6