22 10
21.7527 10.0368
21.5055 10.0737
21.2582 10.1105
21.0109 10.1473
20.7636 10.1841
20.5164 10.221
20.2691 10.2578
20.0218 10.2946
19.7745 10.3315
19.5273 10.3683
19.28 10.4051
19.0327 10.4419
18.7855 10.4788
18.5382 10.5156
18.2909 10.5524
18.0436 10.5892
17.7964 10.6261
17.5491 10.6629
17.3018 10.6997
17.0546 10.7366
16.8073 10.7734
16.56 10.8102
16.3127 10.847
16.0655 10.8839
15.8182 10.9207
15.5709 10.9575
15.3236 10.9944
15.0764 11.0312
14.8291 11.068
14.5818 11.1048
14.3346 11.1417
14.0873 11.1785
13.84 11.2153
13.5927 11.2522
13.3455 11.289
13.0982 11.3258
12.8509 11.3626
12.6036 11.3995
12.3564 11.4363
12.1091 11.4731
11.8618 11.5099
11.6146 11.5468
11.3673 11.5836
11.12 11.6204
10.8727 11.6573
10.6255 11.6941
10.3782 11.7309
10.1309 11.7677
9.88365 11.8046
9.63638 11.8414
9.3891 11.8782
9.14183 11.9151
8.89456 11.9519
8.64729 11.9887
8.40001 12.0255
8.15274 12.0624
7.90547 12.0992
7.6582 12.136
7.41092 12.1729
7.16365 12.2097
6.91638 12.2465
6.66911 12.2833
6.42183 12.3202
6.17456 12.357
5.92729 12.3938
5.68002 12.4307
5.43274 12.4675
5.18547 12.5043
4.9382 12.5411
4.69093 12.578
4.44365 12.6148
4.19638 12.6516
3.94911 12.6884
3.70184 12.7253
3.45456 12.7621
3.20729 12.7989
2.96002 12.8358
2.71275 12.8726
2.46547 12.9094
2.2182 12.9462
1.97093 12.9831
1.72366 13.0199
1.47638 13.0567
1.22911 13.0936
0.981838 13.1304
0.734565 13.1672
0.487293 13.204
0.24002 13.2409
-0.00725257 13.2777
-0.254525 13.3145
-0.501798 13.3514
-0.74907 13.3882
-0.996343 13.425
-1.24362 13.4618
-1.49089 13.4987
-1.73816 13.5355
-1.98543 13.5723
-2.23271 13.6091
-2.47998 13.646
-2.72725 13.6828
-2.97452 13.7196
-3.2218 13.7565
-3.46907 13.7933
-3.71634 13.8301
-3.96361 13.8669
-4.21089 13.9038
-4.45816 13.9406
-4.70543 13.9774
-4.9527 14.0143
-5.19998 14.0511
-5.44725 14.0879
-5.69452 14.1247
-5.94179 14.1616
-6.18907 14.1984
-6.43634 14.2352
-6.68361 14.272
-6.93088 14.3089
-7.17816 14.3457
-7.42543 14.3825
-7.6727 14.4194
-7.91997 14.4562
-8.16725 14.493
-8.41452 14.5298
-8.66179 14.5667
-8.90906 14.6035
-9.15634 14.6403
-9.40361 14.6771
-9.65088 14.714
-9.89815 14.7508
-10.1454 14.7876
-10.3927 14.8245
-10.64 14.8613
-10.8872 14.8981
-11.1345 14.9349
-11.3818 14.9718
-11.6291 15.0086
-11.8763 15.0454
-12.1236 15.0823
-12.3709 15.1191
-12.6182 15.1559
-12.8654 15.1927
-13.1127 15.2296
-13.36 15.2664
-13.6072 15.3032
-13.8545 15.34
-14.1018 15.3769
-14.3491 15.4137
-14.5963 15.4505
-14.8436 15.4874
-15.0909 15.5242
-15.3381 15.561
-15.5854 15.5978
-15.8327 15.6347
-16.08 15.6715
-16.3272 15.7083
-16.5745 15.7451
-16.8218 15.782
-17.0691 15.8188
-17.3163 15.8556
-17.5636 15.8925
-17.8109 15.9293
-18.0581 15.9661
-18.3054 16.0029
-18.5527 16.0398
-18.8 16.0766
-19.0472 16.1134
-19.2945 16.1502
-19.5418 16.1871
-19.7891 16.2239
-20.0363 16.2607
-20.2836 16.2976
-20.5309 16.3344
-20.7781 16.3712
-21.0254 16.408
-21.2727 16.4449
-21.52 16.4817
-21.7672 16.5185
-22.0145 16.5553
-22.2618 16.5922
-22.5091 16.629
-22.7563 16.6658
-23.0036 16.7027
-23.2509 16.7395
-23.4981 16.7763
-23.7454 16.8131
-23.9927 16.85
-25 17