4 0
3.81979 0.173277
3.63958 0.346554
3.45938 0.519832
3.27917 0.693109
3.09896 0.866386
2.91875 1.03966
2.73854 1.21294
2.55833 1.38622
2.37813 1.55949
2.19792 1.73277
2.01771 1.90605
1.8375 2.07933
1.65729 2.2526
1.47709 2.42588
1.29688 2.59916
1.11667 2.77243
0.93646 2.94571
0.756252 3.11899
0.576044 3.29227
0.395835 3.46554
0.215627 3.63882
0.0354189 3.8121
-0.144789 3.98537
-0.324998 4.15865
-0.505206 4.33193
-0.685414 4.50521
-0.865623 4.67848
-1.04583 4.85176
-1.22604 5.02504
-1.40625 5.19832
-1.58646 5.37159
-1.76666 5.54487
-1.94687 5.71815
-2.12708 5.89143
-2.30729 6.0647
-2.4875 6.23798
-2.6677 6.41126
-2.84791 6.58454
-3.02812 6.75781
-3.20833 6.93109
-3.38854 7.10437
-3.56875 7.27764
-3.74895 7.45092
-3.92916 7.6242
-4.10937 7.79748
-4.28958 7.97075
-4.46979 8.14403
-4.65 8.31731
-4.8302 8.49059
-5.01041 8.66386
-5.19062 8.83714
-5.37083 9.01042
-5.55104 9.18369
-5.73124 9.35697
-5.91145 9.53025
-6.09166 9.70352
-6.27187 9.8768
-6.45208 10.0501
-6.63229 10.2234
-6.81249 10.3966
-6.9927 10.5699
-7.17291 10.7432
-7.35312 10.9165
-7.53333 11.0897
-7.71353 11.263
-7.89374 11.4363
-8.07395 11.6096
-8.25416 11.7828
-8.43437 11.9561
-8.61458 12.1294
-8.79478 12.3027
-8.97499 12.476
-9.1552 12.6492
-9.33541 12.8225
-9.51562 12.9958
-9.69583 13.1691
-9.87603 13.3423
-10.0562 13.5156
-10.2365 13.6889
-10.4167 13.8622
-10.5969 14.0354
-10.7771 14.2087
-10.9573 14.382
-11.1375 14.5553
-11.3177 14.7286
-11.4979 14.9018
-11.6781 15.0751
-11.8583 15.2484
-12.0385 15.4217
-12.2187 15.5949
-12.3989 15.7682
-12.5792 15.9415
-12.7594 16.1148
-12.9396 16.288
-13.1198 16.4613
-13.3 16.6346
-13.4802 16.8079
-13.6604 16.9812
-13.8406 17.1544
-14.0208 17.3277
-14.201 17.501
-14.3812 17.6743
-14.5614 17.8475
-14.7417 18.0208
-14.9219 18.1941
-15.1021 18.3674
-15.2823 18.5406
-15.4625 18.7139
-15.6427 18.8872
-15.8229 19.0605
-16.0031 19.2338
-16.1833 19.407
-16.3635 19.5803
-16.5437 19.7536
-16.7239 19.9269
-16.9042 20.1001
-17.0844 20.2734
-17.2646 20.4467
-17.4448 20.62
-17.625 20.7932
-17.8052 20.9665
-17.9854 21.1398
-18.1656 21.3131
-18.3458 21.4864
-18.526 21.6596
-18.7062 21.8329
-18.8864 22.0062
-19.0667 22.1795
-19.2469 22.3527
-19.4271 22.526
-19.6073 22.6993
-19.7875 22.8726
-19.9677 23.0458
-20.1479 23.2191
-20.3281 23.3924
-20.5083 23.5657
-20.6885 23.739
-20.8687 23.9122
-21.0489 24.0855
-21.2292 24.2588
-21.4094 24.4321
-21.4297 24.4831
-21.4297 24.4831
-21.4297 24.4831
-21.4297 24.4831
-21.4297 24.4831
-21.4297 24.4831
-21.4297 24.4831
-21.4297 24.4831
-21.4297 24.4831
-21.4297 24.4831
-21.4297 24.4831
-21.4297 24.4831
-21.4297 24.4831
-21.4297 24.4831
-21.4297 24.4831
-21.4297 24.4831
-21.4297 24.4831
-21.4297 24.4831
-21.4297 24.4831
-21.4297 24.4831
-21.4297 24.4831
-21.4297 24.4831
-21.4297 24.4831
-21.4297 24.4831
-21.4297 24.4831
-21.4297 24.4831
-21.4297 24.4831
-21.4297 24.4831
-21.4297 24.4831
-21.4297 24.4831
-21.4297 24.4831
-21.4297 24.4831
-21.4297 24.4831
-21.4297 24.4831
-21.4297 24.4831
-21.4297 24.4831
-21.4297 24.4831
-21.4297 24.4831
-21.4297 24.4831
-21.4297 24.4831
-21.4297 24.4831
-21.4297 24.4831
-21.4297 24.4831
-21.4297 24.4831
-21.4297 24.4831
-22 25