-21 6
-20.7908 6.13681
-20.5815 6.27362
-20.3723 6.41044
-20.163 6.54725
-19.9538 6.68406
-19.7445 6.82087
-19.5353 6.95769
-19.3261 7.0945
-19.1168 7.23131
-18.9076 7.36812
-18.6983 7.50493
-18.4891 7.64175
-18.2799 7.77856
-18.0706 7.91537
-17.8614 8.05218
-17.6521 8.189
-17.4429 8.32581
-17.2336 8.46262
-17.0244 8.59943
-16.8152 8.73624
-16.6059 8.87306
-16.3967 9.00987
-16.1874 9.14668
-15.9782 9.28349
-15.769 9.42031
-15.5597 9.55712
-15.3505 9.69393
-15.1412 9.83074
-14.932 9.96755
-14.7227 10.1044
-14.5135 10.2412
-14.3043 10.378
-14.095 10.5148
-13.8858 10.6516
-13.6765 10.7884
-13.4673 10.9252
-13.258 11.0621
-13.0488 11.1989
-12.8396 11.3357
-12.6303 11.4725
-12.4211 11.6093
-12.2118 11.7461
-12.0026 11.8829
-11.7933 12.0197
-11.5841 12.1565
-11.3749 12.2934
-11.1656 12.4302
-10.9564 12.567
-10.7471 12.7038
-10.5379 12.8406
-10.3286 12.9774
-10.1194 13.1142
-9.91015 13.251
-9.70091 13.3879
-9.49167 13.5247
-9.28242 13.6615
-9.07318 13.7983
-8.86394 13.9351
-8.6547 14.0719
-8.44546 14.2087
-8.23621 14.3455
-8.02697 14.4824
-7.81773 14.6192
-7.60849 14.756
-7.39924 14.8928
-7.19 15.0296
-6.98076 15.1664
-6.77152 15.3032
-6.56228 15.44
-6.35303 15.5769
-6.14379 15.7137
-5.93455 15.8505
-5.72531 15.9873
-5.51606 16.1241
-5.30682 16.2609
-5.09758 16.3977
-4.88834 16.5345
-4.67909 16.6714
-4.46985 16.8082
-4.26061 16.945
-4.05137 17.0818
-3.84212 17.2186
-3.63288 17.3554
-3.42364 17.4922
-3.2144 17.629
-3.00516 17.7659
-2.79591 17.9027
-2.58667 18.0395
-2.37743 18.1763
-2.16819 18.3131
-1.95894 18.4499
-1.7497 18.5867
-1.54046 18.7235
-1.33122 18.8603
-1.12197 18.9972
-0.912733 19.134
-0.70349 19.2708
-0.494248 19.4076
-0.285006 19.5444
-0.0757638 19.6812
0.133478 19.818
0.342721 19.9548
0.551963 20.0917
0.761205 20.2285
0.970447 20.3653
1.17969 20.5021
1.38893 20.6389
1.59817 20.7757
1.80742 20.9125
2.01666 21.0493
2.2259 21.1862
2.43514 21.323
2.64438 21.4598
2.85363 21.5966
3.06287 21.7334
3.27211 21.8702
3.48135 22.007
3.69059 22.1438
3.89984 22.2807
4.10908 22.4175
4.31832 22.5543
4.31832 22.5543
4.31832 22.5543
4.31832 22.5543
4.31832 22.5543
4.31832 22.5543
4.31832 22.5543
4.31832 22.5543
4.31832 22.5543
4.31832 22.5543
4.31832 22.5543
4.31832 22.5543
4.31832 22.5543
4.31832 22.5543
4.31832 22.5543
4.31832 22.5543
4.31832 22.5543
4.31832 22.5543
4.31832 22.5543
4.31832 22.5543
4.31832 22.5543
4.31832 22.5543
4.31832 22.5543
4.31832 22.5543
4.31832 22.5543
4.31832 22.5543
4.31832 22.5543
4.31832 22.5543
4.31832 22.5543
4.31832 22.5543
4.31832 22.5543
4.31832 22.5543
4.31832 22.5543
4.31832 22.5543
4.31832 22.5543
4.31832 22.5543
4.31832 22.5543
4.31832 22.5543
4.31832 22.5543
4.31832 22.5543
4.31832 22.5543
4.31832 22.5543
4.31832 22.5543
4.31832 22.5543
4.31832 22.5543
4.31832 22.5543
4.31832 22.5543
4.31832 22.5543
4.31832 22.5543
4.31832 22.5543
4.31832 22.5543
4.31832 22.5543
4.31832 22.5543
4.31832 22.5543
4.31832 22.5543
4.31832 22.5543
4.31832 22.5543
4.31832 22.5543
4.31832 22.5543
4.31832 22.5543
4.31832 22.5543
4.31832 22.5543
4.31832 22.5543
4.31832 22.5543
4.31832 22.5543
4.31832 22.5543
4.31832 22.5543
4.31832 22.5543
4.31832 22.5543
4.31832 22.5543
4.31832 22.5543
4.31832 22.5543
4.31832 22.5543
4.31832 22.5543
4.31832 22.5543
4.31832 22.5543
4.31832 22.5543
4.31832 22.5543
4.31832 22.5543
4.31832 22.5543
4.31832 22.5543
4.31832 22.5543
4.31832 22.5543
4.31832 22.5543
4.31832 22.5543
4.31832 22.5543
4.31832 22.5543
4.31832 22.5543
4.31832 22.5543
4.31832 22.5543
4.31832 22.5543
4.31832 22.5543
4.31832 22.5543
4.31832 22.5543
4.31832 22.5543
4.31832 22.5543
4.31832 22.5543
5 23