12 -19
11.7628 -18.9209
11.5257 -18.8419
11.2885 -18.7628
11.0513 -18.6838
10.8141 -18.6047
10.577 -18.5257
10.3398 -18.4466
10.1026 -18.3675
9.86546 -18.2885
9.62829 -18.2094
9.39112 -18.1304
9.15395 -18.0513
8.91677 -17.9722
8.6796 -17.8932
8.44243 -17.8141
8.20526 -17.7351
7.96809 -17.656
7.73092 -17.577
7.49375 -17.4979
7.25658 -17.4188
7.01941 -17.3398
6.78224 -17.2607
6.54507 -17.1817
6.3079 -17.1026
6.07072 -17.0236
5.83355 -16.9445
5.59638 -16.8654
5.35921 -16.7864
5.12204 -16.7073
4.88487 -16.6283
4.6477 -16.5492
4.41053 -16.4702
4.17336 -16.3911
3.93619 -16.3121
3.69902 -16.233
3.46185 -16.1539
3.22468 -16.0749
2.9875 -15.9958
2.75033 -15.9168
2.51316 -15.8377
2.27599 -15.7587
2.03882 -15.6796
1.80165 -15.6005
1.56448 -15.5215
1.32731 -15.4424
1.09014 -15.3634
0.852966 -15.2843
0.615795 -15.2053
0.378624 -15.1262
0.141454 -15.0471
-0.0957173 -14.9681
-0.332888 -14.889
-0.570059 -14.81
-0.80723 -14.7309
-1.0444 -14.6519
-1.28157 -14.5728
-1.51874 -14.4937
-1.75591 -14.4147
-1.99308 -14.3356
-2.23026 -14.2566
-2.46743 -14.1775
-2.7046 -14.0985
-2.94177 -14.0194
-3.17894 -13.9404
-3.41611 -13.8613
-3.65328 -13.7822
-3.89045 -13.7032
-4.12762 -13.6241
-4.36479 -13.5451
-4.60196 -13.466
-4.83914 -13.387
-5.07631 -13.3079
-5.09207 -13.3166
-5.09207 -13.3166
-5.09207 -13.3166
-5.09207 -13.3166
-5.09207 -13.3166
-5.09207 -13.3166
-5.09207 -13.3166
-5.09207 -13.3166
-5.09207 -13.3166
-5.09207 -13.3166
-5.09207 -13.3166
-5.09207 -13.3166
-5.09207 -13.3166
-5.09207 -13.3166
-5.09207 -13.3166
-5.09207 -13.3166
-5.09207 -13.3166
-5.09207 -13.3166
-5.09207 -13.3166
-5.09207 -13.3166
-5.09207 -13.3166
-5.09207 -13.3166
-5.09207 -13.3166
-5.09207 -13.3166
-5.09207 -13.3166
-5.09207 -13.3166
-5.09207 -13.3166
-5.09207 -13.3166
-5.09207 -13.3166
-5.09207 -13.3166
-5.09207 -13.3166
-5.09207 -13.3166
-5.09207 -13.3166
-5.09207 -13.3166
-5.09207 -13.3166
-5.09207 -13.3166
-5.09207 -13.3166
-5.09207 -13.3166
-5.09207 -13.3166
-5.09207 -13.3166
-5.09207 -13.3166
-5.09207 -13.3166
-5.09207 -13.3166
-5.09207 -13.3166
-5.09207 -13.3166
-5.09207 -13.3166
-5.09207 -13.3166
-5.09207 -13.3166
-5.09207 -13.3166
-5.09207 -13.3166
-5.09207 -13.3166
-5.09207 -13.3166
-5.09207 -13.3166
-5.09207 -13.3166
-5.09207 -13.3166
-5.09207 -13.3166
-5.09207 -13.3166
-5.09207 -13.3166
-5.09207 -13.3166
-5.09207 -13.3166
-5.09207 -13.3166
-5.09207 -13.3166
-5.09207 -13.3166
-5.09207 -13.3166
-5.09207 -13.3166
-5.09207 -13.3166
-5.09207 -13.3166
-5.09207 -13.3166
-5.09207 -13.3166
-5.09207 -13.3166
-5.09207 -13.3166
-5.09207 -13.3166
-5.09207 -13.3166
-5.09207 -13.3166
-5.09207 -13.3166
-5.09207 -13.3166
-5.09207 -13.3166
-5.09207 -13.3166
-5.09207 -13.3166
-5.09207 -13.3166
-5.09207 -13.3166
-5.09207 -13.3166
-5.09207 -13.3166
-5.09207 -13.3166
-5.09207 -13.3166
-5.09207 -13.3166
-5.09207 -13.3166
-5.09207 -13.3166
-5.09207 -13.3166
-5.09207 -13.3166
-5.09207 -13.3166
-5.09207 -13.3166
-5.09207 -13.3166
-5.09207 -13.3166
-5.09207 -13.3166
-5.09207 -13.3166
-5.09207 -13.3166
-5.09207 -13.3166
-5.09207 -13.3166
-5.09207 -13.3166
-5.09207 -13.3166
-5.09207 -13.3166
-5.09207 -13.3166
-5.09207 -13.3166
-5.09207 -13.3166
-5.09207 -13.3166
-5.09207 -13.3166
-5.09207 -13.3166
-5.09207 -13.3166
-5.09207 -13.3166
-5.09207 -13.3166
-5.09207 -13.3166
-5.09207 -13.3166
-5.09207 -13.3166
-5.09207 -13.3166
-5.09207 -13.3166
-5.09207 -13.3166
-5.09207 -13.3166
-5.09207 -13.3166
-5.09207 -13.3166
-5.09207 -13.3166
-5.09207 -13.3166
-5.09207 -13.3166
-5.09207 -13.3166
-5.09207 -13.3166
-5.09207 -13.3166
-5.09207 -13.3166
-5.09207 -13.3166
-5.09207 -13.3166
-5.09207 -13.3166
-5.09207 -13.3166
-5.09207 -13.3166
-5.09207 -13.3166
-5.09207 -13.3166
-5.09207 -13.3166
-5.09207 -13.3166
-5.09207 -13.3166
-5.09207 -13.3166
-5.09207 -13.3166
-5.09207 -13.3166
-5.09207 -13.3166
-5.09207 -13.3166
-5.09207 -13.3166
-5.09207 -13.3166
-5.09207 -13.3166
-6 -13