-22 -3
-21.8142 -2.9875
-21.7012 -2.90973
-21.5915 -2.80469
-21.4818 -2.6997
-21.372 -2.59475
-21.2622 -2.48985
-21.1524 -2.385
-21.0425 -2.28019
-20.9326 -2.17543
-20.8226 -2.07072
-20.7126 -1.96605
-20.5962 -1.84163
-20.4693 -1.7011
-20.3258 -1.54581
-20.1639 -1.38182
-19.9785 -1.21414
-19.793 -1.04647
-19.6076 -0.878801
-19.4221 -0.71113
-19.2367 -0.543458
-19.0513 -0.375787
-18.8658 -0.208115
-18.6804 -0.040444
-18.495 0.127227
-18.3095 0.294899
-18.1241 0.46257
-17.9387 0.630242
-17.7532 0.797913
-17.5678 0.965585
-17.3823 1.13326
-17.1969 1.30093
-17.0115 1.4686
-16.826 1.63627
-16.6406 1.80394
-16.4552 1.97161
-16.2697 2.13929
-16.0843 2.30696
-15.8989 2.47463
-15.7134 2.6423
-15.528 2.80997
-15.3426 2.97764
-15.1571 3.14532
-14.9717 3.31299
-14.7863 3.48066
-14.6008 3.64833
-14.4154 3.816
-14.2299 3.98367
-14.0445 4.15134
-13.8591 4.31902
-13.6736 4.48669
-13.4882 4.65436
-13.3028 4.82203
-13.1173 4.9897
-12.9319 5.15737
-12.7465 5.32505
-12.561 5.49272
-12.561 5.49272
-12.561 5.49272
-12.561 5.49272
-12.561 5.49272
-12.561 5.49272
-12.561 5.49272
-12.561 5.49272
-12.561 5.49272
-12.561 5.49272
-12.561 5.49272
-12.561 5.49272
-12.561 5.49272
-12.561 5.49272
-12.561 5.49272
-12.561 5.49272
-12.561 5.49272
-12.561 5.49272
-12.561 5.49272
-12.561 5.49272
-12.561 5.49272
-12.561 5.49272
-12.561 5.49272
-12.561 5.49272
-12.561 5.49272
-12.561 5.49272
-12.561 5.49272
-12.561 5.49272
-12.561 5.49272
-12.561 5.49272
-12.561 5.49272
-12.561 5.49272
-12.561 5.49272
-12.561 5.49272
-12.561 5.49272
-12.561 5.49272
-12.561 5.49272
-12.561 5.49272
-12.561 5.49272
-12.561 5.49272
-12.561 5.49272
-12.561 5.49272
-12.561 5.49272
-12.561 5.49272
-12.561 5.49272
-12.561 5.49272
-12.561 5.49272
-12.561 5.49272
-12.561 5.49272
-12.561 5.49272
-12.561 5.49272
-12.561 5.49272
-12.561 5.49272
-12.561 5.49272
-12.561 5.49272
-12.561 5.49272
-12.561 5.49272
-12.561 5.49272
-12.561 5.49272
-12.561 5.49272
-12.561 5.49272
-12.561 5.49272
-12.561 5.49272
-12.561 5.49272
-12.561 5.49272
-12.561 5.49272
-12.561 5.49272
-12.561 5.49272
-12.561 5.49272
-12.561 5.49272
-12.561 5.49272
-12.561 5.49272
-12.561 5.49272
-12.561 5.49272
-12.561 5.49272
-12.561 5.49272
-12.561 5.49272
-12.561 5.49272
-12.561 5.49272
-12.561 5.49272
-12.561 5.49272
-12.561 5.49272
-12.561 5.49272
-12.561 5.49272
-12.561 5.49272
-12.561 5.49272
-12.561 5.49272
-12.561 5.49272
-12.561 5.49272
-12.561 5.49272
-12.561 5.49272
-12.561 5.49272
-12.561 5.49272
-12.561 5.49272
-12.561 5.49272
-12.561 5.49272
-12.561 5.49272
-12.561 5.49272
-12.561 5.49272
-12.561 5.49272
-12.561 5.49272
-12.561 5.49272
-12.561 5.49272
-12.561 5.49272
-12.561 5.49272
-12.561 5.49272
-12.561 5.49272
-12.561 5.49272
-12.561 5.49272
-12.561 5.49272
-12.561 5.49272
-12.561 5.49272
-12.561 5.49272
-12.561 5.49272
-12.561 5.49272
-12.561 5.49272
-12.561 5.49272
-12.561 5.49272
-12.561 5.49272
-12.561 5.49272
-12.561 5.49272
-12.561 5.49272
-12.561 5.49272
-12.561 5.49272
-12.561 5.49272
-12.561 5.49272
-12.561 5.49272
-12.561 5.49272
-12.561 5.49272
-12.561 5.49272
-12.561 5.49272
-12.561 5.49272
-12.561 5.49272
-12.561 5.49272
-12.561 5.49272
-12.561 5.49272
-12.561 5.49272
-12.561 5.49272
-12.561 5.49272
-12.561 5.49272
-12.561 5.49272
-12.561 5.49272
-12.561 5.49272
-12.561 5.49272
-12.561 5.49272
-12.561 5.49272
-12.561 5.49272
-12.561 5.49272
-12.561 5.49272
-12.561 5.49272
-12.561 5.49272
-12.561 5.49272
-12.561 5.49272
-12.561 5.49272
-12.561 5.49272
-12.561 5.49272
-12.561 5.49272
-12.561 5.49272
-12.561 5.49272
-12.561 5.49272
-12.561 5.49272
-12.561 5.49272
-12 6