-22 0
-21.7764 -0.0125
-21.5083 -0.0679765
-21.2424 -0.144412
-20.9764 -0.221043
-20.7102 -0.297872
-20.4438 -0.374903
-20.1772 -0.45214
-19.9104 -0.529588
-19.6435 -0.60725
-19.3764 -0.685132
-19.109 -0.763238
-18.8505 -0.857493
-18.604 -0.964497
-18.3754 -1.08206
-18.1565 -1.20267
-17.9375 -1.32329
-17.7185 -1.4439
-17.4995 -1.56451
-17.2805 -1.68513
-17.0616 -1.80574
-16.8426 -1.92635
-16.6236 -2.04697
-16.4046 -2.16758
-16.1856 -2.28819
-15.9666 -2.40881
-15.7477 -2.52942
-15.5287 -2.65003
-15.3097 -2.77065
-15.0907 -2.89126
-14.8717 -3.01188
-14.6528 -3.13249
-14.4338 -3.2531
-14.2148 -3.37372
-13.9958 -3.49433
-13.7768 -3.61494
-13.5579 -3.73556
-13.3389 -3.85617
-13.1199 -3.97678
-12.9009 -4.0974
-12.6819 -4.21801
-12.463 -4.33862
-12.244 -4.45924
-12.025 -4.57985
-11.806 -4.70047
-11.5871 -4.82108
-11.3681 -4.94169
-11.1491 -5.06231
-10.9301 -5.18292
-10.7111 -5.30353
-10.4922 -5.42415
-10.2732 -5.54476
-10.0542 -5.66537
-9.83521 -5.78599
-9.61623 -5.9066
-9.39725 -6.02722
-9.17827 -6.14783
-8.95929 -6.26844
-8.74031 -6.38906
-8.52133 -6.50967
-8.30235 -6.63028
-8.08337 -6.7509
-7.86439 -6.87151
-7.64541 -6.99212
-7.42643 -7.11274
-7.20745 -7.23335
-6.98847 -7.35396
-6.76949 -7.47458
-6.55051 -7.59519
-6.33153 -7.71581
-6.11255 -7.83642
-5.89357 -7.95703
-5.67458 -8.07765
-5.4556 -8.19826
-5.23662 -8.31887
-5.01764 -8.43949
-4.79866 -8.5601
-4.724 -8.53101
-4.72319 -8.52958
-4.72319 -8.52958
-4.72319 -8.52958
-4.72319 -8.52958
-4.72319 -8.52958
-4.72319 -8.52958
-4.72319 -8.52958
-4.72319 -8.52958
-4.72319 -8.52958
-4.72319 -8.52958
-4.72319 -8.52958
-4.72319 -8.52958
-4.72319 -8.52958
-4.72319 -8.52958
-4.72319 -8.52958
-4.72319 -8.52958
-4.72319 -8.52958
-4.72319 -8.52958
-4.72319 -8.52958
-4.72319 -8.52958
-4.72319 -8.52958
-4.72319 -8.52958
-4.72319 -8.52958
-4.72319 -8.52958
-4.72319 -8.52958
-4.72319 -8.52958
-4.72319 -8.52958
-4.72319 -8.52958
-4.72319 -8.52958
-4.72319 -8.52958
-4.72319 -8.52958
-4.72319 -8.52958
-4.72319 -8.52958
-4.72319 -8.52958
-4.72319 -8.52958
-4.72319 -8.52958
-4.72319 -8.52958
-4.72319 -8.52958
-4.72319 -8.52958
-4.72319 -8.52958
-4.72319 -8.52958
-4.72319 -8.52958
-4.72319 -8.52958
-4.72319 -8.52958
-4.72319 -8.52958
-4.72319 -8.52958
-4.72319 -8.52958
-4.72319 -8.52958
-4.72319 -8.52958
-4.72319 -8.52958
-4.72319 -8.52958
-4.72319 -8.52958
-4.72319 -8.52958
-4.72319 -8.52958
-4.72319 -8.52958
-4.72319 -8.52958
-4.72319 -8.52958
-4.72319 -8.52958
-4.72319 -8.52958
-4.72319 -8.52958
-4.72319 -8.52958
-4.72319 -8.52958
-4.72319 -8.52958
-4.72319 -8.52958
-4.72319 -8.52958
-4.72319 -8.52958
-4.72319 -8.52958
-4.72319 -8.52958
-4.72319 -8.52958
-4.72319 -8.52958
-4.72319 -8.52958
-4.72319 -8.52958
-4.72319 -8.52958
-4.72319 -8.52958
-4.72319 -8.52958
-4.72319 -8.52958
-4.72319 -8.52958
-4.72319 -8.52958
-4.72319 -8.52958
-4.72319 -8.52958
-4.72319 -8.52958
-4.72319 -8.52958
-4.72319 -8.52958
-4.72319 -8.52958
-4.72319 -8.52958
-4.72319 -8.52958
-4.72319 -8.52958
-4.72319 -8.52958
-4.72319 -8.52958
-4.72319 -8.52958
-4.72319 -8.52958
-4.72319 -8.52958
-4.72319 -8.52958
-4.72319 -8.52958
-4.72319 -8.52958
-4.72319 -8.52958
-4.72319 -8.52958
-4.72319 -8.52958
-4.72319 -8.52958
-4.72319 -8.52958
-4.72319 -8.52958
-4.72319 -8.52958
-4.72319 -8.52958
-4.72319 -8.52958
-4.72319 -8.52958
-4.72319 -8.52958
-4.72319 -8.52958
-4.72319 -8.52958
-4.72319 -8.52958
-4.72319 -8.52958
-4.72319 -8.52958
-4.72319 -8.52958
-4.72319 -8.52958
-4.72319 -8.52958
-4.72319 -8.52958
-4.72319 -8.52958
-4.72319 -8.52958
-4.72319 -8.52958
-4.72319 -8.52958
-4.72319 -8.52958
-4.72319 -8.52958
-4.72319 -8.52958
-4.72319 -8.52958
-4.72319 -8.52958
-4.72319 -8.52958
-4.72319 -8.52958
-4.72319 -8.52958
-4.72319 -8.52958
-4.72319 -8.52958
-4.72319 -8.52958
-4.72319 -8.52958
-4.72319 -8.52958
-4.72319 -8.52958
-4.72319 -8.52958
-4.72319 -8.52958
-4.72319 -8.52958
-4.72319 -8.52958
-4.72319 -8.52958
-4.72319 -8.52958
-4.72319 -8.52958
-4 -9