23 13
22.7927 12.8603
22.5854 12.7206
22.378 12.5809
22.1707 12.4411
21.9634 12.3014
21.7561 12.1617
21.5488 12.022
21.3415 11.8823
21.1341 11.7426
20.9268 11.6029
20.7195 11.4632
20.5122 11.3234
20.3049 11.1837
20.0976 11.044
19.8902 10.9043
19.6829 10.7646
19.4756 10.6249
19.2683 10.4852
19.061 10.3454
18.8537 10.2057
18.6463 10.066
18.439 9.92631
18.2317 9.78659
18.0244 9.64688
17.8171 9.50717
17.6097 9.36745
17.4024 9.22774
17.1951 9.08803
16.9878 8.94831
16.7805 8.8086
16.5732 8.66889
16.3658 8.52917
16.1585 8.38946
15.9512 8.24975
15.7439 8.11003
15.5366 7.97032
15.3293 7.83061
15.1219 7.6909
14.9146 7.55118
14.7073 7.41147
14.5 7.27176
14.2927 7.13204
14.0854 6.99233
13.878 6.85262
13.6707 6.7129
13.4634 6.57319
13.2561 6.43348
13.0488 6.29376
12.8415 6.15405
12.6341 6.01434
12.4268 5.87462
12.2195 5.73491
12.0122 5.5952
11.8049 5.45548
11.5976 5.31577
11.3903 5.17606
11.1829 5.03634
10.9756 4.89663
10.7683 4.75692
10.561 4.6172
10.3537 4.47749
10.1464 4.33778
9.93904 4.19806
9.73172 4.05835
9.5244 3.91864
9.31709 3.77892
9.10977 3.63921
8.90245 3.4995
8.69514 3.35978
8.48782 3.22007
8.2805 3.08035
8.07319 2.94064
7.86587 2.80093
7.65856 2.66121
7.45124 2.5215
7.24392 2.38179
7.03661 2.24207
6.82929 2.10236
6.62197 1.96265
6.41466 1.82293
6.20734 1.68322
6.00002 1.54351
5.79271 1.40379
5.58539 1.26408
5.37807 1.12437
5.17076 0.984653
4.96344 0.84494
4.75613 0.705226
4.54881 0.565513
4.34149 0.425799
4.13418 0.286086
3.92686 0.146372
3.71954 0.00665906
3.51223 -0.133054
3.30491 -0.272768
3.09759 -0.412481
2.89028 -0.552195
2.68296 -0.691908
2.47564 -0.831621
2.26833 -0.971335
2.06101 -1.11105
1.85369 -1.25076
1.64638 -1.39048
1.43906 -1.53019
1.23174 -1.6699
1.02443 -1.80962
0.81711 -1.94933
0.609794 -2.08904
0.402477 -2.22876
0.195161 -2.36847
-0.0121558 -2.50818
-0.219472 -2.6479
-0.426789 -2.78761
-0.634106 -2.92732
-0.841422 -3.06704
-1.04874 -3.20675
-1.25606 -3.34646
-1.46337 -3.48618
-1.67069 -3.62589
-1.878 -3.7656
-2.08532 -3.90532
-2.29264 -4.04503
-2.49995 -4.18474
-2.70727 -4.32446
-2.91459 -4.46417
-3.1219 -4.60388
-3.32922 -4.7436
-3.53654 -4.88331
-3.74385 -5.02302
-3.95117 -5.16274
-4.15849 -5.30245
-4.3658 -5.44216
-4.57312 -5.58188
-4.78044 -5.72159
-4.98775 -5.8613
-5.19507 -6.00102
-5.40239 -6.14073
-5.6097 -6.28044
-5.81702 -6.42016
-6.02434 -6.55987
-6.23165 -6.69958
-6.43897 -6.8393
-6.64628 -6.97901
-6.8536 -7.11872
-7.06092 -7.25844
-7.26823 -7.39815
-7.47555 -7.53786
-7.68287 -7.67758
-7.89018 -7.81729
-8.0975 -7.957
-8.30482 -8.09672
-8.51213 -8.23643
-8.71945 -8.37614
-8.92677 -8.51586
-9.13408 -8.65557
-9.3414 -8.79528
-9.54871 -8.935
-9.75603 -9.07471
-9.96335 -9.21442
-10.1707 -9.35414
-10.378 -9.49385
-10.5853 -9.63356
-10.7926 -9.77328
-10.9999 -9.91299
-11.2072 -10.0527
-11.4146 -10.1924
-11.6219 -10.3321
-11.8292 -10.4718
-12.0365 -10.6116
-12.2438 -10.7513
-12.4511 -10.891
-12.6585 -11.0307
-12.8658 -11.1704
-13.0731 -11.3101
-13.2804 -11.4498
-13.4877 -11.5895
-13.695 -11.7293
-13.9024 -11.869
-14.1097 -12.0087
-14.317 -12.1484
-14.5243 -12.2881
-14.7316 -12.4278
-14.9389 -12.5675
-15.1463 -12.7073
-15.3536 -12.847
-15.5609 -12.9867
-15.7682 -13.1264
-15.9755 -13.2661
-16.1828 -13.4058
-16.3902 -13.5455
-16.5975 -13.6852
-16.8048 -13.825
-17.0121 -13.9647
-17.2194 -14.1044
-17.4267 -14.2441
-17.6341 -14.3838
-17.8414 -14.5235
-18.0487 -14.6632
-18.256 -14.803
-18.4633 -14.9427
-18.6706 -15.0824
-18.878 -15.2221
-19.0853 -15.3618
-19.2926 -15.5015
-19.4999 -15.6412
-19.7072 -15.7809
-19.9145 -15.9207
-20.1219 -16.0604
-20.3292 -16.2001
-20.5365 -16.3398
-20.7438 -16.4795
-20.9511 -16.6192
-21.1584 -16.7589
-21.3658 -16.8987
-21.5731 -17.0384
-21.7804 -17.1781
-21.9877 -17.3178
-23 -18