3.09017 9.51057
2.57728 7.93206
2.16697 6.66927
1.8387 5.65897
1.57611 4.8509
1.36596 4.20426
1.19783 3.68705
1.06326 3.2733
0.955517 2.94232
0.869224 2.67757
0.800067 2.46582
0.744602 2.29645
0.700072 2.16101
0.664278 2.05272
0.635459 1.96614
0.61221 1.89694
0.593409 1.84164
0.578158 1.79747
0.565742 1.76221
0.555589 1.73406
0.547243 1.71162
0.540338 1.69374
0.534583 1.6795
0.529748 1.66819
0.525645 1.65921
0.522128 1.6521
0.519077 1.64649
0.516399 1.64207
0.514019 1.63862
0.511875 1.63592
0.509921 1.63384
0.508118 1.63225
0.506436 1.63105
0.504849 1.63017
0.503339 1.62953
0.501891 1.6291
0.500491 1.62883
0.499129 1.62868
0.497799 1.62864
0.496493 1.62867
0.495207 1.62878
0.493937 1.62893
0.492679 1.62913
0.491431 1.62936
0.49019 1.62961
0.488956 1.62989
0.487727 1.63018
0.486501 1.63049
0.485279 1.63081
0.484058 1.63113
0.48284 1.63146
0.481623 1.6318
0.480407 1.63213
0.479192 1.63248
0.477978 1.63282
0.476763 1.63316
0.47555 1.63351
0.474336 1.63386
0.473122 1.6342
0.471909 1.63455
0.470695 1.6349
0.469482 1.63524
0.468268 1.63559
0.467055 1.63594
0.465841 1.63628
0.464627 1.63663
0.463413 1.63697
0.462198 1.63732
0.460983 1.63766
0.459768 1.638
0.458553 1.63834
0.457338 1.63868
0.456122 1.63902
0.454906 1.63936
0.45369 1.6397
0.452473 1.64003
0.451256 1.64037
0.450039 1.6407
0.448822 1.64104
0.447605 1.64137
0.446387 1.6417
0.445169 1.64203
0.443951 1.64236
0.442732 1.64269
0.441513 1.64302
0.440295 1.64335
0.439075 1.64367
0.437856 1.644
0.436636 1.64432
0.435416 1.64465
0.434196 1.64497
0.432976 1.64529
0.431755 1.64561
0.430534 1.64593
0.429313 1.64625
0.428092 1.64657
0.42687 1.64689
0.425649 1.64721
0.424427 1.64752
0.423204 1.64784
0.421982 1.64815
0.420759 1.64846
0.419536 1.64878
0.418313 1.64909
0.41709 1.6494
0.415866 1.64971
0.414642 1.65001
0.413418 1.65032
0.412194 1.65063
0.41097 1.65093
0.409745 1.65124
0.40852 1.65154
0.407295 1.65185
0.406069 1.65215
0.404844 1.65245
0.403618 1.65275
0.402392 1.65305
0.401165 1.65335
0.399939 1.65365
0.398712 1.65394
0.397485 1.65424
0.396258 1.65453
0.39503 1.65483
0.393803 1.65512
0.392575 1.65541
0.391347 1.6557
0.390119 1.656
0.38889 1.65628
0.387661 1.65657
0.386433 1.65686
0.385204 1.65715
0.383974 1.65743
0.382745 1.65772
0.381515 1.658
0.380285 1.65829
0.379055 1.65857
0.377825 1.65885
0.376594 1.65913
0.375363 1.65941
0.374132 1.65969
0.372901 1.65997
0.37167 1.66024
0.370438 1.66052
0.369206 1.66079
0.367974 1.66107
0.366742 1.66134
0.36551 1.66161
0.364277 1.66189
0.363045 1.66216
0.361812 1.66243
0.360578 1.66269
0.359345 1.66296
0.358111 1.66323
0.356878 1.66349
0.355644 1.66376
0.35441 1.66402
0.353175 1.66429
0.351941 1.66455
0.350706 1.66481
0.349471 1.66507
0.348236 1.66533
0.347001 1.66559
0.345765 1.66585
0.344529 1.6661
0.343293 1.66636
0.342057 1.66662
0.340821 1.66687
0.339585 1.66712
0.338348 1.66738
0.337111 1.66763
0.335874 1.66788
0.334637 1.66813
0.3334 1.66838
0.332162 1.66862
0.330925 1.66887
0.329687 1.66912
0.328449 1.66936
0.32721 1.66961
0.325972 1.66985
0.324733 1.67009
0.323494 1.67033
0.322256 1.67057
0.321016 1.67081
0.319777 1.67105
0.318538 1.67129
0.317298 1.67153
0.316058 1.67176
0.314818 1.672
0.313578 1.67223
0.312338 1.67246
0.311097 1.6727
0.309856 1.67293
0.308615 1.67316
0.307374 1.67339
0.306133 1.67362
0.304892 1.67384
0.30365 1.67407
0.302409 1.6743
0.301167 1.67452
0.299925 1.67475
0.298683 1.67497
0.29744 1.67519
0.296198 1.67541
0.294955 1.67563
0.293712 1.67585
0.292469 1.67607
0.291226 1.67629
0.289983 1.6765
0.288739 1.67672
0.287495 1.67693
0.286252 1.67715
0.285008 1.67736
0.283764 1.67757
0.282519 1.67779
0.281275 1.678
0.28003 1.67821
0.278786 1.67841
0.277541 1.67862
0.276296 1.67883
0.27505 1.67903
0.273805 1.67924
0.27256 1.67944
0.271314 1.67965
0.270068 1.67985
0.268822 1.68005
0.267576 1.68025
0.26633 1.68045
0.265084 1.68065
0.263837 1.68084
0.26259 1.68104
0.261344 1.68124
0.260097 1.68143
0.25885 1.68162
0.257602 1.68182
0.256355 1.68201
0.255108 1.6822
0.25386 1.68239
0.252612 1.68258
0.251364 1.68277
0.250116 1.68296
0.248868 1.68314
0.24762 1.68333
0.246371 1.68351
0.245122 1.6837
0.243874 1.68388
0.242625 1.68406
0.241376 1.68424
0.240127 1.68442
0.238878 1.6846
0.237628 1.68478
0.236379 1.68496
0.235129 1.68513
0.233879 1.68531
0.232629 1.68548
0.231379 1.68566
0.230129 1.68583
0.228879 1.686
0.227628 1.68617
0.226378 1.68634
0.225127 1.68651
0.223876 1.68668
0.222625 1.68684
0.221374 1.68701
0.220123 1.68718
0.218872 1.68734
0.217621 1.6875
0.216369 1.68767
0.215117 1.68783
0.213866 1.68799
0.212614 1.68815
0.211362 1.68831
0.21011 1.68846
0.208857 1.68862
0.207605 1.68878
0.206353 1.68893
0.2051 1.68909
0.203847 1.68924
0.202595 1.68939
0.201342 1.68954
0.200089 1.6897
0.198836 1.68984
0.197582 1.68999
0.196329 1.69014
0.195076 1.69029
0.193822 1.69043
0.192568 1.69058
0.191315 1.69072
0.190061 1.69087
0.188807 1.69101
0.187553 1.69115
0.186299 1.69129
0.185044 1.69143
0.18379 1.69157
0.182535 1.69171
0.181281 1.69184
0.180026 1.69198
0.178771 1.69211
0.177517 1.69225
0.176262 1.69238
0.175007 1.69251
0.173751 1.69264
0.172496 1.69277
0.171241 1.6929
0.169985 1.69303
0.16873 1.69316
0.167474 1.69328
0.166219 1.69341
0.164963 1.69353
0.163707 1.69366
0.162451 1.69378
0.161195 1.6939
0.159938 1.69402
0.158682 1.69414
0.157426 1.69426
0.156169 1.69438
0.154913 1.6945
0.153656 1.69462
0.1524 1.69473
0.151143 1.69485
0.149886 1.69496
0.148629 1.69507
0.147372 1.69518
0.146115 1.69529
0.144858 1.6954
0.143601 1.69551
0.142343 1.69562
0.141086 1.69573
0.139828 1.69583
0.138571 1.69594
0.137313 1.69604
0.136055 1.69615
0.134798 1.69625
0.13354 1.69635
0.132282 1.69645
0.131024 1.69655
0.129766 1.69665
0.128508 1.69675
0.127249 1.69684
0.125991 1.69694
0.124733 1.69704
0.123474 1.69713
0.122216 1.69722
0.120957 1.69732
0.119699 1.69741
0.11844 1.6975
0.117181 1.69759
0.115922 1.69767
0.114663 1.69776
0.113404 1.69785
0.112145 1.69794
0.110886 1.69802
0.109627 1.6981
0.108368 1.69819
0.107109 1.69827
0.105849 1.69835
0.10459 1.69843
0.10333 1.69851
0.102071 1.69859
0.100811 1.69867
0.0995518 1.69874
0.0982922 1.69882
0.0970324 1.69889
0.0957726 1.69897
0.0945129 1.69904
0.093253 1.69911
0.0919931 1.69918
0.0907331 1.69925
0.089473 1.69932
0.088213 1.69939
0.0869528 1.69946
0.0856927 1.69952
0.0844325 1.69959
0.0831722 1.69965
0.0819119 1.69972
0.0806516 1.69978
0.0793911 1.69984
0.0781306 1.6999
0.0768702 1.69996
0.0756096 1.70002
0.0743491 1.70008
0.0730884 1.70013
0.0718278 1.70019
0.0705671 1.70025
0.0693064 1.7003
0.0680457 1.70035
0.0667849 1.70041
0.065524 1.70046
0.0642632 1.70051
0.0630023 1.70056
0.0617413 1.70061
0.0604803 1.70065
0.0592193 1.7007
0.0579582 1.70075
0.0566971 1.70079
0.055436 1.70083
0.0541749 1.70088
0.0529137 1.70092
0.0516525 1.70096
0.0503913 1.701
0.04913 1.70104
0.0478688 1.70108
0.0466074 1.70112
0.0453461 1.70115
0.0440847 1.70119
0.0428232 1.70122
0.0415619 1.70126
0.0403003 1.70129
0.0390389 1.70132
0.0377775 1.70135
0.036516 1.70138
0.0352544 1.70141
0.0339927 1.70144
0.0327312 1.70147
0.0314697 1.7015
0.030208 1.70152
0.0289464 1.70154
0.0276848 1.70157
0.0264231 1.70159
0.0251614 1.70161
0.0238998 1.70163
0.0226381 1.70165
0.0213764 1.70167
0.0201146 1.70169
0.0188528 1.70171
0.0175911 1.70172
0.0163294 1.70174
0.0150676 1.70175
0.0138059 1.70177
0.0125441 1.70178
0.0112823 1.70179
0.0100205 1.7018
0.00875875 1.70181
0.0074969 1.70182
0.00623504 1.70183
0.00497327 1.70183
0.00371148 1.70184
0.00244963 1.70185
0.00118774 1.70185
-7.39923e-05 1.70185
-0.00133587 1.70185
-0.00259777 1.70186
-0.00385948 1.70186
-0.00512128 1.70186
-0.0063832 1.70185
-0.00764507 1.70185
-0.00890686 1.70185
-0.0101686 1.70184
-0.0114305 1.70184
-0.0126923 1.70183
-0.0139541 1.70183
-0.0152159 1.70182
-0.0164776 1.70181
-0.0177394 1.7018
-0.0190012 1.70179
-0.0202629 1.70178
-0.0215247 1.70176
-0.0227864 1.70175
-0.0240481 1.70174
-0.0253099 1.70172
-0.0265716 1.7017
-0.0278331 1.70169
-0.0290948 1.70167
-0.0303565 1.70165
-0.0316181 1.70163
-0.0328797 1.70161
-0.0341414 1.70159
-0.0354029 1.70156
-0.0366645 1.70154
-0.0379261 1.70152
-0.0391876 1.70149
-0.0404491 1.70146
-0.0417106 1.70144
-0.0429721 1.70141
-0.0442335 1.70138
-0.0454949 1.70135
-0.0467563 1.70132
-0.0480177 1.70128
-0.0492789 1.70125
-0.0505403 1.70122
-0.0518016 1.70118
-0.0530629 1.70115
-0.0543241 1.70111
-0.0555854 1.70107
-0.0568465 1.70103
-0.0581076 1.70099
-0.0593687 1.70095
-0.0606299 1.70091
-0.0618909 1.70087
-0.0631519 1.70083
-0.0644129 1.70078
-0.0656739 1.70074
-0.0669349 1.70069
-0.0681958 1.70064
-0.0694565 1.7006
-0.0707173 1.70055
-0.0719782 1.7005
-0.0732389 1.70045
-0.0744996 1.70039
-0.0757602 1.70034
-0.0770207 1.70029
-0.0782814 1.70023
-0.0795418 1.70018
-0.0808024 1.70012
-0.0820629 1.70007
-0.0833232 1.70001
-0.0845835 1.69995
-0.0858439 1.69989
-0.0871041 1.69983
-0.0883643 1.69977
-0.0896245 1.6997
-0.0908847 1.69964
-0.0921448 1.69957
-0.0934048 1.69951
-0.0946649 1.69944
-0.0959247 1.69937
-0.0971846 1.69931
-0.0984444 1.69924
-0.0997041 1.69917
-0.100964 1.6991
-0.102224 1.69902
-0.103483 1.69895
-0.104743 1.69888
-0.106002 1.6988
-0.107262 1.69873
-0.108521 1.69865
-0.10978 1.69857
-0.111039 1.69849
-0.112299 1.69841
-0.113558 1.69833
-0.114817 1.69825
-0.116076 1.69817
-0.117335 1.69809
-0.118594 1.698
-0.119852 1.69792
-0.121111 1.69783
-0.12237 1.69774
-0.123628 1.69766
-0.124887 1.69757
-0.126146 1.69748
-0.127404 1.69739
-0.128662 1.6973
-0.129921 1.6972
-0.131179 1.69711
-0.132437 1.69702
-0.133695 1.69692
-0.134953 1.69683
-0.136211 1.69673
-0.137469 1.69663
-0.138727 1.69653
-0.139984 1.69643
-0.141242 1.69633
-0.1425 1.69623
-0.143757 1.69613
-0.145014 1.69602
-0.146272 1.69592
-0.147529 1.69581
-0.148786 1.69571
-0.150043 1.6956
-0.1513 1.69549
-0.152557 1.69538
-0.153814 1.69527
-0.155071 1.69516
-0.156328 1.69505
-0.157584 1.69494
-0.158841 1.69482
-0.160097 1.69471
-0.161353 1.69459
-0.16261 1.69448
-0.163866 1.69436
-0.165122 1.69424
-0.166378 1.69412
-0.167634 1.694
-0.16889 1.69388
-0.170145 1.69376
-0.171401 1.69363
-0.172656 1.69351
-0.173912 1.69339
-0.175167 1.69326
-0.176422 1.69313
-0.177678 1.69301
-0.178933 1.69288
-0.180188 1.69275
-0.181442 1.69262
-0.182697 1.69249
-0.183952 1.69235
-0.185207 1.69222
-0.186461 1.69209
-0.187715 1.69195
-0.18897 1.69182
-0.190224 1.69168
-0.191478 1.69154
-0.192732 1.6914
-0.193986 1.69126
-0.195239 1.69112
-0.196493 1.69098
-0.197747 1.69084
-0.199 1.69069
-0.200253 1.69055
-0.201507 1.69041
-0.20276 1.69026
-0.204013 1.69011
-0.205266 1.68996
-0.206518 1.68982
-0.207771 1.68967
-0.209024 1.68952
-0.210276 1.68936
-0.211528 1.68921
-0.21278 1.68906
-0.214033 1.6889
-0.215284 1.68875
-0.216536 1.68859
-0.217788 1.68843
-0.21904 1.68828
-0.220291 1.68812
-0.221543 1.68796
-0.222794 1.6878
-0.224045 1.68764
-0.225296 1.68747
-0.226547 1.68731
-0.227798 1.68714
-0.229048 1.68698
-0.230299 1.68681
-0.231549 1.68665
-0.2328 1.68648
-0.23405 1.68631
-0.2353 1.68614
-0.23655 1.68597
-0.2378 1.6858
-0.239049 1.68562
-0.240299 1.68545
-0.241548 1.68527
-0.242797 1.6851
-0.244046 1.68492
-0.245295 1.68475
-0.246544 1.68457
-0.247793 1.68439
-0.249042 1.68421
-0.25029 1.68403
-0.251538 1.68384
-0.252786 1.68366
-0.254035 1.68348
-0.255282 1.68329
-0.25653 1.68311
-0.257778 1.68292
-0.259025 1.68273
-0.260273 1.68254
-0.26152 1.68236
-0.262767 1.68217
-0.264014 1.68197
-0.265261 1.68178
-0.266507 1.68159
-0.267754 1.6814
-0.269 1.6812
-0.270247 1.681
-0.271493 1.68081
-0.272738 1.68061
-0.273984 1.68041
-0.27523 1.68021
-0.276475 1.68001
-0.277721 1.67981
-0.278966 1.67961
-0.280211 1.67941
-0.281456 1.6792
-0.2827 1.679
-0.283945 1.67879
-0.285189 1.67858
-0.286434 1.67838
-0.287678 1.67817
-0.288922 1.67796
-0.290165 1.67775
-0.291409 1.67754
-0.292652 1.67732
-0.293896 1.67711
-0.295139 1.6769
-0.296382 1.67668
-0.297625 1.67647
-0.298867 1.67625
-0.30011 1.67603
-0.301352 1.67581
-0.302595 1.67559
-0.303837 1.67537
-0.305078 1.67515
-0.30632 1.67493
-0.307562 1.67471
-0.308803 1.67448
-0.310044 1.67426
-0.311285 1.67403
-0.312526 1.6738
-0.313767 1.67358
-0.315007 1.67335
-0.316248 1.67312
-0.317488 1.67289
-0.318728 1.67266
-0.319968 1.67242
-0.321207 1.67219
-0.322447 1.67196
-0.323686 1.67172
-0.324925 1.67149
-0.326164 1.67125
-0.327403 1.67101
-0.328642 1.67077
-0.32988 1.67053
-0.331118 1.67029
-0.332356 1.67005
-0.333594 1.66981
-0.334832 1.66957
-0.336069 1.66932
-0.337307 1.66908
-0.338544 1.66883
-0.339781 1.66858
-0.341018 1.66834
-0.342254 1.66809
-0.343491 1.66784
-0.344727 1.66759
-0.345963 1.66733
-0.347199 1.66708
-0.348435 1.66683
-0.34967 1.66657
-0.350905 1.66632
-0.35214 1.66606
-0.353375 1.66581
-0.35461 1.66555
-0.355845 1.66529
-0.357079 1.66503
-0.358313 1.66477
-0.359547 1.66451
-0.360781 1.66425
-0.362014 1.66398
-0.363248 1.66372
-0.364481 1.66345
-0.365714 1.66319
-0.366947 1.66292
-0.368179 1.66265
-0.369412 1.66238
-0.370644 1.66211
-0.371876 1.66184
-0.373108 1.66157
-0.374339 1.6613
-0.37557 1.66103
-0.376802 1.66075
-0.378033 1.66048
-0.379263 1.6602
-0.380494 1.65992
-0.381724 1.65965
-0.382954 1.65937
-0.384184 1.65909
-0.385414 1.65881
-0.386644 1.65853
-0.387873 1.65824
-0.389102 1.65796
-0.390331 1.65768
-0.391559 1.65739
-0.392788 1.65711
-0.394016 1.65682
-0.395244 1.65653
-0.396472 1.65624
-0.3977 1.65595
-0.398927 1.65566
-0.400154 1.65537
-0.401381 1.65508
-0.402608 1.65479
-0.403834 1.65449
-0.405061 1.6542
-0.406287 1.6539
-0.407513 1.6536
-0.408738 1.65331
-0.409964 1.65301
-0.411189 1.65271
-0.412414 1.65241
-0.413639 1.65211
-0.414863 1.6518
-0.416087 1.6515
-0.417311 1.6512
-0.418535 1.65089
-0.419759 1.65059
-0.420982 1.65028
-0.422205 1.64997
-0.423428 1.64966
-0.424651 1.64935
-0.425873 1.64904
-0.427096 1.64873
-0.428318 1.64842
-0.429539 1.64811
-0.430761 1.64779
-0.431982 1.64748
-0.433203 1.64716
-0.434424 1.64685
-0.435645 1.64653
-0.436865 1.64621
-0.438085 1.64589
-0.439305 1.64557
-0.440525 1.64525
-0.441744 1.64493
-0.442964 1.64461
-0.444183 1.64428
-0.445401 1.64396
-0.44662 1.64363
-0.447838 1.64331
-0.449056 1.64298
-0.450274 1.64265
-0.451491 1.64232
-0.452708 1.64199
-0.453925 1.64166
-0.455142 1.64133
-0.456359 1.641
-0.457575 1.64066
-0.458791 1.64033
-0.460007 1.63999
-0.461222 1.63966
-0.462437 1.63932
-0.463652 1.63898
-0.464867 1.63864
-0.466082 1.6383
-0.467296 1.63796
-0.46851 1.63762
-0.469724 1.63728
-0.470937 1.63693
-0.47215 1.63659
-0.473363 1.63624
-0.474576 1.6359
-0.475788 1.63555
-0.477001 1.6352
-0.478213 1.63485
-0.479424 1.6345
-0.480636 1.63415
-0.481847 1.6338
-0.483058 1.63345
-0.484269 1.6331
-0.485479 1.63274
-0.486689 1.63239
-0.487899 1.63203
-0.489108 1.63167
-0.490318 1.63132
-0.491527 1.63096
-0.492736 1.6306
-0.493944 1.63024
-0.495152 1.62988
-0.49636 1.62952
-0.497568 1.62915
-0.498775 1.62879
-0.499983 1.62842
-0.50119 1.62806
-0.502396 1.62769
-0.503603 1.62732
-0.504809 1.62696
-0.506014 1.62659
-0.50722 1.62622
-0.508425 1.62584
-0.50963 1.62547
-0.510835 1.6251
-0.512039 1.62473
-0.513244 1.62435
-0.514447 1.62398
-0.515651 1.6236
-0.516854 1.62322
-0.518057 1.62284
-0.51926 1.62247
-0.520463 1.62209
-0.521665 1.6217
-0.522867 1.62132
-0.524068 1.62094
-0.52527 1.62056
-0.526471 1.62017
-0.527672 1.61979
-0.528872 1.6194
-0.530072 1.61901
-0.531272 1.61863
-0.532472 1.61824
-0.533671 1.61785
-0.53487 1.61746
-0.536069 1.61707
-0.537267 1.61667
-0.538466 1.61628
-0.539663 1.61589
-0.540861 1.61549
-0.542058 1.6151
-0.543255 1.6147
-0.544452 1.6143
-0.545649 1.6139
-0.546845 1.6135
-0.54804 1.6131
-0.549236 1.6127
-0.550431 1.6123
-0.551626 1.6119
-0.552821 1.61149
-0.554015 1.61109
-0.555209 1.61068
-0.556403 1.61028
-0.557596 1.60987
-0.558789 1.60946
-0.559982 1.60905
-0.561175 1.60864
-0.562367 1.60823
-0.563559 1.60782
-0.56475 1.60741
-0.565942 1.607
-0.567133 1.60658
-0.568323 1.60617
-0.569514 1.60575
-0.570704 1.60533
-0.571894 1.60492
-0.573083 1.6045
-0.574272 1.60408
-0.575461 1.60366
-0.576649 1.60324
-0.577838 1.60281
-0.579026 1.60239
-0.580213 1.60197
-0.5814 1.60154
-0.582587 1.60112
-0.583774 1.60069
-0.58496 1.60026
-0.586146 1.59983
-0.587332 1.59941
-0.588517 1.59898
-0.589702 1.59854
-0.590887 1.59811
-0.592071 1.59768
-0.593255 1.59725
-0.594439 1.59681
-0.595623 1.59638
-0.596806 1.59594
-0.597988 1.5955
-0.599171 1.59507
-0.600353 1.59463
-0.601535 1.59419
-0.602716 1.59375
-0.603897 1.59331
-0.605078 1.59286
-0.606259 1.59242
-0.607439 1.59198
-0.608619 1.59153
-0.609798 1.59109
-0.610977 1.59064
-0.612156 1.59019
-0.613335 1.58974
-0.614513 1.5893
-0.615691 1.58885
-0.616868 1.58839
-0.618046 1.58794
-0.619222 1.58749
-0.620399 1.58704
-0.621575 1.58658
-0.622751 1.58613
-0.623927 1.58567
-0.625102 1.58521
-0.626276 1.58476
-0.627451 1.5843
-0.628625 1.58384
-0.629799 1.58338
-0.630972 1.58292
-0.632145 1.58246
-0.633318 1.58199
-0.634491 1.58153
-0.635663 1.58106
-0.636834 1.5806
-0.638006 1.58013
-0.639177 1.57966
-0.640347 1.5792
-0.641518 1.57873
-0.642688 1.57826
-0.643857 1.57779
-0.645027 1.57732
-0.646196 1.57684
-0.647364 1.57637
-0.648532 1.5759
-0.6497 1.57542
-0.650868 1.57494
-0.652035 1.57447
-0.653202 1.57399
-0.654369 1.57351
-0.655535 1.57303
-0.6567 1.57255
-0.657866 1.57207
-0.659031 1.57159
-0.660196 1.57111
-0.66136 1.57062
-0.662524 1.57014
-0.663688 1.56965
-0.664851 1.56917
-0.666014 1.56868
-0.667176 1.56819
-0.668339 1.5677
-0.6695 1.56721
-0.670662 1.56672
-0.671823 1.56623
-0.672984 1.56574
-0.674144 1.56525
-0.675304 1.56475
-0.676463 1.56426
-0.677623 1.56376
-0.678782 1.56327
-0.67994 1.56277
-0.681098 1.56227
-0.682256 1.56177
-0.683414 1.56127
-0.684571 1.56077
-0.685727 1.56027
-0.686884 1.55977
-0.68804 1.55927
-0.689195 1.55876
-0.69035 1.55826
-0.691505 1.55775
-0.692659 1.55724
-0.693814 1.55674
-0.694967 1.55623
-0.696121 1.55572
-0.697273 1.55521
-0.698426 1.5547
-0.699578 1.55419
-0.70073 1.55367
-0.701881 1.55316
-0.703032 1.55265
-0.704183 1.55213
-0.705333 1.55162
-0.706483 1.5511
-0.707633 1.55058
-0.708782 1.55006
-0.70993 1.54954
-0.711079 1.54902
-0.712227 1.5485
-0.713374 1.54798
-0.714521 1.54746
-0.715668 1.54693
-0.716815 1.54641
-0.717961 1.54588
-0.719106 1.54536
-0.720252 1.54483
-0.721396 1.5443
-0.722541 1.54377
-0.723685 1.54325
-0.724829 1.54272
-0.725972 1.54218
-0.727115 1.54165
-0.728257 1.54112
-0.729399 1.54059
-0.730541 1.54005
-0.731682 1.53952
-0.732823 1.53898
-0.733964 1.53844
-0.735104 1.5379
-0.736244 1.53737
-0.737383 1.53683
-0.738522 1.53629
-0.73966 1.53575
-0.740798 1.5352
-0.741936 1.53466
-0.743073 1.53412
-0.74421 1.53357
-0.745347 1.53303
-0.746483 1.53248
-0.747619 1.53193
-0.748754 1.53139
-0.749889 1.53084
-0.751023 1.53029
-0.752158 1.52974
-0.753291 1.52919
-0.754424 1.52863
-0.755557 1.52808
-0.75669 1.52753
-0.757822 1.52697
-0.758953 1.52642
-0.760085 1.52586
-0.761215 1.5253
-0.762346 1.52475
-0.763476 1.52419
-0.764605 1.52363
-0.765734 1.52307
-0.766863 1.52251
-0.767991 1.52194
-0.769119 1.52138
-0.770247 1.52082
-0.771374 1.52025
-0.7725 1.51969
-0.773626 1.51912
-0.774752 1.51855
-0.775878 1.51799
-0.777003 1.51742
-0.778127 1.51685
-0.779251 1.51628
-0.780375 1.51571
-0.781498 1.51514
-0.782621 1.51456
-0.783743 1.51399
-0.784865 1.51341
-0.785987 1.51284
-0.787108 1.51226
-0.788229 1.51169
-0.789349 1.51111
-0.790469 1.51053
-0.791588 1.50995
-0.792707 1.50937
-0.793826 1.50879
-0.794944 1.50821
-0.796062 1.50762
-0.797179 1.50704
-0.798296 1.50646
-0.799412 1.50587
-0.800528 1.50529
-0.801644 1.5047
-0.802759 1.50411
-0.803873 1.50352
-0.804988 1.50293
-0.806101 1.50234
-0.807215 1.50175
-0.808328 1.50116
-0.80944 1.50057
-0.810552 1.49998
-0.811664 1.49938
-0.812775 1.49879
-0.813886 1.49819
-0.814996 1.49759
-0.816106 1.497
-0.817215 1.4964
-0.818324 1.4958
-0.819432 1.4952
-0.82054 1.4946
-0.821648 1.494
-0.822755 1.49339
-0.823862 1.49279
-0.824968 1.49219
-0.826074 1.49158
-0.827179 1.49098
-0.828284 1.49037
-0.829389 1.48976
-0.830493 1.48916
-0.831596 1.48855
-0.832699 1.48794
-0.833802 1.48733
-0.834904 1.48672
-0.836006 1.4861
-0.837107 1.48549
-0.838208 1.48488
-0.839309 1.48426
-0.840409 1.48365
-0.841508 1.48303
-0.842607 1.48241
-0.843706 1.4818
-0.844804 1.48118
-0.845902 1.48056
-0.846999 1.47994
-0.848096 1.47932
-0.849192 1.4787
-0.850288 1.47807
-0.851383 1.47745
-0.852478 1.47683
-0.853572 1.4762
-0.854666 1.47558
-0.85576 1.47495
-0.856853 1.47432
-0.857945 1.47369
-0.859037 1.47306
-0.860129 1.47243
-0.86122 1.4718
-0.862311 1.47117
-0.863401 1.47054
-0.864491 1.46991
-0.86558 1.46927
-0.866669 1.46864
-0.867758 1.468
-0.868845 1.46737
-0.869933 1.46673
-0.87102 1.46609
-0.872106 1.46545
-0.873192 1.46481
-0.874278 1.46417
-0.875363 1.46353
-0.876447 1.46289
-0.877532 1.46225
-0.878615 1.46161
-0.879698 1.46096
-0.880781 1.46032
-0.881863 1.45967
-0.882945 1.45902
-0.884026 1.45838
-0.885107 1.45773
-0.886187 1.45708
-0.887267 1.45643
-0.888346 1.45578
-0.889425 1.45513
-0.890503 1.45448
-0.891581 1.45382
-0.892659 1.45317
-0.893736 1.45251
-0.894812 1.45186
-0.895888 1.4512
-0.896963 1.45055
-0.898038 1.44989
-0.899113 1.44923
-0.900187 1.44857
-0.90126 1.44791
-0.902333 1.44725
-0.903406 1.44659
-0.904478 1.44593
-0.905549 1.44526
-0.90662 1.4446
-0.907691 1.44393
-0.908761 1.44327
-0.909831 1.4426
-0.9109 1.44193
-0.911968 1.44127
-0.913036 1.4406
-0.914104 1.43993
-0.915171 1.43926
-0.916238 1.43859
-0.917304 1.43792
-0.918369 1.43724
-0.919434 1.43657
-0.920499 1.4359
-0.921563 1.43522
-0.922627 1.43454
-0.92369 1.43387
-0.924752 1.43319
-0.925815 1.43251
-0.926876 1.43183
-0.927937 1.43115
-0.928998 1.43047
-0.930058 1.42979
-0.931117 1.42911
-0.932177 1.42843
-0.933235 1.42774
-0.934293 1.42706
-0.935351 1.42637
-0.936408 1.42569
-0.937464 1.425
-0.93852 1.42431
-0.939576 1.42363
-0.940631 1.42294
-0.941685 1.42225
-0.942739 1.42156
-0.943793 1.42087
-0.944846 1.42017
-0.945898 1.41948
-0.94695 1.41879
-0.948002 1.41809
-0.949053 1.4174
-0.950103 1.4167
-0.951153 1.41601
-0.952202 1.41531
-0.953251 1.41461
-0.954299 1.41391
-0.955347 1.41321
-0.956394 1.41251
-0.957441 1.41181
-0.958488 1.41111
-0.959533 1.4104
-0.960578 1.4097
-0.961623 1.409
-0.962667 1.40829
-0.963711 1.40758
-0.964754 1.40688
-0.965797 1.40617
-0.966839 1.40546
-0.96788 1.40475
-0.968921 1.40404
-0.969962 1.40333
-0.971002 1.40262
-0.972041 1.40191
-0.97308 1.4012
-0.974119 1.40048
-0.975156 1.39977
-0.976194 1.39905
-0.977231 1.39834
-0.978267 1.39762
-0.979303 1.3969
-0.980338 1.39618
-0.981373 1.39547
-0.982407 1.39475
-0.98344 1.39403
-0.984473 1.3933
-0.985506 1.39258
-0.986538 1.39186
-0.987569 1.39114
-0.9886 1.39041
-0.989631 1.38969
-0.990661 1.38896
-0.99169 1.38823
-0.992719 1.38751
-0.993747 1.38678
-0.994775 1.38605
-0.995802 1.38532
-0.996829 1.38459
-0.997855 1.38386
-0.99888 1.38313
-0.999905 1.3824
-1.00093 1.38166
-1.00195 1.38093
-1.00298 1.38019
-1.004 1.37946
-1.00502 1.37872
-1.00604 1.37798
-1.00707 1.37725
-1.00809 1.37651
-1.00911 1.37577
-1.01013 1.37503
-1.01114 1.37429
-1.01216 1.37355
-1.01318 1.3728
-1.0142 1.37206
-1.01522 1.37132
-1.01623 1.37057
-1.01725 1.36983
-1.01826 1.36908
-1.01928 1.36833
-1.02029 1.36759
-1.0213 1.36684
-1.02232 1.36609
-1.02333 1.36534
-1.02434 1.36459
-1.02535 1.36384
-1.02636 1.36308
-1.02737 1.36233
-1.02838 1.36158
-1.02939 1.36082
-1.0304 1.36007
-1.03141 1.35931
-1.03242 1.35856
-1.03342 1.3578
-1.03443 1.35704
-1.03544 1.35628
-1.03644 1.35552
-1.03744 1.35476
-1.03845 1.354
-1.03945 1.35324
-1.04045 1.35248
-1.04146 1.35171
-1.04246 1.35095
-1.04346 1.35019
-1.04446 1.34942
-1.04546 1.34866
-1.04646 1.34789
-1.04746 1.34712
-1.04846 1.34635
-1.04946 1.34558
-1.05045 1.34481
-1.05145 1.34404
-1.05245 1.34327
-1.05344 1.3425
-1.05444 1.34173
-1.05543 1.34095
-1.05642 1.34018
-1.05742 1.33941
-1.05841 1.33863
-1.0594 1.33785
-1.06039 1.33708
-1.06138 1.3363
-1.06237 1.33552
-1.06336 1.33474
-1.06435 1.33396
-1.06534 1.33318
-1.06633 1.3324
-1.06732 1.33162
-1.0683 1.33083
-1.06929 1.33005
-1.07028 1.32927
-1.07126 1.32848
-1.07225 1.32769
-1.07323 1.32691
-1.07421 1.32612
-1.0752 1.32533
-1.07618 1.32454
-1.07716 1.32376
-1.07814 1.32297
-1.07912 1.32217
-1.0801 1.32138
-1.08108 1.32059
-1.08206 1.3198
-1.08304 1.319
-1.08402 1.31821
-1.08499 1.31741
-1.08597 1.31662
-1.08694 1.31582
-1.08792 1.31502
-1.08889 1.31423
-1.08987 1.31343
-1.09084 1.31263
-1.09181 1.31183
-1.09279 1.31103
-1.09376 1.31023
-1.09473 1.30942
-1.0957 1.30862
-1.09667 1.30782
-1.09764 1.30701
-1.09861 1.30621
-1.09958 1.3054
-1.10054 1.30459
-1.10151 1.30379
-1.10248 1.30298
-1.10344 1.30217
-1.10441 1.30136
-1.10537 1.30055
-1.10633 1.29974
-1.1073 1.29893
-1.10826 1.29812
-1.10922 1.2973
-1.11018 1.29649
-1.11115 1.29568
-1.11211 1.29486
-1.11307 1.29404
-1.11402 1.29323
-1.11498 1.29241
-1.11594 1.29159
-1.1169 1.29077
-1.11785 1.28996
-1.11881 1.28914
-1.11977 1.28831
-1.12072 1.28749
-1.12167 1.28667
-1.12263 1.28585
-1.12358 1.28503
-1.12453 1.2842
-1.12549 1.28338
-1.12644 1.28255
-1.12739 1.28172
-1.12834 1.2809
-1.12929 1.28007
-1.13023 1.27924
-1.13118 1.27841
-1.13213 1.27758
-1.13308 1.27675
-1.13402 1.27592
-1.13497 1.27509
-1.13591 1.27426
-1.13686 1.27342
-1.1378 1.27259
-1.13875 1.27175
-1.13969 1.27092
-1.14063 1.27008
-1.14157 1.26925
-1.14251 1.26841
-1.14345 1.26757
-1.14439 1.26673
-1.14533 1.26589
-1.14627 1.26505
-1.14721 1.26421
-1.14814 1.26337
-1.14908 1.26253
-1.15002 1.26168
-1.15095 1.26084
-1.15188 1.26
-1.15282 1.25915
-1.15375 1.25831
-1.15468 1.25746
-1.15562 1.25661
-1.15655 1.25577
-1.15748 1.25492
-1.15841 1.25407
-1.15934 1.25322
-1.16027 1.25237
-1.1612 1.25152
-1.16212 1.25066
-1.16305 1.24981
-1.16398 1.24896
-1.1649 1.2481
-1.16583 1.24725
-1.16675 1.24639
-1.16767 1.24554
-1.1686 1.24468
-1.16952 1.24383
-1.17044 1.24297
-1.17136 1.24211
-1.17228 1.24125
-1.1732 1.24039
-1.17412 1.23953
-1.17504 1.23867
-1.17596 1.23781
-1.17688 1.23694
-1.17779 1.23608
-1.17871 1.23522
-1.17963 1.23435
-1.18054 1.23349
-1.18146 1.23262
-1.18237 1.23175
-1.18328 1.23089
-1.18419 1.23002
-1.18511 1.22915
-1.18602 1.22828
-1.18693 1.22741
-1.18784 1.22654
-1.18992 1.22587
-1.20266 1.22411
-1.30974 1.22616
-1.69963 1.20774
-2.78853 0.465621
-3.10949 -1.49746
-3.10467 -3.49746
-3.09985 -5.49745
-3.09502 -7.49745
-3.0902 -9.49744
-3.09017 -9.51057