-8.09017 -5.87785
-6.74741 -4.90228
-5.67321 -4.12183
-4.81385 -3.49745
-4.12634 -2.998
-3.57634 -2.59842
-3.1363 -2.2788
-2.78424 -2.02316
-2.50254 -1.81872
-2.27712 -1.65525
-2.09671 -1.52458
-1.95229 -1.42016
-1.83666 -1.33675
-1.74406 -1.27017
-1.66986 -1.21706
-1.61038 -1.17474
-1.56268 -1.14105
-1.52439 -1.11428
-1.49362 -1.09304
-1.46887 -1.07623
-1.44893 -1.06297
-1.43284 -1.05256
-1.41983 -1.04442
-1.40927 -1.03811
-1.40069 -1.03325
-1.39367 -1.02956
-1.38791 -1.02681
-1.38315 -1.02481
-1.3792 -1.0234
-1.37589 -1.02248
-1.3731 -1.02194
-1.37071 -1.02171
-1.36865 -1.02172
-1.36686 -1.02193
-1.36527 -1.0223
-1.36385 -1.0228
-1.36257 -1.0234
-1.36139 -1.02407
-1.36029 -1.02481
-1.35927 -1.02561
-1.35829 -1.02644
-1.35736 -1.02731
-1.35647 -1.0282
-1.3556 -1.02912
-1.35476 -1.03005
-1.35393 -1.03099
-1.35311 -1.03195
-1.35231 -1.03291
-1.35151 -1.03388
-1.35072 -1.03485
-1.34994 -1.03583
-1.34916 -1.03681
-1.34838 -1.0378
-1.34761 -1.03878
-1.34684 -1.03977
-1.34606 -1.04076
-1.34529 -1.04175
-1.34452 -1.04274
-1.34375 -1.04372
-1.34298 -1.04471
-1.34221 -1.0457
-1.34144 -1.04669
-1.34067 -1.04768
-1.3399 -1.04867
-1.33913 -1.04966
-1.33836 -1.05065
-1.33759 -1.05163
-1.33681 -1.05262
-1.33604 -1.05361
-1.33526 -1.05459
-1.33449 -1.05558
-1.33371 -1.05656
-1.33294 -1.05755
-1.33216 -1.05853
-1.33138 -1.05951
-1.3306 -1.0605
-1.32982 -1.06148
-1.32904 -1.06246
-1.32826 -1.06344
-1.32748 -1.06442
-1.3267 -1.0654
-1.32591 -1.06638
-1.32513 -1.06736
-1.32434 -1.06833
-1.32356 -1.06931
-1.32277 -1.07029
-1.32199 -1.07126
-1.3212 -1.07224
-1.32041 -1.07321
-1.31962 -1.07419
-1.31883 -1.07516
-1.31804 -1.07613
-1.31725 -1.07711
-1.31646 -1.07808
-1.31567 -1.07905
-1.31487 -1.08002
-1.31408 -1.08099
-1.31328 -1.08196
-1.31249 -1.08293
-1.31169 -1.0839
-1.31089 -1.08486
-1.3101 -1.08583
-1.3093 -1.0868
-1.3085 -1.08776
-1.3077 -1.08873
-1.3069 -1.08969
-1.3061 -1.09066
-1.3053 -1.09162
-1.30449 -1.09258
-1.30369 -1.09355
-1.30289 -1.09451
-1.30208 -1.09547
-1.30128 -1.09643
-1.30047 -1.09739
-1.29966 -1.09835
-1.29886 -1.09931
-1.29805 -1.10026
-1.29724 -1.10122
-1.29643 -1.10218
-1.29562 -1.10314
-1.29481 -1.10409
-1.29399 -1.10505
-1.29318 -1.106
-1.29237 -1.10695
-1.29155 -1.10791
-1.29074 -1.10886
-1.28992 -1.10981
-1.28911 -1.11076
-1.28829 -1.11171
-1.28747 -1.11266
-1.28666 -1.11361
-1.28584 -1.11456
-1.28502 -1.11551
-1.2842 -1.11646
-1.28338 -1.11741
-1.28255 -1.11835
-1.28173 -1.1193
-1.28091 -1.12024
-1.28009 -1.12119
-1.27926 -1.12213
-1.27844 -1.12308
-1.27761 -1.12402
-1.27678 -1.12496
-1.27596 -1.1259
-1.27513 -1.12685
-1.2743 -1.12779
-1.27347 -1.12873
-1.27264 -1.12966
-1.27181 -1.1306
-1.27098 -1.13154
-1.27015 -1.13248
-1.26931 -1.13342
-1.26848 -1.13435
-1.26765 -1.13529
-1.26681 -1.13622
-1.26597 -1.13716
-1.26514 -1.13809
-1.2643 -1.13902
-1.26346 -1.13996
-1.26263 -1.14089
-1.26179 -1.14182
-1.26095 -1.14275
-1.26011 -1.14368
-1.25927 -1.14461
-1.25842 -1.14554
-1.25758 -1.14646
-1.25674 -1.14739
-1.25589 -1.14832
-1.25505 -1.14924
-1.2542 -1.15017
-1.25336 -1.1511
-1.25251 -1.15202
-1.25166 -1.15294
-1.25082 -1.15387
-1.24997 -1.15479
-1.24912 -1.15571
-1.24827 -1.15663
-1.24742 -1.15755
-1.24657 -1.15847
-1.24571 -1.15939
-1.24486 -1.16031
-1.24401 -1.16123
-1.24315 -1.16214
-1.2423 -1.16306
-1.24144 -1.16398
-1.24059 -1.16489
-1.23973 -1.16581
-1.23887 -1.16672
-1.23802 -1.16763
-1.23716 -1.16855
-1.2363 -1.16946
-1.23544 -1.17037
-1.23458 -1.17128
-1.23371 -1.17219
-1.23285 -1.1731
-1.23199 -1.17401
-1.23113 -1.17492
-1.23026 -1.17583
-1.2294 -1.17673
-1.22853 -1.17764
-1.22766 -1.17855
-1.2268 -1.17945
-1.22593 -1.18036
-1.22506 -1.18126
-1.22419 -1.18216
-1.22332 -1.18307
-1.22245 -1.18397
-1.22158 -1.18487
-1.22071 -1.18577
-1.21984 -1.18667
-1.21897 -1.18757
-1.21809 -1.18847
-1.21722 -1.18937
-1.21634 -1.19026
-1.21547 -1.19116
-1.21459 -1.19206
-1.21371 -1.19295
-1.21284 -1.19385
-1.21196 -1.19474
-1.21108 -1.19563
-1.2102 -1.19653
-1.20932 -1.19742
-1.20844 -1.19831
-1.20756 -1.1992
-1.20668 -1.20009
-1.20579 -1.20098
-1.20491 -1.20187
-1.20403 -1.20276
-1.20314 -1.20365
-1.20226 -1.20453
-1.20137 -1.20542
-1.20048 -1.2063
-1.19959 -1.20719
-1.19871 -1.20807
-1.19782 -1.20896
-1.19693 -1.20984
-1.19604 -1.21072
-1.19515 -1.2116
-1.19426 -1.21248
-1.19336 -1.21336
-1.19247 -1.21424
-1.19158 -1.21512
-1.19068 -1.216
-1.18979 -1.21688
-1.18889 -1.21776
-1.188 -1.21863
-1.1871 -1.21951
-1.18621 -1.22038
-1.18531 -1.22126
-1.18441 -1.22213
-1.18351 -1.223
-1.18261 -1.22388
-1.18171 -1.22475
-1.18081 -1.22562
-1.17991 -1.22649
-1.179 -1.22736
-1.1781 -1.22823
-1.1772 -1.2291
-1.17629 -1.22996
-1.17539 -1.23083
-1.17448 -1.2317
-1.17358 -1.23256
-1.17267 -1.23343
-1.17176 -1.23429
-1.17086 -1.23516
-1.16995 -1.23602
-1.16904 -1.23688
-1.16813 -1.23774
-1.16722 -1.2386
-1.16631 -1.23946
-1.16539 -1.24032
-1.16448 -1.24118
-1.16357 -1.24204
-1.16265 -1.2429
-1.16174 -1.24375
-1.16082 -1.24461
-1.15991 -1.24547
-1.15899 -1.24632
-1.15807 -1.24718
-1.15716 -1.24803
-1.15624 -1.24888
-1.15532 -1.24973
-1.1544 -1.25058
-1.15348 -1.25144
-1.15256 -1.25229
-1.15164 -1.25313
-1.15072 -1.25398
-1.14979 -1.25483
-1.14887 -1.25568
-1.14795 -1.25652
-1.14702 -1.25737
-1.1461 -1.25822
-1.14517 -1.25906
-1.14424 -1.2599
-1.14332 -1.26075
-1.14239 -1.26159
-1.14146 -1.26243
-1.14053 -1.26327
-1.1396 -1.26411
-1.13867 -1.26495
-1.13774 -1.26579
-1.13681 -1.26663
-1.13588 -1.26747
-1.13495 -1.2683
-1.13401 -1.26914
-1.13308 -1.26998
-1.13214 -1.27081
-1.13121 -1.27165
-1.13027 -1.27248
-1.12934 -1.27331
-1.1284 -1.27414
-1.12746 -1.27497
-1.12652 -1.27581
-1.12559 -1.27664
-1.12465 -1.27746
-1.12371 -1.27829
-1.12277 -1.27912
-1.12182 -1.27995
-1.12088 -1.28077
-1.11994 -1.2816
-1.119 -1.28243
-1.11805 -1.28325
-1.11711 -1.28407
-1.11616 -1.2849
-1.11522 -1.28572
-1.11427 -1.28654
-1.11333 -1.28736
-1.11238 -1.28818
-1.11143 -1.289
-1.11048 -1.28982
-1.10953 -1.29064
-1.10858 -1.29145
-1.10763 -1.29227
-1.10668 -1.29309
-1.10573 -1.2939
-1.10478 -1.29472
-1.10383 -1.29553
-1.10287 -1.29634
-1.10192 -1.29716
-1.10096 -1.29797
-1.10001 -1.29878
-1.09905 -1.29959
-1.0981 -1.3004
-1.09714 -1.30121
-1.09618 -1.30202
-1.09522 -1.30282
-1.09426 -1.30363
-1.09331 -1.30444
-1.09235 -1.30524
-1.09139 -1.30605
-1.09042 -1.30685
-1.08946 -1.30765
-1.0885 -1.30845
-1.08754 -1.30926
-1.08657 -1.31006
-1.08561 -1.31086
-1.08464 -1.31166
-1.08368 -1.31246
-1.08271 -1.31325
-1.08175 -1.31405
-1.08078 -1.31485
-1.07981 -1.31564
-1.07884 -1.31644
-1.07788 -1.31723
-1.07691 -1.31803
-1.07594 -1.31882
-1.07497 -1.31961
-1.07399 -1.32041
-1.07302 -1.3212
-1.07205 -1.32199
-1.07108 -1.32278
-1.0701 -1.32356
-1.06913 -1.32435
-1.06815 -1.32514
-1.06718 -1.32593
-1.0662 -1.32671
-1.06523 -1.3275
-1.06425 -1.32828
-1.06327 -1.32907
-1.06229 -1.32985
-1.06132 -1.33063
-1.06034 -1.33141
-1.05936 -1.33219
-1.05838 -1.33297
-1.05739 -1.33375
-1.05641 -1.33453
-1.05543 -1.33531
-1.05445 -1.33609
-1.05346 -1.33686
-1.05248 -1.33764
-1.0515 -1.33841
-1.05051 -1.33919
-1.04953 -1.33996
-1.04854 -1.34073
-1.04755 -1.34151
-1.04657 -1.34228
-1.04558 -1.34305
-1.04459 -1.34382
-1.0436 -1.34459
-1.04261 -1.34535
-1.04162 -1.34612
-1.04063 -1.34689
-1.03964 -1.34765
-1.03865 -1.34842
-1.03765 -1.34919
-1.03666 -1.34995
-1.03567 -1.35071
-1.03467 -1.35147
-1.03368 -1.35224
-1.03268 -1.353
-1.03169 -1.35376
-1.03069 -1.35452
-1.02969 -1.35528
-1.0287 -1.35603
-1.0277 -1.35679
-1.0267 -1.35755
-1.0257 -1.3583
-1.0247 -1.35906
-1.0237 -1.35981
-1.0227 -1.36057
-1.0217 -1.36132
-1.0207 -1.36207
-1.01969 -1.36282
-1.01869 -1.36357
-1.01769 -1.36432
-1.01668 -1.36507
-1.01568 -1.36582
-1.01467 -1.36657
-1.01367 -1.36731
-1.01266 -1.36806
-1.01165 -1.36881
-1.01064 -1.36955
-1.00964 -1.37029
-1.00863 -1.37104
-1.00762 -1.37178
-1.00661 -1.37252
-1.0056 -1.37326
-1.00459 -1.374
-1.00358 -1.37474
-1.00256 -1.37548
-1.00155 -1.37622
-1.00054 -1.37696
-0.999526 -1.37769
-0.998512 -1.37843
-0.997497 -1.37916
-0.996482 -1.3799
-0.995466 -1.38063
-0.99445 -1.38136
-0.993433 -1.38209
-0.992415 -1.38283
-0.991398 -1.38356
-0.990379 -1.38429
-0.98936 -1.38501
-0.988341 -1.38574
-0.987321 -1.38647
-0.9863 -1.3872
-0.985279 -1.38792
-0.984257 -1.38865
-0.983235 -1.38937
-0.982212 -1.39009
-0.981189 -1.39082
-0.980165 -1.39154
-0.979141 -1.39226
-0.978116 -1.39298
-0.97709 -1.3937
-0.976064 -1.39442
-0.975038 -1.39514
-0.974011 -1.39586
-0.972983 -1.39657
-0.971955 -1.39729
-0.970927 -1.398
-0.969898 -1.39872
-0.968868 -1.39943
-0.967838 -1.40014
-0.966807 -1.40086
-0.965776 -1.40157
-0.964744 -1.40228
-0.963712 -1.40299
-0.962679 -1.4037
-0.961646 -1.4044
-0.960612 -1.40511
-0.959577 -1.40582
-0.958543 -1.40652
-0.957507 -1.40723
-0.956471 -1.40793
-0.955435 -1.40864
-0.954398 -1.40934
-0.95336 -1.41004
-0.952322 -1.41074
-0.951284 -1.41144
-0.950245 -1.41214
-0.949205 -1.41284
-0.948165 -1.41354
-0.947124 -1.41424
-0.946083 -1.41494
-0.945042 -1.41563
-0.944 -1.41633
-0.942957 -1.41702
-0.941914 -1.41771
-0.94087 -1.41841
-0.939826 -1.4191
-0.938781 -1.41979
-0.937736 -1.42048
-0.93669 -1.42117
-0.935644 -1.42186
-0.934597 -1.42255
-0.93355 -1.42324
-0.932502 -1.42392
-0.931454 -1.42461
-0.930405 -1.42529
-0.929356 -1.42598
-0.928306 -1.42666
-0.927255 -1.42734
-0.926205 -1.42803
-0.925153 -1.42871
-0.924102 -1.42939
-0.923049 -1.43007
-0.921996 -1.43075
-0.920943 -1.43142
-0.919889 -1.4321
-0.918835 -1.43278
-0.91778 -1.43345
-0.916725 -1.43413
-0.915669 -1.4348
-0.914613 -1.43548
-0.913556 -1.43615
-0.912498 -1.43682
-0.91144 -1.43749
-0.910382 -1.43816
-0.909323 -1.43883
-0.908264 -1.4395
-0.907204 -1.44017
-0.906144 -1.44083
-0.905083 -1.4415
-0.904022 -1.44217
-0.90296 -1.44283
-0.901898 -1.44349
-0.900835 -1.44416
-0.899772 -1.44482
-0.898708 -1.44548
-0.897644 -1.44614
-0.896579 -1.4468
-0.895514 -1.44746
-0.894448 -1.44812
-0.893382 -1.44878
-0.892316 -1.44943
-0.891248 -1.45009
-0.890181 -1.45074
-0.889113 -1.4514
-0.888044 -1.45205
-0.886975 -1.45271
-0.885905 -1.45336
-0.884835 -1.45401
-0.883765 -1.45466
-0.882694 -1.45531
-0.881622 -1.45596
-0.88055 -1.45661
-0.879478 -1.45725
-0.878405 -1.4579
-0.877332 -1.45855
-0.876258 -1.45919
-0.875183 -1.45983
-0.874109 -1.46048
-0.873033 -1.46112
-0.871958 -1.46176
-0.870881 -1.4624
-0.869805 -1.46304
-0.868728 -1.46368
-0.86765 -1.46432
-0.866572 -1.46496
-0.865493 -1.46559
-0.864414 -1.46623
-0.863334 -1.46687
-0.862254 -1.4675
-0.861174 -1.46813
-0.860093 -1.46877
-0.859012 -1.4694
-0.857929 -1.47003
-0.856847 -1.47066
-0.855764 -1.47129
-0.854681 -1.47192
-0.853597 -1.47255
-0.852513 -1.47317
-0.851428 -1.4738
-0.850343 -1.47443
-0.849258 -1.47505
-0.848171 -1.47568
-0.847085 -1.4763
-0.845998 -1.47692
-0.84491 -1.47754
-0.843822 -1.47816
-0.842734 -1.47878
-0.841645 -1.4794
-0.840556 -1.48002
-0.839466 -1.48064
-0.838376 -1.48126
-0.837285 -1.48187
-0.836194 -1.48249
-0.835103 -1.4831
-0.834011 -1.48371
-0.832918 -1.48433
-0.831825 -1.48494
-0.830732 -1.48555
-0.829638 -1.48616
-0.828544 -1.48677
-0.827449 -1.48738
-0.826354 -1.48799
-0.825258 -1.48859
-0.824162 -1.4892
-0.823066 -1.48981
-0.821969 -1.49041
-0.820871 -1.49101
-0.819773 -1.49162
-0.818675 -1.49222
-0.817576 -1.49282
-0.816477 -1.49342
-0.815377 -1.49402
-0.814277 -1.49462
-0.813177 -1.49522
-0.812076 -1.49581
-0.810974 -1.49641
-0.809873 -1.49701
-0.80877 -1.4976
-0.807667 -1.4982
-0.806564 -1.49879
-0.805461 -1.49938
-0.804357 -1.49997
-0.803252 -1.50056
-0.802147 -1.50115
-0.801042 -1.50174
-0.799936 -1.50233
-0.79883 -1.50292
-0.797723 -1.5035
-0.796616 -1.50409
-0.795508 -1.50467
-0.7944 -1.50526
-0.793292 -1.50584
-0.792183 -1.50642
-0.791074 -1.50701
-0.789964 -1.50759
-0.788854 -1.50817
-0.787743 -1.50875
-0.786632 -1.50932
-0.785521 -1.5099
-0.784409 -1.51048
-0.783297 -1.51105
-0.782184 -1.51163
-0.781071 -1.5122
-0.779958 -1.51278
-0.778844 -1.51335
-0.777729 -1.51392
-0.776614 -1.51449
-0.775499 -1.51506
-0.774384 -1.51563
-0.773267 -1.5162
-0.772151 -1.51677
-0.771034 -1.51733
-0.769917 -1.5179
-0.768799 -1.51847
-0.767681 -1.51903
-0.766562 -1.51959
-0.765443 -1.52016
-0.764324 -1.52072
-0.763204 -1.52128
-0.762084 -1.52184
-0.760963 -1.5224
-0.759842 -1.52296
-0.758721 -1.52351
-0.757599 -1.52407
-0.756476 -1.52463
-0.755354 -1.52518
-0.754231 -1.52574
-0.753107 -1.52629
-0.751983 -1.52684
-0.750859 -1.52739
-0.749734 -1.52795
-0.748609 -1.5285
-0.747483 -1.52905
-0.746357 -1.52959
-0.745231 -1.53014
-0.744104 -1.53069
-0.742977 -1.53123
-0.741849 -1.53178
-0.740721 -1.53232
-0.739593 -1.53287
-0.738464 -1.53341
-0.737335 -1.53395
-0.736205 -1.53449
-0.735075 -1.53503
-0.733945 -1.53557
-0.732814 -1.53611
-0.731683 -1.53665
-0.730551 -1.53718
-0.729419 -1.53772
-0.728287 -1.53826
-0.727154 -1.53879
-0.726021 -1.53932
-0.724887 -1.53986
-0.723753 -1.54039
-0.722619 -1.54092
-0.721484 -1.54145
-0.720349 -1.54198
-0.719214 -1.54251
-0.718078 -1.54303
-0.716941 -1.54356
-0.715805 -1.54409
-0.714667 -1.54461
-0.71353 -1.54514
-0.712392 -1.54566
-0.711254 -1.54618
-0.710115 -1.5467
-0.708976 -1.54722
-0.707837 -1.54774
-0.706697 -1.54826
-0.705557 -1.54878
-0.704416 -1.5493
-0.703275 -1.54981
-0.702134 -1.55033
-0.700992 -1.55084
-0.69985 -1.55136
-0.698708 -1.55187
-0.697565 -1.55238
-0.696422 -1.5529
-0.695278 -1.55341
-0.694134 -1.55392
-0.692989 -1.55442
-0.691845 -1.55493
-0.6907 -1.55544
-0.689554 -1.55595
-0.688408 -1.55645
-0.687262 -1.55696
-0.686115 -1.55746
-0.684968 -1.55796
-0.683821 -1.55847
-0.682673 -1.55897
-0.681525 -1.55947
-0.680377 -1.55997
-0.679228 -1.56047
-0.678079 -1.56096
-0.676929 -1.56146
-0.675779 -1.56196
-0.674629 -1.56245
-0.673478 -1.56295
-0.672327 -1.56344
-0.671176 -1.56393
-0.670024 -1.56442
-0.668872 -1.56491
-0.667719 -1.56541
-0.666567 -1.56589
-0.665413 -1.56638
-0.66426 -1.56687
-0.663106 -1.56736
-0.661952 -1.56784
-0.660797 -1.56833
-0.659642 -1.56881
-0.658486 -1.5693
-0.657331 -1.56978
-0.656175 -1.57026
-0.655018 -1.57074
-0.653861 -1.57122
-0.652704 -1.5717
-0.651547 -1.57218
-0.650389 -1.57265
-0.649231 -1.57313
-0.648072 -1.57361
-0.646913 -1.57408
-0.645754 -1.57455
-0.644594 -1.57503
-0.643434 -1.5755
-0.642274 -1.57597
-0.641113 -1.57644
-0.639952 -1.57691
-0.638791 -1.57738
-0.637629 -1.57785
-0.636467 -1.57831
-0.635305 -1.57878
-0.634142 -1.57925
-0.632979 -1.57971
-0.631815 -1.58017
-0.630652 -1.58064
-0.629488 -1.5811
-0.628323 -1.58156
-0.627158 -1.58202
-0.625993 -1.58248
-0.624828 -1.58294
-0.623662 -1.58339
-0.622496 -1.58385
-0.621329 -1.58431
-0.620162 -1.58476
-0.618995 -1.58522
-0.617828 -1.58567
-0.61666 -1.58612
-0.615492 -1.58657
-0.614323 -1.58702
-0.613154 -1.58747
-0.611985 -1.58792
-0.610816 -1.58837
-0.609646 -1.58882
-0.608476 -1.58926
-0.607305 -1.58971
-0.606135 -1.59015
-0.604963 -1.5906
-0.603792 -1.59104
-0.60262 -1.59148
-0.601448 -1.59192
-0.600276 -1.59236
-0.599103 -1.5928
-0.59793 -1.59324
-0.596756 -1.59368
-0.595582 -1.59411
-0.594408 -1.59455
-0.593234 -1.59498
-0.592059 -1.59542
-0.590884 -1.59585
-0.589709 -1.59628
-0.588533 -1.59671
-0.587357 -1.59715
-0.586181 -1.59758
-0.585004 -1.598
-0.583827 -1.59843
-0.58265 -1.59886
-0.581472 -1.59929
-0.580295 -1.59971
-0.579116 -1.60013
-0.577938 -1.60056
-0.576759 -1.60098
-0.57558 -1.6014
-0.5744 -1.60182
-0.573221 -1.60224
-0.57204 -1.60266
-0.57086 -1.60308
-0.569679 -1.6035
-0.568498 -1.60392
-0.567317 -1.60433
-0.566135 -1.60475
-0.564954 -1.60516
-0.563771 -1.60557
-0.562589 -1.60598
-0.561406 -1.6064
-0.560223 -1.60681
-0.559039 -1.60722
-0.557856 -1.60762
-0.556672 -1.60803
-0.555487 -1.60844
-0.554303 -1.60885
-0.553118 -1.60925
-0.551932 -1.60965
-0.550747 -1.61006
-0.549561 -1.61046
-0.548375 -1.61086
-0.547188 -1.61126
-0.546002 -1.61166
-0.544815 -1.61206
-0.543627 -1.61246
-0.54244 -1.61286
-0.541252 -1.61325
-0.540063 -1.61365
-0.538875 -1.61404
-0.537686 -1.61444
-0.536497 -1.61483
-0.535308 -1.61522
-0.534118 -1.61561
-0.532928 -1.616
-0.531738 -1.61639
-0.530547 -1.61678
-0.529356 -1.61717
-0.528165 -1.61756
-0.526974 -1.61794
-0.525782 -1.61833
-0.52459 -1.61871
-0.523398 -1.61909
-0.522205 -1.61948
-0.521013 -1.61986
-0.519819 -1.62024
-0.518626 -1.62062
-0.517432 -1.621
-0.516239 -1.62137
-0.515044 -1.62175
-0.51385 -1.62213
-0.512655 -1.6225
-0.51146 -1.62288
-0.510265 -1.62325
-0.509069 -1.62362
-0.507873 -1.62399
-0.506677 -1.62436
-0.505481 -1.62473
-0.504284 -1.6251
-0.503087 -1.62547
-0.50189 -1.62584
-0.500692 -1.6262
-0.499495 -1.62657
-0.498297 -1.62693
-0.497098 -1.6273
-0.4959 -1.62766
-0.494701 -1.62802
-0.493502 -1.62838
-0.492302 -1.62874
-0.491102 -1.6291
-0.489902 -1.62946
-0.488702 -1.62982
-0.487502 -1.63017
-0.486301 -1.63053
-0.4851 -1.63088
-0.483899 -1.63124
-0.482697 -1.63159
-0.481496 -1.63194
-0.480294 -1.63229
-0.479091 -1.63264
-0.477889 -1.63299
-0.476686 -1.63334
-0.475483 -1.63369
-0.47428 -1.63404
-0.473076 -1.63438
-0.471872 -1.63473
-0.470668 -1.63507
-0.469464 -1.63541
-0.468259 -1.63576
-0.467054 -1.6361
-0.465849 -1.63644
-0.464644 -1.63678
-0.463438 -1.63712
-0.462232 -1.63745
-0.461026 -1.63779
-0.45982 -1.63813
-0.458613 -1.63846
-0.457407 -1.6388
-0.456199 -1.63913
-0.454992 -1.63946
-0.453785 -1.63979
-0.452577 -1.64012
-0.451369 -1.64045
-0.45016 -1.64078
-0.448952 -1.64111
-0.447743 -1.64144
-0.446534 -1.64176
-0.445325 -1.64209
-0.444115 -1.64241
-0.442905 -1.64274
-0.441695 -1.64306
-0.440485 -1.64338
-0.439275 -1.6437
-0.438064 -1.64402
-0.436853 -1.64434
-0.435642 -1.64466
-0.43443 -1.64497
-0.433219 -1.64529
-0.432007 -1.64561
-0.430795 -1.64592
-0.429582 -1.64623
-0.42837 -1.64655
-0.427157 -1.64686
-0.425944 -1.64717
-0.424731 -1.64748
-0.423517 -1.64779
-0.422303 -1.6481
-0.421089 -1.6484
-0.419875 -1.64871
-0.418661 -1.64902
-0.417446 -1.64932
-0.416231 -1.64962
-0.415016 -1.64993
-0.413801 -1.65023
-0.412585 -1.65053
-0.41137 -1.65083
-0.410154 -1.65113
-0.408937 -1.65143
-0.407721 -1.65172
-0.406504 -1.65202
-0.405287 -1.65232
-0.40407 -1.65261
-0.402853 -1.6529
-0.401635 -1.6532
-0.400418 -1.65349
-0.3992 -1.65378
-0.397982 -1.65407
-0.396763 -1.65436
-0.395545 -1.65465
-0.394326 -1.65493
-0.393107 -1.65522
-0.391887 -1.65551
-0.390668 -1.65579
-0.389448 -1.65607
-0.388229 -1.65636
-0.387008 -1.65664
-0.385788 -1.65692
-0.384568 -1.6572
-0.383347 -1.65748
-0.382126 -1.65776
-0.380905 -1.65804
-0.379684 -1.65831
-0.378462 -1.65859
-0.37724 -1.65886
-0.376018 -1.65914
-0.374796 -1.65941
-0.373574 -1.65968
-0.372351 -1.65995
-0.371129 -1.66022
-0.369906 -1.66049
-0.368683 -1.66076
-0.367459 -1.66103
-0.366236 -1.66129
-0.365012 -1.66156
-0.363788 -1.66182
-0.362564 -1.66209
-0.36134 -1.66235
-0.360115 -1.66261
-0.35889 -1.66287
-0.357666 -1.66313
-0.35644 -1.66339
-0.355215 -1.66365
-0.35399 -1.66391
-0.352764 -1.66417
-0.351538 -1.66442
-0.350312 -1.66468
-0.349086 -1.66493
-0.34786 -1.66518
-0.346633 -1.66544
-0.345406 -1.66569
-0.344179 -1.66594
-0.342952 -1.66619
-0.341725 -1.66643
-0.340497 -1.66668
-0.339269 -1.66693
-0.338042 -1.66717
-0.336814 -1.66742
-0.335585 -1.66766
-0.334357 -1.66791
-0.333128 -1.66815
-0.331899 -1.66839
-0.33067 -1.66863
-0.329441 -1.66887
-0.328212 -1.66911
-0.326982 -1.66934
-0.325753 -1.66958
-0.324523 -1.66982
-0.323293 -1.67005
-0.322063 -1.67028
-0.320832 -1.67052
-0.319602 -1.67075
-0.318371 -1.67098
-0.31714 -1.67121
-0.315909 -1.67144
-0.314678 -1.67167
-0.313447 -1.6719
-0.312215 -1.67212
-0.310983 -1.67235
-0.309751 -1.67257
-0.308519 -1.6728
-0.307287 -1.67302
-0.306055 -1.67324
-0.304822 -1.67346
-0.303589 -1.67368
-0.302356 -1.6739
-0.301123 -1.67412
-0.29989 -1.67434
-0.298657 -1.67455
-0.297423 -1.67477
-0.29619 -1.67498
-0.294956 -1.6752
-0.293722 -1.67541
-0.292488 -1.67562
-0.291253 -1.67583
-0.290019 -1.67604
-0.288784 -1.67625
-0.28755 -1.67646
-0.286315 -1.67667
-0.28508 -1.67687
-0.283844 -1.67708
-0.282609 -1.67728
-0.281373 -1.67749
-0.280138 -1.67769
-0.278902 -1.67789
-0.277666 -1.67809
-0.27643 -1.67829
-0.275193 -1.67849
-0.273957 -1.67869
-0.27272 -1.67889
-0.271484 -1.67908
-0.270247 -1.67928
-0.26901 -1.67947
-0.267773 -1.67967
-0.266535 -1.67986
-0.265298 -1.68005
-0.26406 -1.68024
-0.262823 -1.68043
-0.261585 -1.68062
-0.260347 -1.68081
-0.259109 -1.681
-0.25787 -1.68118
-0.256632 -1.68137
-0.255393 -1.68155
-0.254155 -1.68174
-0.252916 -1.68192
-0.251677 -1.6821
-0.250438 -1.68228
-0.249199 -1.68246
-0.247959 -1.68264
-0.24672 -1.68282
-0.24548 -1.68299
-0.24424 -1.68317
-0.243 -1.68335
-0.24176 -1.68352
-0.24052 -1.68369
-0.23928 -1.68387
-0.23804 -1.68404
-0.236799 -1.68421
-0.235558 -1.68438
-0.234317 -1.68455
-0.233077 -1.68471
-0.231835 -1.68488
-0.230594 -1.68505
-0.229353 -1.68521
-0.228112 -1.68538
-0.22687 -1.68554
-0.225629 -1.6857
-0.224387 -1.68586
-0.223145 -1.68602
-0.221903 -1.68618
-0.220661 -1.68634
-0.219418 -1.6865
-0.218176 -1.68666
-0.216934 -1.68681
-0.215691 -1.68697
-0.214448 -1.68712
-0.213206 -1.68727
-0.211963 -1.68743
-0.21072 -1.68758
-0.209476 -1.68773
-0.208233 -1.68788
-0.20699 -1.68803
-0.205746 -1.68817
-0.204503 -1.68832
-0.203259 -1.68847
-0.202015 -1.68861
-0.200771 -1.68875
-0.199527 -1.6889
-0.198283 -1.68904
-0.197039 -1.68918
-0.195795 -1.68932
-0.19455 -1.68946
-0.193306 -1.6896
-0.192061 -1.68974
-0.190816 -1.68987
-0.189571 -1.69001
-0.188326 -1.69014
-0.187081 -1.69028
-0.185836 -1.69041
-0.184591 -1.69054
-0.183346 -1.69067
-0.1821 -1.6908
-0.180855 -1.69093
-0.179609 -1.69106
-0.178363 -1.69119
-0.177117 -1.69131
-0.175872 -1.69144
-0.174626 -1.69156
-0.173379 -1.69169
-0.172133 -1.69181
-0.170887 -1.69193
-0.169641 -1.69205
-0.168394 -1.69217
-0.167148 -1.69229
-0.165901 -1.69241
-0.164654 -1.69253
-0.163407 -1.69264
-0.16216 -1.69276
-0.160914 -1.69287
-0.159666 -1.69298
-0.158419 -1.6931
-0.157172 -1.69321
-0.155925 -1.69332
-0.154677 -1.69343
-0.15343 -1.69354
-0.152182 -1.69365
-0.150935 -1.69375
-0.149687 -1.69386
-0.148439 -1.69396
-0.147191 -1.69407
-0.145943 -1.69417
-0.144695 -1.69427
-0.143447 -1.69437
-0.142199 -1.69448
-0.140951 -1.69457
-0.139703 -1.69467
-0.138454 -1.69477
-0.137206 -1.69487
-0.135957 -1.69496
-0.134708 -1.69506
-0.13346 -1.69515
-0.132211 -1.69525
-0.130962 -1.69534
-0.129713 -1.69543
-0.128464 -1.69552
-0.127215 -1.69561
-0.125966 -1.6957
-0.124717 -1.69578
-0.123468 -1.69587
-0.122219 -1.69596
-0.120969 -1.69604
-0.11972 -1.69612
-0.11847 -1.69621
-0.117221 -1.69629
-0.115971 -1.69637
-0.114721 -1.69645
-0.113472 -1.69653
-0.112222 -1.69661
-0.110972 -1.69669
-0.109722 -1.69676
-0.108472 -1.69684
-0.107222 -1.69691
-0.105972 -1.69699
-0.104722 -1.69706
-0.103472 -1.69713
-0.102222 -1.6972
-0.100972 -1.69727
-0.0997212 -1.69734
-0.0984708 -1.69741
-0.0972204 -1.69747
-0.0959699 -1.69754
-0.0947195 -1.69761
-0.0934689 -1.69767
-0.0922183 -1.69773
-0.0909675 -1.6978
-0.0897168 -1.69786
-0.088466 -1.69792
-0.0872153 -1.69798
-0.0859644 -1.69804
-0.0847135 -1.69809
-0.0834626 -1.69815
-0.0822116 -1.69821
-0.0809605 -1.69826
-0.0797095 -1.69832
-0.0784584 -1.69837
-0.0772073 -1.69842
-0.0759562 -1.69847
-0.074705 -1.69852
-0.0734537 -1.69857
-0.0722025 -1.69862
-0.0709511 -1.69867
-0.0696998 -1.69872
-0.0684484 -1.69876
-0.067197 -1.69881
-0.0659456 -1.69885
-0.064694 -1.69889
-0.0634425 -1.69894
-0.0621909 -1.69898
-0.0609393 -1.69902
-0.0596877 -1.69906
-0.0584361 -1.69909
-0.0571843 -1.69913
-0.0559327 -1.69917
-0.054681 -1.6992
-0.0534293 -1.69924
-0.0521775 -1.69927
-0.0509257 -1.69931
-0.0496738 -1.69934
-0.0484219 -1.69937
-0.04717 -1.6994
-0.0459181 -1.69943
-0.0446662 -1.69946
-0.0434142 -1.69948
-0.0421623 -1.69951
-0.0409104 -1.69953
-0.0396584 -1.69956
-0.0384063 -1.69958
-0.0371543 -1.6996
-0.0359022 -1.69963
-0.0346501 -1.69965
-0.0333981 -1.69967
-0.032146 -1.69969
-0.0308939 -1.6997
-0.0296418 -1.69972
-0.0283897 -1.69974
-0.0271375 -1.69975
-0.0258854 -1.69977
-0.0246331 -1.69978
-0.023381 -1.69979
-0.0221288 -1.6998
-0.0208766 -1.69981
-0.0196244 -1.69982
-0.0183722 -1.69983
-0.0171199 -1.69984
-0.0158677 -1.69985
-0.0146154 -1.69985
-0.0133632 -1.69986
-0.012111 -1.69986
-0.0108587 -1.69986
-0.00960651 -1.69987
-0.00835423 -1.69987
-0.00710197 -1.69987
-0.00584972 -1.69987
-0.00459754 -1.69987
-0.00334518 -1.69986
-0.00209298 -1.69986
-0.000840777 -1.69986
0.000411482 -1.69985
0.00166372 -1.69984
0.00291598 -1.69984
0.00416824 -1.69983
0.00542044 -1.69982
0.00667266 -1.69981
0.00792489 -1.6998
0.00917705 -1.69979
0.0104292 -1.69978
0.0116815 -1.69976
0.0129337 -1.69975
0.0141858 -1.69973
0.015438 -1.69972
0.01669 -1.6997
0.0179422 -1.69968
0.0191944 -1.69966
0.0204464 -1.69964
0.0216985 -1.69962
0.0229505 -1.6996
0.0242025 -1.69957
0.0254546 -1.69955
0.0267067 -1.69953
0.0279586 -1.6995
0.0292106 -1.69947
0.0304626 -1.69945
0.0317144 -1.69942
0.0329663 -1.69939
0.0342182 -1.69936
0.0354702 -1.69933
0.0367221 -1.69929
0.0379739 -1.69926
0.0392256 -1.69923
0.0404774 -1.69919
0.0417292 -1.69916
0.0429809 -1.69912
0.0442327 -1.69908
0.0454843 -1.69904
0.046736 -1.699
0.0479876 -1.69896
0.0492391 -1.69892
0.0504906 -1.69888
0.0517423 -1.69884
0.0529938 -1.69879
0.0542452 -1.69875
0.0554966 -1.6987
0.0567481 -1.69865
0.0579994 -1.69861
0.0592507 -1.69856
0.060502 -1.69851
0.0617532 -1.69846
0.0630045 -1.6984
0.0642556 -1.69835
0.0655067 -1.6983
0.0667578 -1.69824
0.0680089 -1.69819
0.0692598 -1.69813
0.0705108 -1.69807
0.0717618 -1.69802
0.0730127 -1.69796
0.0742635 -1.6979
0.0755143 -1.69784
0.0767651 -1.69777
0.0780157 -1.69771
0.0792665 -1.69765
0.080517 -1.69758
0.0817676 -1.69752
0.0830182 -1.69745
0.0842686 -1.69738
0.085519 -1.69732
0.0867693 -1.69725
0.0880197 -1.69718
0.0892699 -1.69711
0.0905201 -1.69703
0.0917703 -1.69696
0.0930204 -1.69689
0.0942705 -1.69681
0.0955205 -1.69674
0.0967705 -1.69666
0.0980203 -1.69658
0.0992702 -1.6965
0.10052 -1.69642
0.10177 -1.69634
0.103019 -1.69626
0.104269 -1.69618
0.105518 -1.6961
0.106768 -1.69601
0.108017 -1.69593
0.109267 -1.69584
0.110516 -1.69575
0.111765 -1.69567
0.113014 -1.69558
0.114263 -1.69549
0.115512 -1.6954
0.116761 -1.69531
0.11801 -1.69521
0.119259 -1.69512
0.120508 -1.69503
0.121757 -1.69493
0.123005 -1.69483
0.124254 -1.69474
0.125502 -1.69464
0.126751 -1.69454
0.127999 -1.69444
0.129247 -1.69434
0.130495 -1.69424
0.131744 -1.69414
0.132992 -1.69403
0.134239 -1.69393
0.135487 -1.69382
0.136735 -1.69372
0.137983 -1.69361
0.139231 -1.6935
0.140478 -1.69339
0.141726 -1.69328
0.142973 -1.69317
0.14422 -1.69306
0.145468 -1.69295
0.146715 -1.69283
0.147962 -1.69272
0.149209 -1.6926
0.150456 -1.69249
0.151703 -1.69237
0.152949 -1.69225
0.154196 -1.69213
0.155442 -1.69201
0.156689 -1.69189
0.157935 -1.69177
0.159181 -1.69164
0.160428 -1.69152
0.161674 -1.6914
0.16292 -1.69127
0.164166 -1.69114
0.165412 -1.69102
0.166657 -1.69089
0.167903 -1.69076
0.169148 -1.69063
0.170394 -1.6905
0.171639 -1.69036
0.172885 -1.69023
0.17413 -1.6901
0.175375 -1.68996
0.17662 -1.68983
0.177865 -1.68969
0.179109 -1.68955
0.180354 -1.68941
0.181598 -1.68927
0.182843 -1.68913
0.184087 -1.68899
0.185331 -1.68885
0.186576 -1.68871
0.18782 -1.68856
0.189064 -1.68842
0.190307 -1.68827
0.191551 -1.68812
0.192795 -1.68798
0.194038 -1.68783
0.195282 -1.68768
0.196525 -1.68753
0.197768 -1.68738
0.199011 -1.68722
0.200254 -1.68707
0.201497 -1.68692
0.202739 -1.68676
0.203982 -1.6866
0.205225 -1.68645
0.206467 -1.68629
0.207709 -1.68613
0.208951 -1.68597
0.210193 -1.68581
0.211435 -1.68565
0.212677 -1.68548
0.213919 -1.68532
0.21516 -1.68516
0.216402 -1.68499
0.217643 -1.68483
0.218884 -1.68466
0.220125 -1.68449
0.221366 -1.68432
0.222607 -1.68415
0.223847 -1.68398
0.225088 -1.68381
0.226328 -1.68364
0.227569 -1.68346
0.229889 -1.68441
0.242624 -1.69481
0.312348 -1.75534
0.68354 -1.9821
1.79252 -2.16799
3.45747 -1.60689
4.78942 -0.207397
5.74301 1.55063
6.69659 3.30866
7.65018 5.06669
7.65018 5.06669
8.09017 5.87785