3.09017 -9.51056
2.57728 -7.93206
2.16697 -6.66926
1.83872 -5.65898
1.57613 -4.85085
1.36609 -4.20422
1.19809 -3.68696
1.06375 -3.27313
0.956364 -2.94203
0.870551 -2.67712
0.802022 -2.46516
0.747336 -2.29554
0.703743 -2.15979
0.669037 -2.05114
0.641453 -1.96416
0.619578 -1.89451
0.602277 -1.83872
0.588644 -1.79403
0.57795 -1.7582
0.569612 -1.72946
0.563164 -1.7064
0.55823 -1.68787
0.554509 -1.67298
0.551762 -1.66098
0.549795 -1.65131
0.548454 -1.64349
0.547614 -1.63716
0.547175 -1.63201
0.547059 -1.62781
0.547201 -1.62438
0.54755 -1.62154
0.548065 -1.6192
0.548713 -1.61724
0.549467 -1.61559
0.550306 -1.61419
0.551214 -1.61299
0.552177 -1.61195
0.553183 -1.61103
0.554225 -1.61021
0.555295 -1.60948
0.556387 -1.6088
0.557497 -1.60818
0.558621 -1.6076
0.559756 -1.60706
0.560901 -1.60653
0.562053 -1.60603
0.563211 -1.60555
0.564373 -1.60508
0.565539 -1.60461
0.566707 -1.60416
0.567878 -1.60371
0.569051 -1.60327
0.570224 -1.60283
0.571399 -1.60239
0.572574 -1.60195
0.57375 -1.60152
0.574926 -1.60109
0.576103 -1.60065
0.57728 -1.60022
0.578456 -1.59979
0.579633 -1.59936
0.580809 -1.59893
0.581986 -1.59849
0.583163 -1.59806
0.584339 -1.59763
0.585515 -1.5972
0.586691 -1.59676
0.587866 -1.59633
0.589041 -1.59589
0.590216 -1.59545
0.59139 -1.59501
0.592565 -1.59457
0.593738 -1.59414
0.594912 -1.59369
0.596085 -1.59325
0.597258 -1.59281
0.59843 -1.59237
0.599603 -1.59192
0.600774 -1.59148
0.601946 -1.59103
0.603117 -1.59059
0.604288 -1.59014
0.605458 -1.58969
0.606629 -1.58924
0.607798 -1.58879
0.608968 -1.58834
0.610137 -1.58789
0.611306 -1.58743
0.612474 -1.58698
0.613643 -1.58653
0.614811 -1.58607
0.615978 -1.58561
0.617145 -1.58516
0.618312 -1.5847
0.619479 -1.58424
0.620645 -1.58378
0.621811 -1.58332
0.622976 -1.58286
0.624141 -1.5824
0.625306 -1.58193
0.626471 -1.58147
0.627635 -1.581
0.628798 -1.58054
0.629962 -1.58007
0.631125 -1.5796
0.632288 -1.57914
0.63345 -1.57867
0.634612 -1.5782
0.635774 -1.57773
0.636935 -1.57725
0.638096 -1.57678
0.639257 -1.57631
0.640417 -1.57583
0.641577 -1.57536
0.642737 -1.57488
0.643896 -1.57441
0.645055 -1.57393
0.646213 -1.57345
0.647372 -1.57297
0.648529 -1.57249
0.649687 -1.57201
0.650844 -1.57153
0.652001 -1.57104
0.653157 -1.57056
0.654313 -1.57007
0.655469 -1.56959
0.656624 -1.5691
0.657779 -1.56861
0.658934 -1.56813
0.660088 -1.56764
0.661242 -1.56715
0.662395 -1.56666
0.663549 -1.56617
0.664701 -1.56567
0.665854 -1.56518
0.667006 -1.56469
0.668158 -1.56419
0.669309 -1.5637
0.67046 -1.5632
0.671611 -1.5627
0.672761 -1.5622
0.673911 -1.5617
0.67506 -1.5612
0.676209 -1.5607
0.677358 -1.5602
0.678507 -1.5597
0.679655 -1.55919
0.680802 -1.55869
0.68195 -1.55818
0.683097 -1.55768
0.684243 -1.55717
0.685389 -1.55666
0.686535 -1.55616
0.68768 -1.55565
0.688825 -1.55514
0.68997 -1.55462
0.691114 -1.55411
0.692258 -1.5536
0.693402 -1.55309
0.694545 -1.55257
0.695688 -1.55206
0.69683 -1.55154
0.697972 -1.55102
0.699114 -1.55051
0.700255 -1.54999
0.701396 -1.54947
0.702536 -1.54895
0.703676 -1.54842
0.704816 -1.5479
0.705955 -1.54738
0.707094 -1.54686
0.708233 -1.54633
0.709371 -1.54581
0.710509 -1.54528
0.711646 -1.54475
0.712783 -1.54422
0.71392 -1.5437
0.715056 -1.54317
0.716192 -1.54263
0.717327 -1.5421
0.718462 -1.54157
0.719597 -1.54104
0.720731 -1.5405
0.721865 -1.53997
0.722998 -1.53943
0.724131 -1.5389
0.725264 -1.53836
0.726396 -1.53782
0.727528 -1.53728
0.72866 -1.53674
0.729791 -1.5362
0.730921 -1.53566
0.732052 -1.53512
0.733182 -1.53457
0.734311 -1.53403
0.73544 -1.53349
0.736569 -1.53294
0.737697 -1.53239
0.738825 -1.53185
0.739952 -1.5313
0.741079 -1.53075
0.742206 -1.5302
0.743332 -1.52965
0.744458 -1.5291
0.745584 -1.52854
0.746709 -1.52799
0.747833 -1.52744
0.748957 -1.52688
0.750081 -1.52633
0.751204 -1.52577
0.752328 -1.52521
0.75345 -1.52465
0.754572 -1.52409
0.755694 -1.52353
0.756815 -1.52297
0.757936 -1.52241
0.759057 -1.52185
0.760177 -1.52129
0.761296 -1.52072
0.762416 -1.52016
0.763534 -1.51959
0.764653 -1.51903
0.765771 -1.51846
0.766888 -1.51789
0.768005 -1.51732
0.769122 -1.51675
0.770238 -1.51618
0.771354 -1.51561
0.77247 -1.51504
0.773585 -1.51446
0.774699 -1.51389
0.775814 -1.51331
0.776927 -1.51274
0.778041 -1.51216
0.779154 -1.51158
0.780266 -1.51101
0.781378 -1.51043
0.78249 -1.50985
0.783601 -1.50927
0.784712 -1.50869
0.785822 -1.5081
0.786932 -1.50752
0.788041 -1.50694
0.78915 -1.50635
0.790259 -1.50577
0.791367 -1.50518
0.792475 -1.50459
0.793582 -1.504
0.794689 -1.50342
0.795796 -1.50283
0.796902 -1.50224
0.798007 -1.50164
0.799112 -1.50105
0.800217 -1.50046
0.801321 -1.49987
0.802425 -1.49927
0.803528 -1.49868
0.804631 -1.49808
0.805734 -1.49748
0.806836 -1.49688
0.807938 -1.49629
0.809039 -1.49569
0.810139 -1.49509
0.81124 -1.49448
0.81234 -1.49388
0.813439 -1.49328
0.814538 -1.49268
0.815636 -1.49207
0.816734 -1.49147
0.817832 -1.49086
0.818929 -1.49025
0.820026 -1.48965
0.821122 -1.48904
0.822218 -1.48843
0.823313 -1.48782
0.824408 -1.48721
0.825503 -1.4866
0.826597 -1.48598
0.82769 -1.48537
0.828783 -1.48476
0.829876 -1.48414
0.830968 -1.48352
0.83206 -1.48291
0.833151 -1.48229
0.834242 -1.48167
0.835333 -1.48105
0.836423 -1.48043
0.837512 -1.47981
0.838601 -1.47919
0.83969 -1.47857
0.840778 -1.47795
0.841865 -1.47732
0.842952 -1.4767
0.844039 -1.47607
0.845125 -1.47545
0.846211 -1.47482
0.847296 -1.47419
0.848381 -1.47356
0.849466 -1.47293
0.85055 -1.4723
0.851633 -1.47167
0.852716 -1.47104
0.853799 -1.47041
0.854881 -1.46977
0.855962 -1.46914
0.857043 -1.4685
0.858124 -1.46787
0.859204 -1.46723
0.860284 -1.46659
0.861363 -1.46595
0.862442 -1.46532
0.86352 -1.46468
0.864598 -1.46404
0.865675 -1.46339
0.866752 -1.46275
0.867829 -1.46211
0.868904 -1.46146
0.86998 -1.46082
0.871055 -1.46017
0.872129 -1.45953
0.873203 -1.45888
0.874277 -1.45823
0.87535 -1.45758
0.876423 -1.45693
0.877495 -1.45628
0.878566 -1.45563
0.879637 -1.45498
0.880708 -1.45433
0.881778 -1.45368
0.882848 -1.45302
0.883917 -1.45237
0.884986 -1.45171
0.886054 -1.45105
0.887122 -1.4504
0.888189 -1.44974
0.889256 -1.44908
0.890322 -1.44842
0.891388 -1.44776
0.892453 -1.4471
0.893518 -1.44643
0.894582 -1.44577
0.895646 -1.44511
0.89671 -1.44444
0.897772 -1.44378
0.898835 -1.44311
0.899897 -1.44244
0.900958 -1.44178
0.902019 -1.44111
0.90308 -1.44044
0.90414 -1.43977
0.905199 -1.4391
0.906258 -1.43843
0.907316 -1.43775
0.908374 -1.43708
0.909432 -1.43641
0.910489 -1.43573
0.911545 -1.43506
0.912601 -1.43438
0.913656 -1.4337
0.914711 -1.43303
0.915766 -1.43235
0.91682 -1.43167
0.917873 -1.43099
0.918926 -1.43031
0.919979 -1.42962
0.92103 -1.42894
0.922082 -1.42826
0.923133 -1.42757
0.924183 -1.42689
0.925233 -1.4262
0.926283 -1.42552
0.927332 -1.42483
0.92838 -1.42414
0.929428 -1.42345
0.930475 -1.42276
0.931522 -1.42207
0.932568 -1.42138
0.933614 -1.42069
0.934659 -1.42
0.935704 -1.4193
0.936749 -1.41861
0.937792 -1.41791
0.938836 -1.41722
0.939878 -1.41652
0.940921 -1.41582
0.941962 -1.41513
0.943004 -1.41443
0.944044 -1.41373
0.945084 -1.41303
0.946124 -1.41233
0.947163 -1.41162
0.948202 -1.41092
0.94924 -1.41022
0.950278 -1.40951
0.951315 -1.40881
0.952351 -1.4081
0.953387 -1.4074
0.954423 -1.40669
0.955458 -1.40598
0.956492 -1.40527
0.957526 -1.40456
0.95856 -1.40385
0.959592 -1.40314
0.960625 -1.40243
0.961657 -1.40171
0.962688 -1.401
0.963719 -1.40029
0.964749 -1.39957
0.965779 -1.39886
0.966808 -1.39814
0.967837 -1.39742
0.968865 -1.3967
0.969892 -1.39598
0.970919 -1.39526
0.971946 -1.39454
0.972972 -1.39382
0.973998 -1.3931
0.975023 -1.39238
0.976047 -1.39166
0.977071 -1.39093
0.978094 -1.39021
0.979117 -1.38948
0.980139 -1.38875
0.981161 -1.38803
0.982182 -1.3873
0.983203 -1.38657
0.984223 -1.38584
0.985242 -1.38511
0.986262 -1.38438
0.98728 -1.38365
0.988298 -1.38291
0.989315 -1.38218
0.990332 -1.38145
0.991349 -1.38071
0.992364 -1.37998
0.99338 -1.37924
0.994394 -1.3785
0.995408 -1.37777
0.996422 -1.37703
0.997435 -1.37629
0.998448 -1.37555
0.99946 -1.37481
1.00047 -1.37407
1.00148 -1.37332
1.00249 -1.37258
1.0035 -1.37184
1.00451 -1.37109
1.00552 -1.37035
1.00653 -1.3696
1.00754 -1.36885
1.00854 -1.36811
1.00955 -1.36736
1.01056 -1.36661
1.01156 -1.36586
1.01257 -1.36511
1.01357 -1.36436
1.01457 -1.36361
1.01558 -1.36285
1.01658 -1.3621
1.01758 -1.36134
1.01858 -1.36059
1.01958 -1.35983
1.02058 -1.35908
1.02158 -1.35832
1.02258 -1.35756
1.02358 -1.3568
1.02458 -1.35604
1.02558 -1.35528
1.02657 -1.35452
1.02757 -1.35376
1.02857 -1.353
1.02956 -1.35224
1.03056 -1.35147
1.03155 -1.35071
1.03254 -1.34994
1.03354 -1.34918
1.03453 -1.34841
1.03552 -1.34764
1.03651 -1.34687
1.0375 -1.3461
1.03849 -1.34533
1.03948 -1.34456
1.04047 -1.34379
1.04146 -1.34302
1.04245 -1.34225
1.04344 -1.34147
1.04442 -1.3407
1.04541 -1.33992
1.0464 -1.33915
1.04738 -1.33837
1.04837 -1.3376
1.04935 -1.33682
1.05033 -1.33604
1.05132 -1.33526
1.0523 -1.33448
1.05328 -1.3337
1.05426 -1.33292
1.05524 -1.33213
1.05622 -1.33135
1.0572 -1.33057
1.05818 -1.32978
1.05916 -1.329
1.06013 -1.32821
1.06111 -1.32743
1.06209 -1.32664
1.06306 -1.32585
1.06404 -1.32506
1.06501 -1.32427
1.06599 -1.32348
1.06696 -1.32269
1.06793 -1.3219
1.06891 -1.32111
1.06988 -1.32031
1.07085 -1.31952
1.07182 -1.31873
1.07279 -1.31793
1.07376 -1.31713
1.07473 -1.31634
1.0757 -1.31554
1.07666 -1.31474
1.07763 -1.31394
1.0786 -1.31314
1.07956 -1.31234
1.08053 -1.31154
1.08149 -1.31074
1.08246 -1.30994
1.08342 -1.30914
1.08438 -1.30833
1.08535 -1.30753
1.08631 -1.30672
1.08727 -1.30592
1.08823 -1.30511
1.08919 -1.3043
1.09015 -1.30349
1.09111 -1.30268
1.09207 -1.30187
1.09302 -1.30106
1.09398 -1.30025
1.09494 -1.29944
1.09589 -1.29863
1.09685 -1.29782
1.0978 -1.297
1.09876 -1.29619
1.09971 -1.29537
1.10066 -1.29456
1.10162 -1.29374
1.10257 -1.29292
1.10352 -1.2921
1.10447 -1.29129
1.10542 -1.29047
1.10637 -1.28965
1.10732 -1.28883
1.10826 -1.288
1.10921 -1.28718
1.11016 -1.28636
1.1111 -1.28553
1.11205 -1.28471
1.11299 -1.28389
1.11394 -1.28306
1.11488 -1.28223
1.11582 -1.28141
1.11677 -1.28058
1.11771 -1.27975
1.11865 -1.27892
1.11959 -1.27809
1.12053 -1.27726
1.12147 -1.27643
1.12241 -1.2756
1.12335 -1.27476
1.12428 -1.27393
1.12522 -1.27309
1.12616 -1.27226
1.12709 -1.27142
1.12803 -1.27059
1.12896 -1.26975
1.1299 -1.26891
1.13083 -1.26808
1.13176 -1.26724
1.13269 -1.2664
1.13363 -1.26556
1.13456 -1.26471
1.13549 -1.26387
1.13642 -1.26303
1.13735 -1.26219
1.13827 -1.26134
1.1392 -1.2605
1.14013 -1.25965
1.14105 -1.25881
1.14198 -1.25796
1.14291 -1.25711
1.14383 -1.25627
1.14475 -1.25542
1.14568 -1.25457
1.1466 -1.25372
1.14752 -1.25287
1.14844 -1.25202
1.14936 -1.25116
1.15028 -1.25031
1.1512 -1.24946
1.15212 -1.2486
1.15304 -1.24775
1.15396 -1.24689
1.15487 -1.24604
1.15579 -1.24518
1.15671 -1.24432
1.15762 -1.24346
1.15854 -1.2426
1.15945 -1.24174
1.16036 -1.24088
1.16128 -1.24002
1.16219 -1.23916
1.1631 -1.2383
1.16401 -1.23744
1.16492 -1.23657
1.16583 -1.23571
1.16674 -1.23484
1.16765 -1.23398
1.16855 -1.23311
1.16946 -1.23224
1.17037 -1.23138
1.17127 -1.23051
1.17218 -1.22964
1.17308 -1.22877
1.17398 -1.2279
1.17489 -1.22703
1.17579 -1.22616
1.17669 -1.22528
1.17759 -1.22441
1.17849 -1.22354
1.17939 -1.22266
1.18029 -1.22179
1.18119 -1.22091
1.18209 -1.22004
1.18298 -1.21916
1.18388 -1.21828
1.18478 -1.2174
1.18567 -1.21652
1.18657 -1.21564
1.18746 -1.21476
1.18835 -1.21388
1.18925 -1.213
1.19014 -1.21212
1.19103 -1.21124
1.19192 -1.21035
1.19281 -1.20947
1.1937 -1.20858
1.19459 -1.2077
1.19548 -1.20681
1.19636 -1.20592
1.19725 -1.20504
1.19814 -1.20415
1.19902 -1.20326
1.19991 -1.20237
1.20079 -1.20148
1.20167 -1.20059
1.20256 -1.1997
1.20344 -1.1988
1.20432 -1.19791
1.2052 -1.19702
1.20608 -1.19612
1.20696 -1.19523
1.20784 -1.19433
1.20872 -1.19344
1.20959 -1.19254
1.21047 -1.19164
1.21135 -1.19074
1.21222 -1.18984
1.2131 -1.18895
1.21397 -1.18805
1.21484 -1.18714
1.21572 -1.18624
1.21659 -1.18534
1.21746 -1.18444
1.21833 -1.18354
1.2192 -1.18263
1.22007 -1.18173
1.22094 -1.18082
1.22181 -1.17992
1.22268 -1.17901
1.22354 -1.1781
1.22441 -1.17719
1.22527 -1.17629
1.22614 -1.17538
1.227 -1.17447
1.22787 -1.17356
1.22873 -1.17265
1.22959 -1.17173
1.23045 -1.17082
1.23131 -1.16991
1.23217 -1.16899
1.23303 -1.16808
1.23389 -1.16717
1.23475 -1.16625
1.23561 -1.16533
1.23646 -1.16442
1.23732 -1.1635
1.23818 -1.16258
1.23903 -1.16166
1.23988 -1.16074
1.24074 -1.15982
1.24159 -1.1589
1.24244 -1.15798
1.24329 -1.15706
1.24414 -1.15614
1.24499 -1.15521
1.24584 -1.15429
1.24669 -1.15337
1.24754 -1.15244
1.24839 -1.15152
1.24923 -1.15059
1.25008 -1.14966
1.25092 -1.14873
1.25177 -1.14781
1.25261 -1.14688
1.25345 -1.14595
1.2543 -1.14502
1.25514 -1.14409
1.25598 -1.14316
1.25682 -1.14222
1.25766 -1.14129
1.2585 -1.14036
1.25934 -1.13942
1.26017 -1.13849
1.26101 -1.13756
1.26185 -1.13662
1.26268 -1.13568
1.26352 -1.13475
1.26435 -1.13381
1.26519 -1.13287
1.26602 -1.13193
1.26685 -1.13099
1.26768 -1.13005
1.26851 -1.12911
1.26934 -1.12817
1.27017 -1.12723
1.271 -1.12629
1.27183 -1.12534
1.27266 -1.1244
1.27348 -1.12346
1.27431 -1.12251
1.27513 -1.12157
1.27596 -1.12062
1.27678 -1.11967
1.2776 -1.11872
1.27843 -1.11778
1.27925 -1.11683
1.28007 -1.11588
1.28089 -1.11493
1.28171 -1.11398
1.28253 -1.11303
1.28334 -1.11208
1.28416 -1.11112
1.28498 -1.11017
1.28579 -1.10922
1.28661 -1.10826
1.28742 -1.10731
1.28824 -1.10635
1.28905 -1.1054
1.28986 -1.10444
1.29068 -1.10348
1.29149 -1.10253
1.2923 -1.10157
1.29311 -1.10061
1.29392 -1.09965
1.29472 -1.09869
1.29553 -1.09773
1.29634 -1.09677
1.29714 -1.09581
1.29795 -1.09484
1.29875 -1.09388
1.29956 -1.09292
1.30036 -1.09195
1.30116 -1.09099
1.30197 -1.09002
1.30277 -1.08906
1.30357 -1.08809
1.30437 -1.08712
1.30517 -1.08615
1.30596 -1.08519
1.30676 -1.08422
1.30756 -1.08325
1.30835 -1.08228
1.30915 -1.08131
1.30994 -1.08034
1.31074 -1.07936
1.31153 -1.07839
1.31232 -1.07742
1.31312 -1.07644
1.31391 -1.07547
1.3147 -1.07449
1.31549 -1.07352
1.31628 -1.07254
1.31706 -1.07157
1.31785 -1.07059
1.31864 -1.06961
1.31942 -1.06863
1.32021 -1.06765
1.32099 -1.06667
1.32178 -1.06569
1.32256 -1.06471
1.32334 -1.06373
1.32412 -1.06275
1.32491 -1.06177
1.32569 -1.06078
1.32647 -1.0598
1.32724 -1.05882
1.32802 -1.05783
1.3288 -1.05685
1.32958 -1.05586
1.33035 -1.05487
1.33113 -1.05389
1.3319 -1.0529
1.33267 -1.05191
1.33345 -1.05092
1.33422 -1.04993
1.33499 -1.04894
1.33576 -1.04795
1.33653 -1.04696
1.3373 -1.04597
1.33807 -1.04498
1.33884 -1.04398
1.3396 -1.04299
1.34037 -1.042
1.34114 -1.041
1.3419 -1.04001
1.34267 -1.03901
1.34343 -1.03802
1.34419 -1.03702
1.34495 -1.03602
1.34571 -1.03502
1.34648 -1.03402
1.34723 -1.03303
1.34799 -1.03203
1.34875 -1.03103
1.34951 -1.03002
1.35027 -1.02902
1.35102 -1.02802
1.35178 -1.02702
1.35253 -1.02602
1.35329 -1.02501
1.35404 -1.02401
1.35479 -1.023
1.35554 -1.022
1.35629 -1.02099
1.35704 -1.01999
1.35779 -1.01898
1.35854 -1.01797
1.35929 -1.01696
1.36004 -1.01595
1.36078 -1.01495
1.36153 -1.01394
1.36227 -1.01293
1.36302 -1.01191
1.36376 -1.0109
1.3645 -1.00989
1.36525 -1.00888
1.36599 -1.00787
1.36673 -1.00685
1.36747 -1.00584
1.36821 -1.00482
1.36894 -1.00381
1.36968 -1.00279
1.37042 -1.00178
1.37115 -1.00076
1.37189 -0.999742
1.37262 -0.998724
1.37336 -0.997705
1.37409 -0.996686
1.37482 -0.995667
1.37555 -0.994647
1.37628 -0.993626
1.37701 -0.992605
1.37774 -0.991583
1.37847 -0.99056
1.3792 -0.989538
1.37993 -0.988514
1.38065 -0.98749
1.38138 -0.986466
1.3821 -0.985441
1.38283 -0.984415
1.38355 -0.983389
1.38427 -0.982363
1.38499 -0.981336
1.38571 -0.980308
1.38643 -0.97928
1.38715 -0.978251
1.38787 -0.977222
1.38859 -0.976192
1.38931 -0.975161
1.39002 -0.974131
1.39074 -0.973099
1.39145 -0.972067
1.39217 -0.971035
1.39288 -0.970002
1.39359 -0.968968
1.3943 -0.967934
1.39501 -0.9669
1.39572 -0.965864
1.39643 -0.964829
1.39714 -0.963793
1.39785 -0.962756
1.39856 -0.961719
1.39926 -0.960681
1.39997 -0.959643
1.40067 -0.958604
1.40138 -0.957564
1.40208 -0.956525
1.40278 -0.955484
1.40349 -0.954443
1.40419 -0.953402
1.40489 -0.95236
1.40559 -0.951317
1.40628 -0.950274
1.40698 -0.949231
1.40768 -0.948187
1.40838 -0.947142
1.40907 -0.946097
1.40977 -0.945052
1.41046 -0.944006
1.41115 -0.942959
1.41185 -0.941912
1.41254 -0.940864
1.41323 -0.939816
1.41392 -0.938768
1.41461 -0.937719
1.4153 -0.936669
1.41598 -0.935619
1.41667 -0.934568
1.41736 -0.933517
1.41804 -0.932465
1.41873 -0.931413
1.41941 -0.93036
1.4201 -0.929307
1.42078 -0.928253
1.42146 -0.927199
1.42214 -0.926144
1.42282 -0.925089
1.4235 -0.924033
1.42418 -0.922977
1.42486 -0.92192
1.42553 -0.920862
1.42621 -0.919805
1.42688 -0.918746
1.42756 -0.917688
1.42823 -0.916628
1.42891 -0.915569
1.42958 -0.914508
1.43025 -0.913447
1.43092 -0.912386
1.43159 -0.911324
1.43226 -0.910262
1.43293 -0.909199
1.43359 -0.908136
1.43426 -0.907072
1.43493 -0.906008
1.43559 -0.904943
1.43626 -0.903878
1.43692 -0.902812
1.43758 -0.901746
1.43825 -0.900679
1.43891 -0.899612
1.43957 -0.898544
1.44023 -0.897476
1.44089 -0.896407
1.44154 -0.895338
1.4422 -0.894268
1.44286 -0.893198
1.44351 -0.892127
1.44417 -0.891056
1.44482 -0.889985
1.44548 -0.888912
1.44613 -0.88784
1.44678 -0.886767
1.44743 -0.885693
1.44808 -0.884619
1.44873 -0.883545
1.44938 -0.88247
1.45003 -0.881394
1.45067 -0.880318
1.45132 -0.879242
1.45197 -0.878165
1.45261 -0.877087
1.45325 -0.876009
1.4539 -0.874931
1.45454 -0.873852
1.45518 -0.872773
1.45582 -0.871693
1.45646 -0.870612
1.4571 -0.869532
1.45774 -0.86845
1.45838 -0.867369
1.45901 -0.866287
1.45965 -0.865204
1.46028 -0.864121
1.46092 -0.863037
1.46155 -0.861953
1.46218 -0.860869
1.46282 -0.859783
1.46345 -0.858698
1.46408 -0.857612
1.46471 -0.856526
1.46533 -0.855439
1.46596 -0.854351
1.46659 -0.853263
1.46722 -0.852175
1.46784 -0.851086
1.46847 -0.849997
1.46909 -0.848907
1.46971 -0.847817
1.47033 -0.846727
1.47096 -0.845636
1.47158 -0.844544
1.4722 -0.843452
1.47282 -0.842359
1.47343 -0.841267
1.47405 -0.840173
1.47467 -0.839079
1.47528 -0.837985
1.4759 -0.83689
1.47651 -0.835795
1.47713 -0.834699
1.47774 -0.833603
1.47835 -0.832507
1.47896 -0.83141
1.47957 -0.830312
1.48018 -0.829214
1.48079 -0.828116
1.4814 -0.827017
1.482 -0.825918
1.48261 -0.824818
1.48321 -0.823718
1.48382 -0.822617
1.48442 -0.821516
1.48503 -0.820414
1.48563 -0.819312
1.48623 -0.81821
1.48683 -0.817107
1.48743 -0.816004
1.48803 -0.8149
1.48862 -0.813796
1.48922 -0.812691
1.48982 -0.811586
1.49041 -0.81048
1.49101 -0.809374
1.4916 -0.808268
1.49219 -0.807161
1.49279 -0.806054
1.49338 -0.804946
1.49397 -0.803838
1.49456 -0.802729
1.49515 -0.80162
1.49574 -0.80051
1.49632 -0.7994
1.49691 -0.79829
1.4975 -0.797179
1.49808 -0.796068
1.49866 -0.794956
1.49925 -0.793844
1.49983 -0.792732
1.50041 -0.791619
1.50099 -0.790505
1.50157 -0.789391
1.50215 -0.788277
1.50273 -0.787162
1.50331 -0.786047
1.50388 -0.784932
1.50446 -0.783816
1.50503 -0.782699
1.50561 -0.781582
1.50618 -0.780465
1.50675 -0.779347
1.50732 -0.778229
1.5079 -0.77711
1.50847 -0.775991
1.50903 -0.774872
1.5096 -0.773752
1.51017 -0.772632
1.51074 -0.771511
1.5113 -0.77039
1.51187 -0.769269
1.51243 -0.768147
1.513 -0.767024
1.51356 -0.765901
1.51412 -0.764778
1.51468 -0.763655
1.51524 -0.762531
1.5158 -0.761406
1.51636 -0.760281
1.51692 -0.759156
1.51747 -0.75803
1.51803 -0.756904
1.51858 -0.755778
1.51914 -0.754651
1.51969 -0.753523
1.52024 -0.752396
1.5208 -0.751267
1.52135 -0.750139
1.5219 -0.74901
1.52245 -0.74788
1.52299 -0.746751
1.52354 -0.74562
1.52409 -0.74449
1.52463 -0.743359
1.52518 -0.742227
1.52572 -0.741095
1.52627 -0.739963
1.52681 -0.738831
1.52735 -0.737698
1.52789 -0.736564
1.52843 -0.73543
1.52897 -0.734296
1.52951 -0.733161
1.53005 -0.732026
1.53058 -0.730891
1.53112 -0.729755
1.53166 -0.728619
1.53219 -0.727482
1.53272 -0.726345
1.53325 -0.725207
1.53379 -0.72407
1.53432 -0.722931
1.53485 -0.721793
1.53538 -0.720654
1.53591 -0.719514
1.53643 -0.718374
1.53696 -0.717234
1.53748 -0.716094
1.53801 -0.714953
1.53853 -0.713811
1.53906 -0.712669
1.53958 -0.711527
1.5401 -0.710385
1.54062 -0.709242
1.54114 -0.708098
1.54166 -0.706955
1.54218 -0.705811
1.5427 -0.704666
1.54321 -0.703521
1.54373 -0.702376
1.54424 -0.70123
1.54476 -0.700084
1.54527 -0.698938
1.54578 -0.697791
1.54629 -0.696644
1.5468 -0.695496
1.54731 -0.694348
1.54782 -0.6932
1.54833 -0.692051
1.54884 -0.690902
1.54934 -0.689753
1.54985 -0.688603
1.55035 -0.687453
1.55086 -0.686302
1.55136 -0.685151
1.55186 -0.684
1.55236 -0.682848
1.55287 -0.681696
1.55336 -0.680544
1.55386 -0.679391
1.55436 -0.678238
1.55486 -0.677084
1.55535 -0.67593
1.55585 -0.674776
1.55634 -0.673621
1.55684 -0.672466
1.55733 -0.671311
1.55782 -0.670155
1.55831 -0.668999
1.5588 -0.667842
1.55929 -0.666686
1.55978 -0.665528
1.56027 -0.664371
1.56076 -0.663213
1.56124 -0.662055
1.56173 -0.660896
1.56221 -0.659737
1.56269 -0.658577
1.56318 -0.657418
1.56366 -0.656258
1.56414 -0.655097
1.56462 -0.653936
1.5651 -0.652775
1.56558 -0.651613
1.56605 -0.650452
1.56653 -0.649289
1.567 -0.648127
1.56748 -0.646964
1.56795 -0.645801
1.56843 -0.644637
1.5689 -0.643473
1.56937 -0.642308
1.56984 -0.641144
1.57031 -0.639979
1.57078 -0.638813
1.57125 -0.637647
1.57171 -0.636481
1.57218 -0.635315
1.57265 -0.634148
1.57311 -0.632981
1.57357 -0.631813
1.57404 -0.630645
1.5745 -0.629477
1.57496 -0.628309
1.57542 -0.62714
1.57588 -0.625971
1.57634 -0.624801
1.57679 -0.623631
1.57725 -0.622461
1.57771 -0.62129
1.57816 -0.620119
1.57862 -0.618948
1.57907 -0.617776
1.57952 -0.616605
1.57997 -0.615432
1.58042 -0.61426
1.58087 -0.613087
1.58132 -0.611913
1.58177 -0.61074
1.58222 -0.609566
1.58266 -0.608391
1.58311 -0.607217
1.58355 -0.606042
1.584 -0.604867
1.58444 -0.603691
1.58488 -0.602515
1.58532 -0.601339
1.58576 -0.600162
1.5862 -0.598985
1.58664 -0.597808
1.58708 -0.596631
1.58751 -0.595453
1.58795 -0.594274
1.58839 -0.593096
1.58882 -0.591917
1.58925 -0.590738
1.58969 -0.589558
1.59012 -0.588378
1.59055 -0.587198
1.59098 -0.586018
1.59141 -0.584837
1.59183 -0.583656
1.59226 -0.582474
1.59269 -0.581293
1.59311 -0.580111
1.59354 -0.578928
1.59396 -0.577745
1.59438 -0.576562
1.59481 -0.575379
1.59523 -0.574195
1.59565 -0.573011
1.59607 -0.571827
1.59648 -0.570642
1.5969 -0.569458
1.59732 -0.568272
1.59773 -0.567087
1.59815 -0.565901
1.59856 -0.564715
1.59898 -0.563528
1.59939 -0.562342
1.5998 -0.561155
1.60021 -0.559967
1.60062 -0.55878
1.60103 -0.557591
1.60144 -0.556403
1.60184 -0.555215
1.60225 -0.554026
1.60266 -0.552837
1.60306 -0.551647
1.60346 -0.550457
1.60387 -0.549267
1.60427 -0.548077
1.60467 -0.546886
1.60507 -0.545695
1.60547 -0.544504
1.60587 -0.543312
1.60626 -0.54212
1.60666 -0.540928
1.60706 -0.539735
1.60745 -0.538543
1.60784 -0.53735
1.60824 -0.536156
1.60863 -0.534963
1.60902 -0.533769
1.60941 -0.532574
1.6098 -0.53138
1.61019 -0.530185
1.61058 -0.52899
1.61096 -0.527794
1.61135 -0.526599
1.61173 -0.525403
1.61212 -0.524207
1.6125 -0.52301
1.61288 -0.521813
1.61327 -0.520616
1.61365 -0.519419
1.61403 -0.518221
1.6144 -0.517023
1.61478 -0.515825
1.61516 -0.514626
1.61554 -0.513427
1.61591 -0.512228
1.61629 -0.511029
1.61666 -0.509829
1.61703 -0.508629
1.6174 -0.507429
1.61777 -0.506228
1.61814 -0.505027
1.61851 -0.503826
1.61888 -0.502625
1.61925 -0.501424
1.61962 -0.500222
1.61998 -0.49902
1.62035 -0.497817
1.62071 -0.496614
1.62107 -0.495411
1.62143 -0.494208
1.6218 -0.493005
1.62216 -0.491801
1.62251 -0.490597
1.62287 -0.489393
1.62323 -0.488188
1.62359 -0.486983
1.62394 -0.485778
1.6243 -0.484573
1.62465 -0.483367
1.62501 -0.482161
1.62536 -0.480955
1.62571 -0.479749
1.62606 -0.478542
1.62641 -0.477335
1.62676 -0.476128
1.6271 -0.47492
1.62745 -0.473713
1.6278 -0.472505
1.62814 -0.471296
1.62849 -0.470088
1.62883 -0.468879
1.62917 -0.46767
1.62951 -0.466461
1.62986 -0.465251
1.63019 -0.464042
1.63053 -0.462832
1.63087 -0.461621
1.63121 -0.460411
1.63154 -0.4592
1.63188 -0.457989
1.63221 -0.456778
1.63255 -0.455566
1.63288 -0.454354
1.63321 -0.453142
1.63354 -0.45193
1.63387 -0.450718
1.6342 -0.449505
1.63453 -0.448292
1.63486 -0.447078
1.63518 -0.445865
1.63551 -0.444651
1.63583 -0.443437
1.63616 -0.442223
1.63648 -0.441008
1.6368 -0.439794
1.63712 -0.438579
1.63744 -0.437363
1.63776 -0.436148
1.63808 -0.434932
1.6384 -0.433716
1.63871 -0.4325
1.63903 -0.431284
1.63934 -0.430067
1.63966 -0.42885
1.63997 -0.427633
1.64028 -0.426416
1.64059 -0.425198
1.6409 -0.42398
1.64121 -0.422763
1.64152 -0.421544
1.64183 -0.420326
1.64213 -0.419107
1.64244 -0.417888
1.64275 -0.416669
1.64305 -0.41545
1.64335 -0.41423
1.64365 -0.41301
1.64396 -0.41179
1.64426 -0.41057
1.64455 -0.409349
1.64485 -0.408128
1.64515 -0.406907
1.64545 -0.405686
1.64574 -0.404465
1.64604 -0.403243
1.64633 -0.402021
1.64663 -0.400799
1.64692 -0.399577
1.64721 -0.398354
1.6475 -0.397132
1.64779 -0.395909
1.64808 -0.394686
1.64836 -0.393462
1.64865 -0.392239
1.64894 -0.391015
1.64922 -0.389791
1.64951 -0.388566
1.64979 -0.387342
1.65007 -0.386117
1.65035 -0.384892
1.65063 -0.383667
1.65091 -0.382442
1.65119 -0.381217
1.65147 -0.379991
1.65175 -0.378765
1.65202 -0.377539
1.6523 -0.376312
1.65257 -0.375086
1.65284 -0.373859
1.65312 -0.372632
1.65339 -0.371405
1.65366 -0.370178
1.65393 -0.36895
1.6542 -0.367722
1.65446 -0.366494
1.65473 -0.365266
1.655 -0.364038
1.65526 -0.362809
1.65553 -0.36158
1.65579 -0.360352
1.65605 -0.359122
1.65631 -0.357893
1.65657 -0.356663
1.65683 -0.355434
1.65709 -0.354204
1.65735 -0.352973
1.65761 -0.351743
1.65786 -0.350513
1.65812 -0.349282
1.65837 -0.348051
1.65862 -0.34682
1.65888 -0.345589
1.65913 -0.344357
1.65938 -0.343126
1.65963 -0.341894
1.65988 -0.340662
1.66012 -0.339429
1.66037 -0.338197
1.66062 -0.336964
1.66086 -0.335732
1.66111 -0.334499
1.66135 -0.333266
1.66159 -0.332032
1.66183 -0.330799
1.66207 -0.329565
1.66231 -0.328331
1.66255 -0.327097
1.66279 -0.325863
1.66303 -0.324629
1.66326 -0.323394
1.6635 -0.322159
1.66373 -0.320924
1.66396 -0.319689
1.6642 -0.318454
1.66443 -0.317219
1.66466 -0.315983
1.66489 -0.314747
1.66512 -0.313511
1.66534 -0.312275
1.66557 -0.311039
1.6658 -0.309802
1.66602 -0.308565
1.66624 -0.307329
1.66647 -0.306092
1.66669 -0.304854
1.66691 -0.303617
1.66713 -0.30238
1.66735 -0.301142
1.66757 -0.299904
1.66779 -0.298666
1.668 -0.297428
1.66822 -0.29619
1.66975 -0.294313
1.67453 -0.290841
1.70944 -0.271264
1.8902 -0.149725
2.36072 0.384842
2.75082 1.7925
2.12045 3.72309
0.782249 5.20944
-0.555949 6.69578
-1.89415 8.18213
-3.09017 9.51056