10 0
8.34026 2.38419e-07
7.01245 3.44217e-06
5.95027 5.1558e-06
5.10036 3.4824e-05
4.42063 6.68168e-05
3.87675 0.000143841
3.44164 0.000268266
3.09356 0.000452686
2.8151 0.000706978
2.59233 0.00103804
2.41411 0.0014497
2.27153 0.00194303
2.15747 0.00251664
2.06622 0.0031673
1.99321 0.00389049
1.93481 0.00468078
1.88808 0.00553224
1.8507 0.00643882
1.82079 0.00739458
1.79686 0.00839379
1.77772 0.00943109
1.7624 0.0105016
1.75014 0.0116008
1.74033 0.0127247
1.73248 0.0138699
1.72619 0.0150331
1.72116 0.0162117
1.71713 0.0174034
1.7139 0.0186061
1.71131 0.019818
1.70924 0.0210378
1.70757 0.0222641
1.70624 0.0234959
1.70516 0.0247322
1.7043 0.0259724
1.7036 0.0272157
1.70304 0.0284616
1.70258 0.0297097
1.70221 0.0309596
1.70191 0.032211
1.70166 0.0334636
1.70145 0.0347173
1.70128 0.0359717
1.70113 0.0372268
1.70101 0.0384825
1.7009 0.0397386
1.70081 0.0409951
1.70073 0.0422519
1.70066 0.043509
1.70059 0.0447662
1.70053 0.0460236
1.70047 0.047281
1.70042 0.0485386
1.70036 0.0497963
1.70031 0.051054
1.70026 0.0523117
1.70021 0.0535694
1.70016 0.0548272
1.70011 0.0560849
1.70006 0.0573427
1.70001 0.0586005
1.69996 0.0598582
1.69991 0.0611159
1.69986 0.0623737
1.69981 0.0636314
1.69976 0.064889
1.69971 0.0661467
1.69965 0.0674042
1.6996 0.0686618
1.69954 0.0699193
1.69948 0.0711768
1.69943 0.0724342
1.69937 0.0736917
1.69931 0.0749491
1.69925 0.0762064
1.69919 0.0774636
1.69912 0.0787209
1.69906 0.0799781
1.699 0.0812352
1.69893 0.0824923
1.69887 0.0837493
1.6988 0.0850064
1.69873 0.0862633
1.69866 0.0875202
1.69859 0.0887771
1.69852 0.0900339
1.69845 0.0912907
1.69838 0.0925474
1.6983 0.093804
1.69823 0.0950606
1.69815 0.0963171
1.69808 0.0975737
1.698 0.0988302
1.69792 0.100087
1.69784 0.101343
1.69776 0.102599
1.69768 0.103855
1.6976 0.105112
1.69752 0.106368
1.69743 0.107624
1.69735 0.10888
1.69726 0.110136
1.69718 0.111392
1.69709 0.112647
1.697 0.113903
1.69691 0.115159
1.69682 0.116414
1.69673 0.11767
1.69664 0.118926
1.69655 0.120181
1.69645 0.121436
1.69636 0.122692
1.69626 0.123947
1.69617 0.125202
1.69607 0.126457
1.69597 0.127712
1.69587 0.128967
1.69577 0.130222
1.69567 0.131477
1.69557 0.132732
1.69546 0.133986
1.69536 0.135241
1.69525 0.136495
1.69515 0.13775
1.69504 0.139004
1.69493 0.140258
1.69483 0.141513
1.69472 0.142767
1.6946 0.144021
1.69449 0.145275
1.69438 0.146529
1.69427 0.147782
1.69415 0.149036
1.69404 0.15029
1.69392 0.151543
1.69381 0.152797
1.69369 0.15405
1.69357 0.155304
1.69345 0.156557
1.69333 0.15781
1.69321 0.159063
1.69308 0.160316
1.69296 0.161569
1.69284 0.162822
1.69271 0.164074
1.69258 0.165327
1.69246 0.166579
1.69233 0.167832
1.6922 0.169084
1.69207 0.170337
1.69194 0.171589
1.69181 0.172841
1.69167 0.174093
1.69154 0.175345
1.69141 0.176596
1.69127 0.177848
1.69113 0.1791
1.691 0.180351
1.69086 0.181602
1.69072 0.182854
1.69058 0.184105
1.69044 0.185356
1.6903 0.186607
1.69015 0.187858
1.69001 0.189109
1.68986 0.190359
1.68972 0.19161
1.68957 0.19286
1.68942 0.194111
1.68928 0.195361
1.68913 0.196611
1.68898 0.197861
1.68883 0.199111
1.68867 0.200361
1.68852 0.20161
1.68837 0.20286
1.68821 0.204109
1.68806 0.205359
1.6879 0.206608
1.68774 0.207857
1.68758 0.209106
1.68742 0.210355
1.68726 0.211604
1.6871 0.212853
1.68694 0.214101
1.68678 0.21535
1.68661 0.216598
1.68645 0.217846
1.68628 0.219094
1.68611 0.220342
1.68595 0.22159
1.68578 0.222838
1.68561 0.224086
1.68544 0.225333
1.68527 0.22658
1.68509 0.227828
1.68492 0.229075
1.68475 0.230322
1.68457 0.231569
1.68439 0.232815
1.68422 0.234062
1.68404 0.235309
1.68386 0.236555
1.68368 0.237801
1.6835 0.239047
1.68332 0.240293
1.68314 0.241539
1.68295 0.242785
1.68277 0.24403
1.68258 0.245276
1.6824 0.246521
1.68221 0.247766
1.68202 0.249011
1.68183 0.250256
1.68164 0.251501
1.68145 0.252745
1.68126 0.25399
1.68107 0.255234
1.68087 0.256478
1.68068 0.257723
1.68048 0.258966
1.68029 0.26021
1.68009 0.261454
1.67989 0.262697
1.67969 0.263941
1.67949 0.265184
1.67929 0.266427
1.67909 0.26767
1.67889 0.268913
1.67868 0.270155
1.67848 0.271398
1.67827 0.27264
1.67807 0.273882
1.67786 0.275124
1.67765 0.276366
1.67744 0.277608
1.67723 0.278849
1.67702 0.280091
1.67681 0.281332
1.6766 0.282573
1.67638 0.283814
1.67617 0.285055
1.67595 0.286295
1.67574 0.287536
1.67552 0.288776
1.6753 0.290016
1.67508 0.291256
1.67486 0.292496
1.67464 0.293736
1.67442 0.294975
1.67419 0.296215
1.67397 0.297454
1.67375 0.298693
1.67352 0.299932
1.67329 0.301171
1.67307 0.302409
1.67284 0.303647
1.67261 0.304886
1.67238 0.306124
1.67215 0.307362
1.67192 0.308599
1.67168 0.309837
1.67145 0.311074
1.67121 0.312311
1.67098 0.313549
1.67074 0.314785
1.6705 0.316022
1.67027 0.317259
1.67003 0.318495
1.66979 0.319731
1.66954 0.320967
1.6693 0.322203
1.66906 0.323438
1.66882 0.324674
1.66857 0.325909
1.66832 0.327144
1.66808 0.328379
1.66783 0.329614
1.66758 0.330849
1.66733 0.332083
1.66708 0.333317
1.66683 0.334551
1.66658 0.335785
1.66633 0.337019
1.66607 0.338252
1.66582 0.339485
1.66556 0.340719
1.6653 0.341951
1.66505 0.343184
1.66479 0.344417
1.66453 0.345649
1.66427 0.346881
1.66401 0.348113
1.66375 0.349345
1.66348 0.350577
1.66322 0.351808
1.66295 0.353039
1.66269 0.35427
1.66242 0.355501
1.66215 0.356732
1.66189 0.357962
1.66162 0.359192
1.66135 0.360422
1.66107 0.361652
1.6608 0.362882
1.66053 0.364111
1.66026 0.36534
1.65998 0.36657
1.6597 0.367798
1.65943 0.369027
1.65915 0.370255
1.65887 0.371484
1.65859 0.372712
1.65831 0.37394
1.65803 0.375167
1.65775 0.376394
1.65747 0.377622
1.65718 0.378849
1.6569 0.380076
1.65661 0.381302
1.65632 0.382528
1.65604 0.383755
1.65575 0.384981
1.65546 0.386206
1.65517 0.387432
1.65488 0.388657
1.65459 0.389882
1.65429 0.391107
1.654 0.392332
1.6537 0.393556
1.65341 0.394781
1.65311 0.396005
1.65281 0.397228
1.65252 0.398452
1.65222 0.399675
1.65192 0.400899
1.65162 0.402122
1.65131 0.403344
1.65101 0.404567
1.65071 0.405789
1.6504 0.407011
1.6501 0.408233
1.64979 0.409455
1.64948 0.410676
1.64917 0.411897
1.64886 0.413118
1.64855 0.414339
1.64824 0.415559
1.64793 0.41678
1.64762 0.418
1.64731 0.419219
1.64699 0.420439
1.64668 0.421658
1.64636 0.422877
1.64604 0.424096
1.64572 0.425315
1.6454 0.426533
1.64508 0.427752
1.64476 0.42897
1.64444 0.430187
1.64412 0.431405
1.6438 0.432622
1.64347 0.433839
1.64315 0.435056
1.64282 0.436272
1.64249 0.437489
1.64216 0.438705
1.64183 0.43992
1.6415 0.441136
1.64117 0.442352
1.64084 0.443567
1.64051 0.444781
1.64018 0.445996
1.63984 0.44721
1.63951 0.448425
1.63917 0.449638
1.63883 0.450852
1.6385 0.452065
1.63816 0.453279
1.63782 0.454491
1.63748 0.455704
1.63713 0.456916
1.63679 0.458129
1.63645 0.459341
1.6361 0.460552
1.63576 0.461764
1.63541 0.462975
1.63507 0.464186
1.63472 0.465396
1.63437 0.466607
1.63402 0.467817
1.63367 0.469027
1.63332 0.470236
1.63297 0.471446
1.63261 0.472655
1.63226 0.473864
1.6319 0.475072
1.63155 0.47628
1.63119 0.477488
1.63083 0.478696
1.63048 0.479904
1.63012 0.481111
1.62976 0.482318
1.62939 0.483525
1.62903 0.484731
1.62867 0.485937
1.62831 0.487143
1.62794 0.488349
1.62758 0.489554
1.62721 0.49076
1.62684 0.491964
1.62647 0.493169
1.6261 0.494373
1.62573 0.495578
1.62536 0.496781
1.62499 0.497985
1.62462 0.499188
1.62424 0.500391
1.62387 0.501594
1.62349 0.502796
1.62312 0.503998
1.62274 0.5052
1.62236 0.506402
1.62198 0.507603
1.6216 0.508805
1.62122 0.510005
1.62084 0.511206
1.62046 0.512406
1.62008 0.513606
1.61969 0.514805
1.61931 0.516005
1.61892 0.517204
1.61853 0.518403
1.61815 0.519601
1.61776 0.520799
1.61737 0.521997
1.61698 0.523195
1.61659 0.524392
1.61619 0.52559
1.6158 0.526786
1.61541 0.527983
1.61501 0.529179
1.61462 0.530375
1.61422 0.531571
1.61382 0.532766
1.61342 0.533961
1.61302 0.535156
1.61262 0.536351
1.61222 0.537545
1.61182 0.538739
1.61142 0.539932
1.61101 0.541126
1.61061 0.542319
1.6102 0.543511
1.6098 0.544704
1.60939 0.545896
1.60898 0.547088
1.60857 0.548279
1.60816 0.54947
1.60775 0.550661
1.60734 0.551852
1.60693 0.553042
1.60652 0.554232
1.6061 0.555422
1.60569 0.556611
1.60527 0.557801
1.60485 0.558989
1.60443 0.560178
1.60402 0.561366
1.6036 0.562554
1.60318 0.563742
1.60276 0.564929
1.60233 0.566116
1.60191 0.567302
1.60149 0.568489
1.60106 0.569675
1.60064 0.570861
1.60021 0.572046
1.59978 0.573231
1.59935 0.574416
1.59892 0.575601
1.59849 0.576785
1.59806 0.577968
1.59763 0.579152
1.5972 0.580335
1.59677 0.581518
1.59633 0.582701
1.5959 0.583883
1.59546 0.585065
1.59502 0.586246
1.59458 0.587428
1.59415 0.588609
1.59371 0.589789
1.59327 0.59097
1.59282 0.59215
1.59238 0.593329
1.59194 0.594509
1.5915 0.595688
1.59105 0.596867
1.5906 0.598045
1.59016 0.599223
1.58971 0.600401
1.58926 0.601578
1.58881 0.602755
1.58836 0.603932
1.58791 0.605108
1.58746 0.606284
1.58701 0.60746
1.58655 0.608636
1.5861 0.609811
1.58564 0.610986
1.58519 0.61216
1.58473 0.613334
1.58427 0.614508
1.58381 0.615681
1.58335 0.616854
1.58289 0.618027
1.58243 0.6192
1.58197 0.620372
1.58151 0.621543
1.58104 0.622715
1.58058 0.623886
1.58011 0.625057
1.57965 0.626227
1.57918 0.627397
1.57871 0.628567
1.57824 0.629736
1.57777 0.630905
1.5773 0.632074
1.57683 0.633242
1.57636 0.63441
1.57588 0.635578
1.57541 0.636745
1.57493 0.637912
1.57446 0.639078
1.57398 0.640245
1.5735 0.641411
1.57303 0.642576
1.57255 0.643741
1.57207 0.644906
1.57158 0.64607
1.5711 0.647235
1.57062 0.648398
1.57014 0.649562
1.56965 0.650725
1.56917 0.651887
1.56868 0.65305
1.56819 0.654212
1.5677 0.655373
1.56721 0.656535
1.56673 0.657696
1.56623 0.658856
1.56574 0.660016
1.56525 0.661176
1.56476 0.662336
1.56426 0.663495
1.56377 0.664653
1.56327 0.665812
1.56278 0.66697
1.56228 0.668128
1.56178 0.669285
1.56128 0.670442
1.56078 0.671598
1.56028 0.672754
1.55978 0.67391
1.55928 0.675066
1.55877 0.676221
1.55827 0.677376
1.55776 0.67853
1.55726 0.679684
1.55675 0.680837
1.55624 0.681991
1.55573 0.683144
1.55523 0.684296
1.55471 0.685448
1.5542 0.6866
1.55369 0.687751
1.55318 0.688902
1.55267 0.690053
1.55215 0.691203
1.55164 0.692353
1.55112 0.693503
1.5506 0.694652
1.55008 0.6958
1.54957 0.696949
1.54905 0.698097
1.54853 0.699244
1.548 0.700391
1.54748 0.701538
1.54696 0.702685
1.54644 0.703831
1.54591 0.704977
1.54539 0.706122
1.54486 0.707267
1.54433 0.708411
1.5438 0.709555
1.54327 0.710699
1.54275 0.711842
1.54221 0.712985
1.54168 0.714128
1.54115 0.71527
1.54062 0.716412
1.54008 0.717553
1.53955 0.718694
1.53901 0.719835
1.53848 0.720975
1.53794 0.722115
1.5374 0.723254
1.53686 0.724393
1.53632 0.725532
1.53578 0.72667
1.53524 0.727808
1.5347 0.728945
1.53416 0.730083
1.53361 0.731219
1.53307 0.732355
1.53252 0.733491
1.53197 0.734627
1.53143 0.735762
1.53088 0.736896
1.53033 0.738031
1.52978 0.739165
1.52923 0.740298
1.52868 0.741431
1.52813 0.742564
1.52757 0.743696
1.52702 0.744828
1.52646 0.745959
1.52591 0.74709
1.52535 0.748221
1.52479 0.749351
1.52423 0.750481
1.52368 0.75161
1.52312 0.752739
1.52256 0.753867
1.52199 0.754996
1.52143 0.756123
1.52087 0.75725
1.5203 0.758377
1.51974 0.759504
1.51917 0.76063
1.51861 0.761756
1.51804 0.762881
1.51747 0.764006
1.5169 0.76513
1.51633 0.766254
1.51576 0.767377
1.51519 0.768501
1.51462 0.769623
1.51404 0.770746
1.51347 0.771868
1.5129 0.772989
1.51232 0.77411
1.51174 0.775231
1.51117 0.776351
1.51059 0.777471
1.51001 0.77859
1.50943 0.779709
1.50885 0.780827
1.50827 0.781945
1.50768 0.783063
1.5071 0.78418
1.50652 0.785297
1.50593 0.786413
1.50535 0.787529
1.50476 0.788645
1.50417 0.78976
1.50359 0.790874
1.503 0.791989
1.50241 0.793103
1.50182 0.794216
1.50123 0.795329
1.50063 0.796441
1.50004 0.797553
1.49945 0.798665
1.49885 0.799776
1.49826 0.800887
1.49766 0.801997
1.49706 0.803107
1.49647 0.804216
1.49587 0.805325
1.49527 0.806434
1.49467 0.807542
1.49407 0.808649
1.49346 0.809757
1.49286 0.810863
1.49226 0.81197
1.49165 0.813076
1.49105 0.814181
1.49044 0.815286
1.48983 0.816391
1.48923 0.817495
1.48862 0.818598
1.48801 0.819701
1.4874 0.820804
1.48679 0.821907
1.48618 0.823008
1.48556 0.82411
1.48495 0.825211
1.48434 0.826311
1.48372 0.827411
1.4831 0.828511
1.48249 0.82961
1.48187 0.830709
1.48125 0.831807
1.48063 0.832905
1.48001 0.834002
1.47939 0.835099
1.47877 0.836195
1.47815 0.837291
1.47753 0.838387
1.4769 0.839482
1.47628 0.840577
1.47565 0.841671
1.47503 0.842764
1.4744 0.843858
1.47377 0.84495
1.47314 0.846043
1.47251 0.847135
1.47188 0.848226
1.47125 0.849317
1.47062 0.850407
1.46999 0.851497
1.46935 0.852587
1.46872 0.853676
1.46808 0.854765
1.46745 0.855853
1.46681 0.85694
1.46617 0.858027
1.46553 0.859114
1.46489 0.8602
1.46425 0.861286
1.46361 0.862371
1.46297 0.863456
1.46233 0.864541
1.46169 0.865625
1.46104 0.866708
1.4604 0.867791
1.45975 0.868873
1.45911 0.869955
1.45846 0.871037
1.45781 0.872118
1.45716 0.873199
1.45651 0.874279
1.45586 0.875358
1.45521 0.876437
1.45456 0.877516
1.45391 0.878594
1.45325 0.879672
1.4526 0.880749
1.45194 0.881826
1.45129 0.882902
1.45063 0.883978
1.44997 0.885053
1.44931 0.886128
1.44865 0.887202
1.44799 0.888276
1.44733 0.88935
1.44667 0.890422
1.44601 0.891495
1.44535 0.892567
1.44468 0.893638
1.44402 0.894709
1.44335 0.895779
1.44269 0.896849
1.44202 0.897919
1.44135 0.898988
1.44068 0.900056
1.44001 0.901124
1.43934 0.902192
1.43867 0.903259
1.438 0.904325
1.43733 0.905391
1.43665 0.906457
1.43598 0.907522
1.43531 0.908587
1.43463 0.909651
1.43395 0.910714
1.43328 0.911777
1.4326 0.91284
1.43192 0.913902
1.43124 0.914963
1.43056 0.916024
1.42988 0.917085
1.4292 0.918145
1.42851 0.919205
1.42783 0.920263
1.42715 0.921322
1.42646 0.92238
1.42577 0.923438
1.42509 0.924495
1.4244 0.925551
1.42371 0.926607
1.42302 0.927663
1.42233 0.928718
1.42164 0.929772
1.42095 0.930826
1.42026 0.93188
1.41957 0.932933
1.41887 0.933985
1.41818 0.935037
1.41748 0.936089
1.41679 0.937139
1.41609 0.93819
1.41539 0.93924
1.41469 0.940289
1.414 0.941338
1.4133 0.942386
1.41259 0.943434
1.41189 0.944482
1.41119 0.945528
1.41049 0.946575
1.40978 0.947621
1.40908 0.948666
1.40837 0.949711
1.40767 0.950755
1.40696 0.951799
1.40625 0.952842
1.40555 0.953885
1.40484 0.954927
1.40413 0.955968
1.40342 0.957009
1.4027 0.95805
1.40199 0.95909
1.40128 0.96013
1.40057 0.961169
1.39985 0.962207
1.39914 0.963245
1.39842 0.964282
1.3977 0.965319
1.39699 0.966356
1.39627 0.967392
1.39555 0.968427
1.39483 0.969462
1.39411 0.970496
1.39339 0.97153
1.39266 0.972563
1.39194 0.973596
1.39122 0.974628
1.39049 0.97566
1.38977 0.976691
1.38904 0.977721
1.38832 0.978751
1.38759 0.979781
1.38686 0.98081
1.38613 0.981838
1.3854 0.982866
1.38467 0.983894
1.38394 0.98492
1.38321 0.985947
1.38247 0.986972
1.38174 0.987998
1.38101 0.989022
1.38027 0.990047
1.37954 0.99107
1.3788 0.992093
1.37806 0.993115
1.37732 0.994137
1.37659 0.995159
1.37585 0.99618
1.37511 0.9972
1.37436 0.99822
1.37362 0.999239
1.37288 1.00026
1.37214 1.00128
1.37139 1.00229
1.37065 1.00331
1.3699 1.00433
1.36916 1.00534
1.36841 1.00636
1.36766 1.00737
1.36691 1.00839
1.36616 1.0094
1.36541 1.01041
1.36466 1.01143
1.36391 1.01244
1.36316 1.01345
1.36241 1.01446
1.36165 1.01547
1.3609 1.01648
1.36014 1.01749
1.35939 1.0185
1.35863 1.01951
1.35787 1.02052
1.35711 1.02152
1.35635 1.02253
1.35559 1.02354
1.35483 1.02454
1.35407 1.02555
1.35331 1.02655
1.35255 1.02755
1.35178 1.02856
1.35102 1.02956
1.35026 1.03056
1.34949 1.03156
1.34872 1.03256
1.34796 1.03357
1.34719 1.03456
1.34642 1.03556
1.34565 1.03656
1.34488 1.03756
1.34411 1.03856
1.34334 1.03956
1.34257 1.04055
1.34179 1.04155
1.34102 1.04254
1.34024 1.04354
1.33947 1.04453
1.33869 1.04553
1.33792 1.04652
1.33714 1.04751
1.33636 1.0485
1.33558 1.04949
1.3348 1.05048
1.33402 1.05147
1.33324 1.05246
1.33246 1.05345
1.33168 1.05444
1.33089 1.05543
1.33011 1.05642
1.32932 1.0574
1.32854 1.05839
1.32775 1.05938
1.32697 1.06036
1.32618 1.06134
1.32539 1.06233
1.3246 1.06331
1.32381 1.06429
1.32302 1.06528
1.32223 1.06626
1.32144 1.06724
1.32064 1.06822
1.31985 1.0692
1.31906 1.07018
1.31826 1.07116
1.31747 1.07213
1.31667 1.07311
1.31587 1.07409
1.31508 1.07507
1.31428 1.07604
1.31348 1.07702
1.31268 1.07799
1.31188 1.07896
1.31108 1.07994
1.31027 1.08091
1.30947 1.08188
1.30867 1.08285
1.30786 1.08382
1.30706 1.08479
1.30625 1.08576
1.30545 1.08673
1.30464 1.0877
1.30383 1.08867
1.30302 1.08964
1.30221 1.0906
1.3014 1.09157
1.30059 1.09254
1.29978 1.0935
1.29897 1.09447
1.29816 1.09543
1.29734 1.09639
1.29653 1.09736
1.29571 1.09832
1.2949 1.09928
1.29408 1.10024
1.29327 1.1012
1.29245 1.10216
1.29163 1.10312
1.29081 1.10408
1.28999 1.10503
1.28917 1.10599
1.28835 1.10695
1.28753 1.1079
1.2867 1.10886
1.28588 1.10981
1.28506 1.11077
1.28423 1.11172
1.28341 1.11268
1.28258 1.11363
1.28175 1.11458
1.28092 1.11553
1.2801 1.11648
1.27927 1.11743
1.27844 1.11838
1.27761 1.11933
1.27678 1.12028
1.27594 1.12122
1.27511 1.12217
1.27428 1.12312
1.27344 1.12406
1.27261 1.12501
1.27177 1.12595
1.27094 1.1269
1.2701 1.12784
1.26926 1.12878
1.26843 1.12972
1.26759 1.13067
1.26675 1.13161
1.26591 1.13255
1.26507 1.13349
1.26423 1.13442
1.26338 1.13536
1.26254 1.1363
1.2617 1.13724
1.26085 1.13817
1.26001 1.13911
1.25916 1.14004
1.25832 1.14098
1.25747 1.14191
1.25662 1.14285
1.25577 1.14378
1.25492 1.14471
1.25407 1.14564
1.25322 1.14657
1.25237 1.1475
1.25152 1.14843
1.25067 1.14936
1.24981 1.15029
1.24896 1.15122
1.24811 1.15214
1.24725 1.15307
1.24639 1.154
1.24554 1.15492
1.24468 1.15585
1.24382 1.15677
1.24296 1.15769
1.2421 1.15862
1.24124 1.15954
1.24038 1.16046
1.23952 1.16138
1.23866 1.1623
1.2378 1.16322
1.23693 1.16414
1.23607 1.16506
1.2352 1.16597
1.23434 1.16689
1.23347 1.16781
1.23261 1.16872
1.23174 1.16964
1.23087 1.17055
1.23 1.17147
1.22913 1.17238
1.22826 1.17329
1.22739 1.1742
1.22652 1.17511
1.22565 1.17603
1.22477 1.17693
1.2239 1.17784
1.22303 1.17875
1.22215 1.17966
1.22127 1.18057
1.2204 1.18147
1.21952 1.18238
1.21864 1.18329
1.21777 1.18419
1.21689 1.18509
1.21601 1.186
1.21513 1.1869
1.21425 1.1878
1.21336 1.1887
1.21248 1.18961
1.2116 1.19051
1.21072 1.19141
1.20983 1.1923
1.20895 1.1932
1.20806 1.1941
1.20717 1.195
1.20629 1.19589
1.2054 1.19679
1.20451 1.19768
1.20362 1.19858
1.20273 1.19947
1.20184 1.20036
1.20095 1.20126
1.20006 1.20215
1.19917 1.20304
1.19828 1.20393
1.19738 1.20482
1.19649 1.20571
1.19559 1.2066
1.1947 1.20748
1.1938 1.20837
1.19291 1.20926
1.19201 1.21014
1.19111 1.21103
1.19021 1.21191
1.18931 1.2128
1.18841 1.21368
1.18751 1.21456
1.18661 1.21545
1.18571 1.21633
1.1848 1.21721
1.1839 1.21809
1.183 1.21897
1.18209 1.21984
1.18119 1.22072
1.18028 1.2216
1.17938 1.22248
1.17847 1.22335
1.17756 1.22423
1.17665 1.2251
1.17574 1.22597
1.17483 1.22685
1.17392 1.22772
1.17301 1.22859
1.1721 1.22946
1.17119 1.23033
1.17028 1.2312
1.16936 1.23207
1.16845 1.23294
1.16753 1.23381
1.16662 1.23468
1.1657 1.23554
1.16478 1.23641
1.16387 1.23727
1.16295 1.23814
1.16203 1.239
1.16111 1.23986
1.16019 1.24073
1.15927 1.24159
1.15835 1.24245
1.15743 1.24331
1.1565 1.24417
1.15558 1.24503
1.15466 1.24589
1.15373 1.24674
1.15281 1.2476
1.15188 1.24846
1.15096 1.24931
1.15003 1.25017
1.1491 1.25102
1.14817 1.25188
1.14724 1.25273
1.14631 1.25358
1.14538 1.25443
1.14445 1.25528
1.14352 1.25613
1.14259 1.25698
1.14166 1.25783
1.14072 1.25868
1.13979 1.25953
1.13886 1.26037
1.13792 1.26122
1.13699 1.26207
1.13605 1.26291
1.13511 1.26375
1.13417 1.2646
1.13324 1.26544
1.1323 1.26628
1.13136 1.26712
1.13042 1.26796
1.12948 1.2688
1.12854 1.26964
1.12759 1.27048
1.12665 1.27132
1.12571 1.27216
1.12476 1.27299
1.12382 1.27383
1.12288 1.27466
1.12193 1.2755
1.12098 1.27633
1.12004 1.27716
1.11909 1.278
1.11814 1.27883
1.11719 1.27966
1.11624 1.28049
1.11529 1.28132
1.11434 1.28215
1.11339 1.28297
1.11244 1.2838
1.11149 1.28463
1.11053 1.28545
1.10958 1.28628
1.10863 1.2871
1.10767 1.28793
1.10672 1.28875
1.10576 1.28957
1.1048 1.29039
1.10385 1.29122
1.10289 1.29204
1.10193 1.29286
1.10097 1.29367
1.10001 1.29449
1.09905 1.29531
1.09809 1.29613
1.09713 1.29694
1.09617 1.29776
1.0952 1.29857
1.09424 1.29939
1.09328 1.3002
1.09231 1.30101
1.09135 1.30182
1.09038 1.30263
1.08942 1.30344
1.08845 1.30425
1.08748 1.30506
1.08651 1.30587
1.08555 1.30668
1.08458 1.30749
1.08361 1.30829
1.08264 1.3091
1.08166 1.3099
1.08069 1.31071
1.07972 1.31151
1.07875 1.31231
1.07778 1.31311
1.0768 1.31391
1.07583 1.31472
1.07485 1.31551
1.07388 1.31631
1.0729 1.31711
1.07192 1.31791
1.07094 1.31871
1.06997 1.3195
1.06899 1.3203
1.06801 1.32109
1.06703 1.32189
1.06605 1.32268
1.06507 1.32347
1.06409 1.32426
1.0631 1.32505
1.06212 1.32584
1.06114 1.32663
1.06015 1.32742
1.05917 1.32821
1.05818 1.329
1.0572 1.32979
1.05621 1.33057
1.05523 1.33136
1.05424 1.33214
1.05325 1.33292
1.05226 1.33371
1.05127 1.33449
1.05028 1.33527
1.04929 1.33605
1.0483 1.33683
1.04731 1.33761
1.04632 1.33839
1.04533 1.33917
1.04433 1.33995
1.04334 1.34072
1.04234 1.3415
1.04135 1.34227
1.04035 1.34305
1.03936 1.34382
1.03836 1.34459
1.03736 1.34537
1.03637 1.34614
1.03537 1.34691
1.03437 1.34768
1.03337 1.34845
1.03237 1.34921
1.03137 1.34998
1.03037 1.35075
1.02937 1.35152
1.02836 1.35228
1.02736 1.35305
1.02636 1.35381
1.02535 1.35457
1.02435 1.35534
1.02334 1.3561
1.02234 1.35686
1.02133 1.35762
1.02033 1.35838
1.01932 1.35914
1.01831 1.35989
1.0173 1.36065
1.01629 1.36141
1.01528 1.36216
1.01427 1.36292
1.01326 1.36367
1.01225 1.36443
1.01124 1.36518
1.01023 1.36593
1.00922 1.36668
1.0082 1.36743
1.00719 1.36818
1.00617 1.36893
1.00516 1.36968
1.00414 1.37043
1.00313 1.37118
1.00211 1.37192
1.00109 1.37267
1.00007 1.37341
0.999056 1.37416
0.998037 1.3749
0.997018 1.37564
0.995998 1.37638
0.994977 1.37712
0.993956 1.37787
0.992934 1.3786
0.991912 1.37934
0.990889 1.38008
0.989866 1.38082
0.988842 1.38155
0.987818 1.38229
0.986793 1.38303
0.985768 1.38376
0.984742 1.38449
0.983715 1.38523
0.982688 1.38596
0.98166 1.38669
0.980632 1.38742
0.979603 1.38815
0.978574 1.38888
0.977544 1.3896
0.976514 1.39033
0.975483 1.39106
0.974452 1.39178
0.97342 1.39251
0.972388 1.39323
0.971355 1.39396
0.970321 1.39468
0.969287 1.3954
0.968253 1.39612
0.967217 1.39684
0.966182 1.39756
0.965146 1.39828
0.964109 1.399
0.963072 1.39972
0.962034 1.40043
0.960996 1.40115
0.959957 1.40187
0.958917 1.40258
0.957878 1.40329
0.956837 1.40401
0.955796 1.40472
0.954755 1.40543
0.953713 1.40614
0.95267 1.40685
0.951627 1.40756
0.950584 1.40827
0.94954 1.40898
0.948495 1.40968
0.94745 1.41039
0.946405 1.41109
0.945358 1.4118
0.944312 1.4125
0.943264 1.4132
0.942217 1.41391
0.941169 1.41461
0.94012 1.41531
0.939071 1.41601
0.938021 1.41671
0.936971 1.4174
0.93592 1.4181
0.934869 1.4188
0.933817 1.41949
0.932764 1.42019
0.931712 1.42088
0.930658 1.42158
0.929605 1.42227
0.92855 1.42296
0.927495 1.42365
0.92644 1.42434
0.925384 1.42503
0.924327 1.42572
0.923271 1.42641
0.922213 1.4271
0.921155 1.42779
0.920097 1.42847
0.919038 1.42916
0.917979 1.42984
0.916919 1.43052
0.915858 1.43121
0.914797 1.43189
0.913736 1.43257
0.912674 1.43325
0.911611 1.43393
0.910548 1.43461
0.909485 1.43529
0.908421 1.43596
0.907357 1.43664
0.906292 1.43732
0.905226 1.43799
0.90416 1.43866
0.903094 1.43934
0.902027 1.44001
0.900959 1.44068
0.899891 1.44135
0.898823 1.44202
0.897754 1.44269
0.896685 1.44336
0.895615 1.44403
0.894544 1.4447
0.893473 1.44536
0.892402 1.44603
0.89133 1.44669
0.890258 1.44736
0.889185 1.44802
0.888112 1.44868
0.887038 1.44934
0.885964 1.45
0.884889 1.45066
0.883813 1.45132
0.882738 1.45198
0.881661 1.45264
0.880585 1.4533
0.879508 1.45395
0.87843 1.45461
0.877352 1.45526
0.876273 1.45591
0.875194 1.45657
0.874114 1.45722
0.873034 1.45787
0.871954 1.45852
0.870873 1.45917
0.869791 1.45982
0.868709 1.46047
0.867627 1.46112
0.866544 1.46176
0.86546 1.46241
0.864376 1.46305
0.863292 1.4637
0.862207 1.46434
0.861122 1.46498
0.860036 1.46562
0.858949 1.46626
0.857863 1.4669
0.856776 1.46754
0.855688 1.46818
0.8546 1.46882
0.853511 1.46946
0.852422 1.47009
0.851332 1.47073
0.850242 1.47136
0.849152 1.472
0.848061 1.47263
0.846969 1.47326
0.845877 1.47389
0.844785 1.47452
0.843692 1.47515
0.842599 1.47578
0.841505 1.47641
0.840411 1.47704
0.839316 1.47766
0.838221 1.47829
0.837125 1.47891
0.836029 1.47954
0.834933 1.48016
0.833836 1.48078
0.832738 1.4814
0.83164 1.48202
0.830542 1.48264
0.829443 1.48326
0.828344 1.48388
0.827244 1.4845
0.826144 1.48512
0.825043 1.48573
0.823942 1.48635
0.822841 1.48696
0.821739 1.48758
0.820636 1.48819
0.819533 1.4888
0.81843 1.48941
0.817326 1.49002
0.816222 1.49063
0.815117 1.49124
0.814012 1.49185
0.812907 1.49245
0.811801 1.49306
0.810694 1.49367
0.809587 1.49427
0.80848 1.49487
0.807372 1.49548
0.806264 1.49608
0.805155 1.49668
0.804046 1.49728
0.802936 1.49788
0.801826 1.49848
0.800716 1.49908
0.799605 1.49967
0.798493 1.50027
0.797382 1.50087
0.796269 1.50146
0.795157 1.50205
0.794044 1.50265
0.79293 1.50324
0.79167 1.50487
0.788057 1.51788
0.766226 1.59281
0.63123 1.8387
0.140948 2.29962
-1.31731 2.50966
-3.23866 1.95431
-5.16001 1.39896
-7.08136 0.843611
-9.00271 0.28826
-10 -0