-8.09017 5.87785
-6.74741 4.90228
-5.67321 4.12182
-4.81389 3.49747
-4.12633 2.99793
-3.57643 2.59833
-3.13647 2.2786
-2.78455 2.02276
-2.50306 1.81802
-2.27794 1.65414
-2.09791 1.52293
-1.95398 1.41785
-1.83893 1.33365
-1.747 1.26615
-1.67356 1.21199
-1.61494 1.1685
-1.56816 1.13354
-1.53086 1.10539
-1.50116 1.08269
-1.47754 1.06434
-1.45877 1.04947
-1.4439 1.03738
-1.43214 1.02752
-1.42288 1.01943
-1.41561 1.01276
-1.40994 1.00722
-1.40554 1.00259
-1.40217 0.998683
-1.39962 0.995356
-1.39772 0.99249
-1.39635 0.989994
-1.3954 0.987793
-1.39478 0.985827
-1.39443 0.98405
-1.3943 0.982423
-1.39433 0.980917
-1.39451 0.979506
-1.39479 0.978171
-1.39516 0.976898
-1.3956 0.975673
-1.3961 0.974487
-1.39664 0.973332
-1.39722 0.972201
-1.39783 0.97109
-1.39846 0.969994
-1.3991 0.968911
-1.39976 0.967838
-1.40043 0.966772
-1.40111 0.965712
-1.4018 0.964657
-1.40249 0.963605
-1.40319 0.962556
-1.40389 0.96151
-1.40459 0.960465
-1.4053 0.959421
-1.406 0.958378
-1.40671 0.957335
-1.40741 0.956293
-1.40812 0.955252
-1.40883 0.95421
-1.40953 0.953168
-1.41024 0.952126
-1.41095 0.951084
-1.41165 0.950042
-1.41236 0.949
-1.41307 0.947958
-1.41377 0.946914
-1.41448 0.945871
-1.41518 0.944826
-1.41588 0.943781
-1.41658 0.942736
-1.41728 0.94169
-1.41798 0.940644
-1.41868 0.939597
-1.41938 0.93855
-1.42008 0.937502
-1.42078 0.936453
-1.42147 0.935405
-1.42217 0.934355
-1.42286 0.933305
-1.42356 0.932255
-1.42425 0.931204
-1.42494 0.930152
-1.42563 0.9291
-1.42632 0.928048
-1.42701 0.926995
-1.4277 0.925942
-1.42839 0.924888
-1.42908 0.923833
-1.42977 0.922778
-1.43045 0.921723
-1.43114 0.920667
-1.43182 0.91961
-1.43251 0.918553
-1.43319 0.917496
-1.43387 0.916438
-1.43455 0.915379
-1.43523 0.91432
-1.43591 0.913261
-1.43659 0.912201
-1.43727 0.91114
-1.43795 0.910079
-1.43862 0.909018
-1.4393 0.907956
-1.43997 0.906893
-1.44065 0.90583
-1.44132 0.904767
-1.442 0.903703
-1.44267 0.902638
-1.44334 0.901573
-1.44401 0.900508
-1.44468 0.899442
-1.44535 0.898376
-1.44602 0.897309
-1.44668 0.896241
-1.44735 0.895173
-1.44801 0.894105
-1.44868 0.893036
-1.44934 0.891967
-1.45001 0.890897
-1.45067 0.889827
-1.45133 0.888756
-1.45199 0.887685
-1.45265 0.886613
-1.45331 0.885541
-1.45397 0.884468
-1.45463 0.883395
-1.45528 0.882321
-1.45594 0.881247
-1.4566 0.880172
-1.45725 0.879097
-1.4579 0.878021
-1.45856 0.876945
-1.45921 0.875868
-1.45986 0.874791
-1.46051 0.873714
-1.46116 0.872636
-1.46181 0.871557
-1.46246 0.870478
-1.46311 0.869399
-1.46375 0.868319
-1.4644 0.867239
-1.46504 0.866158
-1.46569 0.865076
-1.46633 0.863994
-1.46697 0.862912
-1.46761 0.861829
-1.46826 0.860746
-1.4689 0.859663
-1.46953 0.858578
-1.47017 0.857494
-1.47081 0.856409
-1.47145 0.855323
-1.47208 0.854237
-1.47272 0.85315
-1.47335 0.852064
-1.47399 0.850976
-1.47462 0.849888
-1.47525 0.8488
-1.47588 0.847711
-1.47651 0.846622
-1.47714 0.845532
-1.47777 0.844442
-1.4784 0.843351
-1.47903 0.84226
-1.47966 0.841168
-1.48028 0.840076
-1.48091 0.838984
-1.48153 0.837891
-1.48215 0.836797
-1.48278 0.835703
-1.4834 0.834609
-1.48402 0.833514
-1.48464 0.832419
-1.48526 0.831323
-1.48588 0.830227
-1.48649 0.829131
-1.48711 0.828034
-1.48773 0.826936
-1.48834 0.825838
-1.48896 0.82474
-1.48957 0.823641
-1.49018 0.822541
-1.49079 0.821442
-1.4914 0.820342
-1.49201 0.819241
-1.49262 0.81814
-1.49323 0.817038
-1.49384 0.815936
-1.49445 0.814834
-1.49505 0.813731
-1.49566 0.812628
-1.49626 0.811524
-1.49687 0.810419
-1.49747 0.809315
-1.49807 0.80821
-1.49867 0.807104
-1.49927 0.805998
-1.49987 0.804892
-1.50047 0.803785
-1.50107 0.802678
-1.50167 0.80157
-1.50226 0.800462
-1.50286 0.799353
-1.50345 0.798244
-1.50405 0.797135
-1.50464 0.796025
-1.50523 0.794914
-1.50582 0.793804
-1.50642 0.792692
-1.507 0.791581
-1.50759 0.790469
-1.50818 0.789356
-1.50877 0.788243
-1.50936 0.78713
-1.50994 0.786016
-1.51053 0.784902
-1.51111 0.783787
-1.51169 0.782672
-1.51228 0.781557
-1.51286 0.780441
-1.51344 0.779324
-1.51402 0.778208
-1.5146 0.77709
-1.51518 0.775973
-1.51575 0.774855
-1.51633 0.773736
-1.51691 0.772617
-1.51748 0.771498
-1.51805 0.770378
-1.51863 0.769258
-1.5192 0.768137
-1.51977 0.767016
-1.52034 0.765895
-1.52091 0.764773
-1.52148 0.763651
-1.52205 0.762528
-1.52262 0.761405
-1.52318 0.760282
-1.52375 0.759158
-1.52431 0.758033
-1.52488 0.756909
-1.52544 0.755783
-1.526 0.754658
-1.52657 0.753532
-1.52713 0.752406
-1.52769 0.751279
-1.52825 0.750152
-1.5288 0.749024
-1.52936 0.747896
-1.52992 0.746767
-1.53047 0.745639
-1.53103 0.744509
-1.53158 0.74338
-1.53214 0.74225
-1.53269 0.741119
-1.53324 0.739988
-1.53379 0.738857
-1.53434 0.737725
-1.53489 0.736593
-1.53544 0.735461
-1.53599 0.734328
-1.53653 0.733195
-1.53708 0.732061
-1.53762 0.730927
-1.53817 0.729792
-1.53871 0.728658
-1.53925 0.727522
-1.53979 0.726387
-1.54033 0.725251
-1.54087 0.724114
-1.54141 0.722977
-1.54195 0.72184
-1.54249 0.720702
-1.54303 0.719564
-1.54356 0.718426
-1.5441 0.717287
-1.54463 0.716148
-1.54516 0.715008
-1.5457 0.713868
-1.54623 0.712728
-1.54676 0.711587
-1.54729 0.710446
-1.54782 0.709304
-1.54834 0.708162
-1.54887 0.70702
-1.5494 0.705877
-1.54992 0.704734
-1.55045 0.703591
-1.55097 0.702447
-1.55149 0.701303
-1.55202 0.700158
-1.55254 0.699013
-1.55306 0.697868
-1.55358 0.696722
-1.5541 0.695576
-1.55461 0.694429
-1.55513 0.693283
-1.55565 0.692135
-1.55616 0.690988
-1.55668 0.68984
-1.55719 0.688691
-1.5577 0.687542
-1.55822 0.686393
-1.55873 0.685244
-1.55924 0.684094
-1.55975 0.682943
-1.56026 0.681793
-1.56076 0.680642
-1.56127 0.67949
-1.56178 0.678339
-1.56228 0.677187
-1.56279 0.676034
-1.56329 0.674881
-1.56379 0.673728
-1.56429 0.672574
-1.56479 0.67142
-1.56529 0.670266
-1.56579 0.669111
-1.56629 0.667956
-1.56679 0.666801
-1.56729 0.665645
-1.56778 0.664489
-1.56828 0.663332
-1.56877 0.662175
-1.56926 0.661018
-1.56976 0.659861
-1.57025 0.658703
-1.57074 0.657544
-1.57123 0.656386
-1.57172 0.655227
-1.5722 0.654067
-1.57269 0.652908
-1.57318 0.651747
-1.57366 0.650587
-1.57415 0.649426
-1.57463 0.648265
-1.57511 0.647103
-1.5756 0.645941
-1.57608 0.644779
-1.57656 0.643617
-1.57704 0.642454
-1.57752 0.641291
-1.57799 0.640127
-1.57847 0.638963
-1.57895 0.637799
-1.57942 0.636634
-1.5799 0.635469
-1.58037 0.634303
-1.58084 0.633138
-1.58131 0.631972
-1.58178 0.630805
-1.58225 0.629639
-1.58272 0.628472
-1.58319 0.627304
-1.58366 0.626136
-1.58413 0.624968
-1.58459 0.6238
-1.58506 0.622631
-1.58552 0.621462
-1.58598 0.620292
-1.58645 0.619123
-1.58691 0.617953
-1.58737 0.616782
-1.58783 0.615611
-1.58829 0.61444
-1.58874 0.613268
-1.5892 0.612097
-1.58966 0.610924
-1.59011 0.609752
-1.59057 0.608579
-1.59102 0.607406
-1.59147 0.606233
-1.59192 0.605059
-1.59237 0.603885
-1.59282 0.60271
-1.59327 0.601535
-1.59372 0.60036
-1.59417 0.599185
-1.59462 0.598009
-1.59506 0.596833
-1.59551 0.595656
-1.59595 0.59448
-1.59639 0.593302
-1.59684 0.592125
-1.59728 0.590947
-1.59772 0.589769
-1.59816 0.588591
-1.5986 0.587412
-1.59903 0.586233
-1.59947 0.585054
-1.59991 0.583874
-1.60034 0.582694
-1.60078 0.581514
-1.60121 0.580333
-1.60164 0.579152
-1.60207 0.577971
-1.60251 0.57679
-1.60294 0.575608
-1.60336 0.574426
-1.60379 0.573243
-1.60422 0.57206
-1.60465 0.570877
-1.60507 0.569694
-1.6055 0.56851
-1.60592 0.567326
-1.60634 0.566142
-1.60677 0.564957
-1.60719 0.563772
-1.60761 0.562587
-1.60803 0.561401
-1.60845 0.560215
-1.60886 0.559029
-1.60928 0.557843
-1.6097 0.556656
-1.61011 0.555469
-1.61053 0.554281
-1.61094 0.553093
-1.61135 0.551906
-1.61176 0.550717
-1.61217 0.549529
-1.61258 0.54834
-1.61299 0.54715
-1.6134 0.545961
-1.61381 0.544771
-1.61421 0.543581
-1.61462 0.542391
-1.61502 0.5412
-1.61543 0.540009
-1.61583 0.538818
-1.61623 0.537626
-1.61663 0.536434
-1.61703 0.535242
-1.61743 0.53405
-1.61783 0.532857
-1.61823 0.531664
-1.61862 0.53047
-1.61902 0.529277
-1.61942 0.528083
-1.61981 0.526889
-1.6202 0.525694
-1.62059 0.5245
-1.62099 0.523305
-1.62138 0.522109
-1.62177 0.520914
-1.62215 0.519718
-1.62254 0.518522
-1.62293 0.517325
-1.62331 0.516128
-1.6237 0.514931
-1.62408 0.513734
-1.62447 0.512536
-1.62485 0.511338
-1.62523 0.51014
-1.62561 0.508942
-1.62599 0.507743
-1.62637 0.506544
-1.62675 0.505345
-1.62713 0.504145
-1.6275 0.502946
-1.62788 0.501745
-1.62825 0.500545
-1.62863 0.499345
-1.629 0.498144
-1.62937 0.496942
-1.62974 0.495741
-1.63011 0.494539
-1.63048 0.493337
-1.63085 0.492135
-1.63122 0.490933
-1.63158 0.48973
-1.63195 0.488527
-1.63231 0.487324
-1.63268 0.48612
-1.63304 0.484916
-1.6334 0.483712
-1.63376 0.482508
-1.63412 0.481303
-1.63448 0.480098
-1.63484 0.478893
-1.6352 0.477687
-1.63555 0.476482
-1.63591 0.475276
-1.63626 0.47407
-1.63662 0.472863
-1.63697 0.471657
-1.63732 0.47045
-1.63768 0.469242
-1.63803 0.468035
-1.63838 0.466827
-1.63872 0.465619
-1.63907 0.464411
-1.63942 0.463203
-1.63976 0.461994
-1.64011 0.460785
-1.64045 0.459576
-1.6408 0.458366
-1.64114 0.457156
-1.64148 0.455946
-1.64182 0.454736
-1.64216 0.453526
-1.6425 0.452315
-1.64284 0.451104
-1.64317 0.449893
-1.64351 0.448681
-1.64385 0.44747
-1.64418 0.446258
-1.64451 0.445045
-1.64485 0.443833
-1.64518 0.44262
-1.64551 0.441407
-1.64584 0.440194
-1.64617 0.438981
-1.64649 0.437767
-1.64682 0.436553
-1.64715 0.435339
-1.64747 0.434125
-1.6478 0.43291
-1.64812 0.431695
-1.64844 0.43048
-1.64877 0.429265
-1.64909 0.428049
-1.64941 0.426834
-1.64973 0.425618
-1.65004 0.424401
-1.65036 0.423185
-1.65068 0.421968
-1.65099 0.420751
-1.65131 0.419534
-1.65162 0.418317
-1.65193 0.417099
-1.65225 0.415881
-1.65256 0.414663
-1.65287 0.413445
-1.65318 0.412227
-1.65348 0.411008
-1.65379 0.409789
-1.6541 0.40857
-1.6544 0.40735
-1.65471 0.406131
-1.65501 0.404911
-1.65531 0.403691
-1.65562 0.402471
-1.65592 0.40125
-1.65622 0.400029
-1.65652 0.398808
-1.65681 0.397587
-1.65711 0.396366
-1.65741 0.395144
-1.6577 0.393923
-1.658 0.392701
-1.65829 0.391478
-1.65858 0.390256
-1.65888 0.389033
-1.65917 0.38781
-1.65946 0.386587
-1.65975 0.385364
-1.66004 0.384141
-1.66032 0.382917
-1.66061 0.381693
-1.6609 0.380469
-1.66118 0.379245
-1.66146 0.37802
-1.66175 0.376795
-1.66203 0.37557
-1.66231 0.374345
-1.66259 0.37312
-1.66287 0.371894
-1.66315 0.370669
-1.66343 0.369442
-1.6637 0.368216
-1.66398 0.36699
-1.66425 0.365763
-1.66453 0.364537
-1.6648 0.36331
-1.66507 0.362083
-1.66534 0.360855
-1.66561 0.359628
-1.66588 0.3584
-1.66615 0.357172
-1.66642 0.355944
-1.66668 0.354716
-1.66695 0.353487
-1.66721 0.352258
-1.66748 0.35103
-1.66774 0.3498
-1.668 0.348571
-1.66826 0.347342
-1.66852 0.346112
-1.66878 0.344882
-1.66904 0.343652
-1.6693 0.342422
-1.66956 0.341192
-1.66981 0.339961
-1.67007 0.33873
-1.67032 0.337499
-1.67057 0.336268
-1.67083 0.335037
-1.67108 0.333805
-1.67133 0.332574
-1.67158 0.331342
-1.67182 0.33011
-1.67207 0.328877
-1.67232 0.327645
-1.67256 0.326412
-1.67281 0.32518
-1.67305 0.323947
-1.6733 0.322714
-1.67354 0.32148
-1.67378 0.320247
-1.67402 0.319013
-1.67426 0.317779
-1.6745 0.316545
-1.67473 0.315311
-1.67497 0.314077
-1.67521 0.312842
-1.67544 0.311608
-1.67567 0.310373
-1.67591 0.309138
-1.67614 0.307903
-1.67637 0.306667
-1.6766 0.305432
-1.67683 0.304196
-1.67706 0.30296
-1.67728 0.301724
-1.67751 0.300488
-1.67774 0.299252
-1.67796 0.298015
-1.67819 0.296779
-1.67841 0.295542
-1.67863 0.294305
-1.67885 0.293068
-1.67907 0.291831
-1.67929 0.290593
-1.67951 0.289356
-1.67973 0.288118
-1.67994 0.28688
-1.68016 0.285642
-1.68037 0.284404
-1.68059 0.283165
-1.6808 0.281927
-1.68101 0.280688
-1.68122 0.279449
-1.68143 0.27821
-1.68164 0.276971
-1.68185 0.275732
-1.68206 0.274492
-1.68226 0.273253
-1.68247 0.272013
-1.68267 0.270773
-1.68288 0.269533
-1.68308 0.268293
-1.68328 0.267053
-1.68348 0.265812
-1.68368 0.264571
-1.68388 0.263331
-1.68408 0.26209
-1.68427 0.260849
-1.68447 0.259608
-1.68467 0.258366
-1.68486 0.257125
-1.68505 0.255883
-1.68525 0.254642
-1.68544 0.2534
-1.68563 0.252158
-1.68582 0.250915
-1.68601 0.249673
-1.6862 0.248431
-1.68638 0.247188
-1.68657 0.245946
-1.68675 0.244703
-1.68694 0.24346
-1.68712 0.242217
-1.6873 0.240973
-1.68749 0.23973
-1.68767 0.238487
-1.68785 0.237243
-1.68802 0.235999
-1.6882 0.234755
-1.68838 0.233511
-1.68856 0.232267
-1.68873 0.231023
-1.6889 0.229779
-1.68908 0.228534
-1.68925 0.22729
-1.68942 0.226045
-1.68959 0.2248
-1.68976 0.223555
-1.68993 0.22231
-1.6901 0.221065
-1.69026 0.219819
-1.69043 0.218574
-1.6906 0.217328
-1.69076 0.216083
-1.69092 0.214837
-1.69108 0.213591
-1.69125 0.212345
-1.69141 0.211099
-1.69157 0.209852
-1.69172 0.208606
-1.69188 0.207359
-1.69204 0.206113
-1.69219 0.204866
-1.69235 0.203619
-1.6925 0.202372
-1.69266 0.201125
-1.69281 0.199878
-1.69296 0.198631
-1.69311 0.197383
-1.69326 0.196136
-1.69341 0.194888
-1.69355 0.193641
-1.6937 0.192393
-1.69385 0.191145
-1.69399 0.189897
-1.69413 0.188649
-1.69428 0.187401
-1.69442 0.186152
-1.69456 0.184904
-1.6947 0.183655
-1.69484 0.182407
-1.69498 0.181158
-1.69511 0.179909
-1.69525 0.17866
-1.69539 0.177411
-1.69552 0.176162
-1.69565 0.174913
-1.69579 0.173664
-1.69592 0.172414
-1.69605 0.171165
-1.69618 0.169915
-1.69631 0.168666
-1.69644 0.167416
-1.69656 0.166166
-1.69669 0.164916
-1.69681 0.163666
-1.69694 0.162416
-1.69706 0.161166
-1.69719 0.159915
-1.69731 0.158665
-1.69743 0.157415
-1.69755 0.156164
-1.69767 0.154913
-1.69778 0.153663
-1.6979 0.152412
-1.69802 0.151161
-1.69813 0.14991
-1.69825 0.148659
-1.69836 0.147408
-1.69847 0.146157
-1.69858 0.144906
-1.69869 0.143654
-1.6988 0.142403
-1.69891 0.141151
-1.69902 0.1399
-1.69913 0.138648
-1.69923 0.137396
-1.69934 0.136144
-1.69944 0.134893
-1.69954 0.133641
-1.69965 0.132389
-1.69975 0.131137
-1.69985 0.129884
-1.69995 0.128632
-1.70004 0.12738
-1.70014 0.126128
-1.70024 0.124875
-1.70033 0.123623
-1.70043 0.12237
-1.70052 0.121117
-1.70062 0.119865
-1.70071 0.118612
-1.7008 0.117359
-1.70089 0.116106
-1.70098 0.114853
-1.70107 0.1136
-1.70115 0.112347
-1.70124 0.111094
-1.70133 0.109841
-1.70141 0.108587
-1.70149 0.107334
-1.70158 0.106081
-1.70166 0.104827
-1.70174 0.103574
-1.70182 0.10232
-1.7019 0.101067
-1.70198 0.0998131
-1.70205 0.0985594
-1.70213 0.0973057
-1.7022 0.0960519
-1.70228 0.0947981
-1.70235 0.0935441
-1.70242 0.0922901
-1.7025 0.0910362
-1.70257 0.0897821
-1.70264 0.0885279
-1.7027 0.0872738
-1.70277 0.0860196
-1.70284 0.0847654
-1.7029 0.0835111
-1.70297 0.0822568
-1.70303 0.0810023
-1.7031 0.079748
-1.70316 0.0784935
-1.70322 0.077239
-1.70328 0.0759844
-1.70334 0.0747299
-1.7034 0.0734753
-1.70346 0.0722207
-1.70351 0.0709659
-1.70357 0.0697112
-1.70362 0.0684564
-1.70368 0.0672015
-1.70373 0.0659467
-1.70378 0.0646918
-1.70383 0.063437
-1.70388 0.062182
-1.70393 0.060927
-1.70398 0.059672
-1.70403 0.0584169
-1.70408 0.0571618
-1.70412 0.0559067
-1.70417 0.0546516
-1.70421 0.0533964
-1.70425 0.0521412
-1.70429 0.0508861
-1.70433 0.0496308
-1.70437 0.0483755
-1.70441 0.0471202
-1.70445 0.0458648
-1.70449 0.0446096
-1.70453 0.0433542
-1.70456 0.0420988
-1.7046 0.0408434
-1.70463 0.039588
-1.70466 0.0383325
-1.70469 0.037077
-1.70472 0.0358215
-1.70475 0.034566
-1.70478 0.0333105
-1.70481 0.0320551
-1.70484 0.0307994
-1.70486 0.0295439
-1.70489 0.0282883
-1.70491 0.0270328
-1.70494 0.0257771
-1.70496 0.0245214
-1.70498 0.0232658
-1.705 0.0220101
-1.70502 0.0207545
-1.70504 0.0194987
-1.70506 0.0182431
-1.70507 0.0169874
-1.70509 0.0157317
-1.7051 0.0144759
-1.70512 0.0132202
-1.70513 0.0119645
-1.70514 0.0107087
-1.70515 0.00945305
-1.70516 0.00819737
-1.70517 0.00694154
-1.70518 0.00568585
-1.70519 0.00443015
-1.7052 0.00317431
-1.7052 0.00191854
-1.70521 0.00066284
-1.70521 -0.00059293
-1.70521 -0.00184864
-1.70521 -0.00310435
-1.70522 -0.00436014
-1.70522 -0.00561593
-1.70521 -0.00687162
-1.70521 -0.00812731
-1.70521 -0.00938307
-1.70521 -0.0106388
-1.7052 -0.0118945
-1.7052 -0.0131502
-1.70519 -0.0144058
-1.70518 -0.0156615
-1.70517 -0.0169172
-1.70516 -0.0181729
-1.70515 -0.0194285
-1.70514 -0.020684
-1.70513 -0.0219397
-1.70512 -0.0231953
-1.7051 -0.0244509
-1.70509 -0.0257065
-1.70507 -0.0269621
-1.70506 -0.0282177
-1.70504 -0.0294731
-1.70502 -0.0307287
-1.705 -0.0319842
-1.70498 -0.0332397
-1.70496 -0.0344951
-1.70494 -0.0357505
-1.70491 -0.037006
-1.70489 -0.0382614
-1.70487 -0.0395168
-1.70484 -0.0407722
-1.70481 -0.0420275
-1.70478 -0.0432828
-1.70476 -0.0445381
-1.70473 -0.0457933
-1.7047 -0.0470486
-1.70466 -0.0483038
-1.70463 -0.049559
-1.7046 -0.0508141
-1.70456 -0.0520692
-1.70453 -0.0533243
-1.70449 -0.0545794
-1.70446 -0.0558344
-1.70442 -0.0570895
-1.70438 -0.0583444
-1.70434 -0.0595992
-1.7043 -0.0608542
-1.70426 -0.0621091
-1.70421 -0.0633638
-1.70417 -0.0646187
-1.70413 -0.0658734
-1.70408 -0.0671282
-1.70403 -0.0683829
-1.70399 -0.0696375
-1.70394 -0.0708921
-1.70389 -0.0721467
-1.70384 -0.0734012
-1.70379 -0.0746556
-1.70374 -0.0759101
-1.70368 -0.0771645
-1.70363 -0.0784189
-1.70357 -0.0796731
-1.70352 -0.0809274
-1.70346 -0.0821817
-1.7034 -0.0834358
-1.70335 -0.0846899
-1.70329 -0.0859439
-1.70323 -0.087198
-1.70317 -0.088452
-1.7031 -0.089706
-1.70304 -0.0909598
-1.70298 -0.0922136
-1.70291 -0.0934674
-1.70284 -0.0947212
-1.70278 -0.0959748
-1.70271 -0.0972285
-1.70264 -0.098482
-1.70257 -0.0997355
-1.7025 -0.100989
-1.70243 -0.102242
-1.70236 -0.103496
-1.70229 -0.104749
-1.70221 -0.106002
-1.70214 -0.107255
-1.70206 -0.108509
-1.70198 -0.109761
-1.7019 -0.111014
-1.70183 -0.112267
-1.70175 -0.11352
-1.70167 -0.114773
-1.70158 -0.116026
-1.7015 -0.117278
-1.70142 -0.118531
-1.70133 -0.119784
-1.70125 -0.121036
-1.70116 -0.122288
-1.70107 -0.123541
-1.70099 -0.124793
-1.7009 -0.126045
-1.70081 -0.127297
-1.70072 -0.128549
-1.70062 -0.129801
-1.70053 -0.131053
-1.70044 -0.132305
-1.70034 -0.133557
-1.70025 -0.134809
-1.70015 -0.13606
-1.70005 -0.137312
-1.69996 -0.138563
-1.69986 -0.139814
-1.69976 -0.141066
-1.69966 -0.142317
-1.69955 -0.143568
-1.69945 -0.144819
-1.69935 -0.14607
-1.69924 -0.147321
-1.69914 -0.148572
-1.69903 -0.149823
-1.69892 -0.151073
-1.69881 -0.152324
-1.6987 -0.153575
-1.69859 -0.154825
-1.69848 -0.156075
-1.69837 -0.157325
-1.69826 -0.158576
-1.69814 -0.159826
-1.69803 -0.161076
-1.69791 -0.162326
-1.6978 -0.163575
-1.69768 -0.164825
-1.69756 -0.166075
-1.69744 -0.167324
-1.69732 -0.168574
-1.6972 -0.169823
-1.69708 -0.171072
-1.69695 -0.172321
-1.69683 -0.17357
-1.6967 -0.174819
-1.69658 -0.176068
-1.69645 -0.177317
-1.69632 -0.178566
-1.69619 -0.179814
-1.69606 -0.181063
-1.69593 -0.182311
-1.6958 -0.183559
-1.69567 -0.184807
-1.69554 -0.186056
-1.6954 -0.187303
-1.69527 -0.188551
-1.69513 -0.189799
-1.69499 -0.191047
-1.69485 -0.192294
-1.69472 -0.193542
-1.69458 -0.194789
-1.69444 -0.196036
-1.69429 -0.197283
-1.69415 -0.19853
-1.69401 -0.199777
-1.69386 -0.201024
-1.69372 -0.202271
-1.69357 -0.203517
-1.69342 -0.204764
-1.69328 -0.20601
-1.69313 -0.207256
-1.69298 -0.208502
-1.69283 -0.209748
-1.69267 -0.210994
-1.69252 -0.21224
-1.69237 -0.213485
-1.69221 -0.214731
-1.69206 -0.215976
-1.6919 -0.217222
-1.69174 -0.218467
-1.69159 -0.219712
-1.69143 -0.220957
-1.69127 -0.222202
-1.6911 -0.223446
-1.69094 -0.224691
-1.69078 -0.225935
-1.69062 -0.227179
-1.69045 -0.228424
-1.69029 -0.229668
-1.69012 -0.230912
-1.68995 -0.232155
-1.68978 -0.233399
-1.68961 -0.234643
-1.68944 -0.235886
-1.68927 -0.237129
-1.6891 -0.238372
-1.68893 -0.239615
-1.68875 -0.240858
-1.68858 -0.242101
-1.6884 -0.243344
-1.68823 -0.244586
-1.68805 -0.245829
-1.68787 -0.247071
-1.68769 -0.248313
-1.68751 -0.249555
-1.68733 -0.250797
-1.68715 -0.252038
-1.68696 -0.25328
-1.68678 -0.254521
-1.68659 -0.255762
-1.68641 -0.257003
-1.68622 -0.258244
-1.68603 -0.259485
-1.68585 -0.260726
-1.68566 -0.261966
-1.68547 -0.263207
-1.68527 -0.264447
-1.68508 -0.265687
-1.68489 -0.266927
-1.68469 -0.268167
-1.6845 -0.269406
-1.6843 -0.270646
-1.68411 -0.271885
-1.68391 -0.273125
-1.68371 -0.274364
-1.68351 -0.275603
-1.68331 -0.276841
-1.68311 -0.27808
-1.68291 -0.279318
-1.6827 -0.280557
-1.6825 -0.281795
-1.68229 -0.283033
-1.68209 -0.284271
-1.68188 -0.285508
-1.68167 -0.286746
-1.68146 -0.287983
-1.68125 -0.28922
-1.68104 -0.290457
-1.68083 -0.291694
-1.68062 -0.292931
-1.68041 -0.294168
-1.68019 -0.295404
-1.67998 -0.29664
-1.67976 -0.297876
-1.67954 -0.299112
-1.67932 -0.300348
-1.67911 -0.301583
-1.67889 -0.302819
-1.67867 -0.304054
-1.67844 -0.305289
-1.67822 -0.306524
-1.678 -0.307759
-1.67777 -0.308993
-1.67755 -0.310228
-1.67732 -0.311462
-1.6771 -0.312696
-1.67687 -0.31393
-1.67664 -0.315164
-1.67641 -0.316397
-1.67618 -0.317631
-1.67595 -0.318864
-1.67571 -0.320097
-1.67548 -0.32133
-1.67525 -0.322562
-1.67501 -0.323795
-1.67477 -0.325027
-1.67454 -0.326259
-1.6743 -0.327491
-1.67406 -0.328723
-1.67382 -0.329954
-1.67358 -0.331186
-1.67334 -0.332417
-1.6731 -0.333648
-1.67285 -0.334879
-1.67261 -0.33611
-1.67236 -0.33734
-1.67212 -0.33857
-1.67187 -0.339801
-1.67162 -0.34103
-1.67137 -0.34226
-1.67112 -0.34349
-1.67087 -0.344719
-1.67062 -0.345948
-1.67037 -0.347177
-1.67011 -0.348406
-1.66986 -0.349635
-1.6696 -0.350863
-1.66935 -0.352091
-1.66909 -0.353319
-1.66883 -0.354547
-1.66857 -0.355775
-1.66831 -0.357002
-1.66805 -0.358229
-1.66779 -0.359456
-1.66753 -0.360683
-1.66727 -0.36191
-1.667 -0.363136
-1.66674 -0.364362
-1.66647 -0.365588
-1.6662 -0.366814
-1.66593 -0.36804
-1.66567 -0.369265
-1.6654 -0.370491
-1.66512 -0.371716
-1.66485 -0.372941
-1.66458 -0.374165
-1.66431 -0.37539
-1.66403 -0.376614
-1.66376 -0.377838
-1.66348 -0.379062
-1.6632 -0.380285
-1.66293 -0.381509
-1.66265 -0.382732
-1.66237 -0.383955
-1.66209 -0.385177
-1.66181 -0.3864
-1.66152 -0.387622
-1.66124 -0.388844
-1.66096 -0.390066
-1.66067 -0.391288
-1.66038 -0.392509
-1.6601 -0.393731
-1.65981 -0.394952
-1.65952 -0.396173
-1.65923 -0.397393
-1.65894 -0.398614
-1.65865 -0.399834
-1.65836 -0.401054
-1.65806 -0.402273
-1.65777 -0.403493
-1.65747 -0.404712
-1.65718 -0.405931
-1.65688 -0.40715
-1.65658 -0.408369
-1.65628 -0.409587
-1.65598 -0.410805
-1.65568 -0.412023
-1.65538 -0.413241
-1.65508 -0.414458
-1.65478 -0.415676
-1.65447 -0.416893
-1.65417 -0.418109
-1.65386 -0.419326
-1.65355 -0.420542
-1.65325 -0.421758
-1.65294 -0.422974
-1.65263 -0.42419
-1.65232 -0.425405
-1.65201 -0.426621
-1.6517 -0.427835
-1.65138 -0.42905
-1.65107 -0.430265
-1.65075 -0.431479
-1.65044 -0.432693
-1.65012 -0.433906
-1.6498 -0.43512
-1.64948 -0.436333
-1.64916 -0.437546
-1.64884 -0.438759
-1.64852 -0.439972
-1.6482 -0.441184
-1.64788 -0.442396
-1.64755 -0.443608
-1.64723 -0.444819
-1.6469 -0.446031
-1.64658 -0.447242
-1.64625 -0.448453
-1.64592 -0.449663
-1.64559 -0.450874
-1.64526 -0.452084
-1.64493 -0.453294
-1.6446 -0.454503
-1.64427 -0.455713
-1.64393 -0.456922
-1.6436 -0.458131
-1.64326 -0.459339
-1.64293 -0.460548
-1.64259 -0.461756
-1.64225 -0.462964
-1.64191 -0.464171
-1.64157 -0.465379
-1.64123 -0.466586
-1.64089 -0.467792
-1.64055 -0.468999
-1.6402 -0.470205
-1.63986 -0.471411
-1.63951 -0.472617
-1.63917 -0.473823
-1.63882 -0.475028
-1.63847 -0.476233
-1.63812 -0.477438
-1.63777 -0.478642
-1.63742 -0.479846
-1.63707 -0.48105
-1.63672 -0.482254
-1.63636 -0.483458
-1.63601 -0.484661
-1.63566 -0.485864
-1.6353 -0.487066
-1.63494 -0.488269
-1.63458 -0.489471
-1.63423 -0.490673
-1.63387 -0.491874
-1.63351 -0.493076
-1.63314 -0.494277
-1.63278 -0.495477
-1.63242 -0.496678
-1.63205 -0.497878
-1.63169 -0.499078
-1.63132 -0.500278
-1.63096 -0.501477
-1.63059 -0.502676
-1.63022 -0.503875
-1.62985 -0.505074
-1.62948 -0.506272
-1.62911 -0.50747
-1.62874 -0.508668
-1.62837 -0.509865
-1.62799 -0.511062
-1.62762 -0.512259
-1.62724 -0.513456
-1.62687 -0.514652
-1.62649 -0.515848
-1.62611 -0.517044
-1.62573 -0.518239
-1.62535 -0.519435
-1.62497 -0.520629
-1.62459 -0.521824
-1.62421 -0.523018
-1.62382 -0.524212
-1.62344 -0.525406
-1.62305 -0.5266
-1.62267 -0.527793
-1.62228 -0.528986
-1.62189 -0.530178
-1.6215 -0.531371
-1.62111 -0.532563
-1.62072 -0.533754
-1.62033 -0.534946
-1.61994 -0.536137
-1.61955 -0.537328
-1.61915 -0.538519
-1.61876 -0.539709
-1.61836 -0.540899
-1.61796 -0.542088
-1.61757 -0.543278
-1.61717 -0.544467
-1.61677 -0.545656
-1.61637 -0.546844
-1.61597 -0.548032
-1.61557 -0.54922
-1.61516 -0.550408
-1.61476 -0.551595
-1.61435 -0.552782
-1.61395 -0.553969
-1.61354 -0.555155
-1.61313 -0.556341
-1.61273 -0.557527
-1.61232 -0.558712
-1.61191 -0.559898
-1.6115 -0.561082
-1.61109 -0.562267
-1.61067 -0.563451
-1.61026 -0.564635
-1.60985 -0.565819
-1.60943 -0.567002
-1.60901 -0.568185
-1.6086 -0.569368
-1.60818 -0.57055
-1.60776 -0.571732
-1.60734 -0.572914
-1.60692 -0.574095
-1.6065 -0.575276
-1.60608 -0.576457
-1.60565 -0.577637
-1.60523 -0.578818
-1.60481 -0.579997
-1.60438 -0.581177
-1.60395 -0.582356
-1.60353 -0.583535
-1.6031 -0.584714
-1.60267 -0.585892
-1.60224 -0.58707
-1.60181 -0.588247
-1.60138 -0.589425
-1.60094 -0.590601
-1.60051 -0.591778
-1.60008 -0.592954
-1.59964 -0.59413
-1.5992 -0.595306
-1.59877 -0.596481
-1.59833 -0.597656
-1.59789 -0.598831
-1.59745 -0.600005
-1.59701 -0.601179
-1.59657 -0.602353
-1.59613 -0.603526
-1.59569 -0.604699
-1.59524 -0.605872
-1.5948 -0.607044
-1.59435 -0.608216
-1.5939 -0.609388
-1.59346 -0.610559
-1.59301 -0.61173
-1.59256 -0.612901
-1.59211 -0.614071
-1.59166 -0.615241
-1.59121 -0.616411
-1.59075 -0.61758
-1.5903 -0.618749
-1.58985 -0.619918
-1.58939 -0.621086
-1.58894 -0.622254
-1.58848 -0.623422
-1.58802 -0.624589
-1.58756 -0.625756
-1.5871 -0.626923
-1.58664 -0.628089
-1.58618 -0.629255
-1.58572 -0.630421
-1.58526 -0.631586
-1.58479 -0.632751
-1.58433 -0.633915
-1.58386 -0.635079
-1.5834 -0.636243
-1.58293 -0.637407
-1.58246 -0.63857
-1.58199 -0.639733
-1.58152 -0.640895
-1.58105 -0.642057
-1.58058 -0.643219
-1.58011 -0.64438
-1.57964 -0.645541
-1.57916 -0.646702
-1.57869 -0.647862
-1.57821 -0.649022
-1.57773 -0.650182
-1.57726 -0.651341
-1.57678 -0.6525
-1.5763 -0.653659
-1.57582 -0.654817
-1.57534 -0.655975
-1.57486 -0.657132
-1.57437 -0.658289
-1.57389 -0.659446
-1.57341 -0.660602
-1.57292 -0.661758
-1.57243 -0.662914
-1.57195 -0.664069
-1.57146 -0.665224
-1.57097 -0.666379
-1.57048 -0.667533
-1.56999 -0.668687
-1.5695 -0.66984
-1.56901 -0.670993
-1.56851 -0.672146
-1.56802 -0.673298
-1.56753 -0.67445
-1.56703 -0.675602
-1.56653 -0.676753
-1.56604 -0.677904
-1.56554 -0.679055
-1.56504 -0.680205
-1.56454 -0.681355
-1.56404 -0.682504
-1.56354 -0.683653
-1.56304 -0.684802
-1.56253 -0.68595
-1.56203 -0.687098
-1.56152 -0.688245
-1.56102 -0.689392
-1.56051 -0.690539
-1.56001 -0.691685
-1.5595 -0.692832
-1.55899 -0.693977
-1.55848 -0.695122
-1.55797 -0.696267
-1.55746 -0.697412
-1.55694 -0.698556
-1.55643 -0.699699
-1.55592 -0.700843
-1.5554 -0.701986
-1.55489 -0.703128
-1.55437 -0.70427
-1.55385 -0.705412
-1.55333 -0.706554
-1.55281 -0.707695
-1.55229 -0.708835
-1.55177 -0.709975
-1.55125 -0.711115
-1.55073 -0.712255
-1.55021 -0.713394
-1.54968 -0.714533
-1.54916 -0.715671
-1.54863 -0.716809
-1.5481 -0.717946
-1.54758 -0.719083
-1.54705 -0.72022
-1.54652 -0.721356
-1.54599 -0.722492
-1.54546 -0.723628
-1.54492 -0.724763
-1.54439 -0.725898
-1.54386 -0.727032
-1.54332 -0.728166
-1.54279 -0.729299
-1.54225 -0.730433
-1.54172 -0.731565
-1.54118 -0.732698
-1.54064 -0.73383
-1.5401 -0.734961
-1.53956 -0.736092
-1.53902 -0.737223
-1.53848 -0.738353
-1.53794 -0.739483
-1.53739 -0.740613
-1.53685 -0.741742
-1.5363 -0.742871
-1.53719 -0.748601
-1.53373 -0.764738
-1.47351 -0.780122
-1.16788 -0.84337
-0.483357 -1.50096
1.29794 -2.41033
3.07925 -3.31971
4.86055 -4.22909
6.64185 -5.13846
8.09017 -5.87785