-4 7
-4.07184 6.76054
-4.14367 6.52109
-4.21551 6.28163
-4.28735 6.04217
-4.35918 5.80272
-4.43102 5.56326
-4.50286 5.3238
-4.5747 5.08435
-4.64653 4.84489
-4.71837 4.60543
-4.79021 4.36598
-4.86204 4.12652
-4.93388 3.88706
-5.00572 3.64761
-5.07755 3.40815
-5.14939 3.16869
-5.22123 2.92924
-5.29307 2.68978
-5.3649 2.45032
-5.43674 2.21087
-5.50858 1.97141
-5.58041 1.73195
-5.65225 1.4925
-5.72409 1.25304
-5.79592 1.01358
-5.86776 0.774128
-5.9396 0.534671
-6.01143 0.295215
-6.08301 0.0558786
-6.15123 -0.181812
-6.21624 -0.417767
-6.27822 -0.651859
-6.33742 -0.883896
-6.39415 -1.11359
-6.44895 -1.34048
-6.50276 -1.56388
-6.55747 -1.78287
-6.61693 -1.99709
-6.68515 -2.20898
-6.76243 -2.4228
-6.84011 -2.63681
-6.91766 -2.85079
-6.99509 -3.06474
-7.07239 -3.27867
-7.14956 -3.49258
-7.2266 -3.70645
-7.30351 -3.9203
-7.38028 -4.13412
-7.45692 -4.34792
-7.53342 -4.56169
-7.60448 -4.80137
-7.67554 -5.04106
-7.74661 -5.28075
-7.81767 -5.52043
-7.88873 -5.76012
-7.95979 -5.99981
-8.03086 -6.2395
-8.10192 -6.47918
-8.17298 -6.71887
-8.24404 -6.95856
-8.31511 -7.19825
-8.38617 -7.43793
-8.45723 -7.67762
-8.52829 -7.91731
-8.59935 -8.157
-8.67042 -8.39668
-8.74148 -8.63637
-8.81254 -8.87606
-8.8836 -9.11575
-8.95466 -9.35544
-9.02573 -9.59512
-9.09679 -9.83481
-9.16785 -10.0745
-9.23891 -10.3142
-9.30997 -10.5539
-9.38104 -10.7936
-9.4521 -11.0333
-9.52316 -11.2729
-9.59422 -11.5126
-9.66529 -11.7523
-9.73635 -11.992
-9.80741 -12.2317
-9.87847 -12.4714
-9.94954 -12.7111
-10.0206 -12.9508
-10.0917 -13.1904
-10.1627 -13.4301
-10.2338 -13.6698
-10.3049 -13.9095
-10.3759 -14.1492
-10.447 -14.3889
-10.518 -14.6286
-10.5891 -14.8683
-10.6602 -15.1079
-10.7312 -15.3476
-10.8023 -15.5873
-10.8734 -15.827
-10.9444 -16.0667
-11.0155 -16.3064
-11.0865 -16.5461
-11.1576 -16.7858
-11.2287 -17.0254
-11.2997 -17.2651
-11.3708 -17.5048
-11.4419 -17.7445
-11.5129 -17.9842
-11.584 -18.2239
-11.655 -18.4636
-11.7261 -18.7033
-11.7972 -18.9429
-11.8682 -19.1826
-11.9393 -19.4223
-12.0104 -19.662
-12.0814 -19.9017
-12.1525 -20.1414
-12.2235 -20.3811
-12.2946 -20.6208
-12.3657 -20.8604
-12.4367 -21.1001
-12.5078 -21.3398
-12.5788 -21.5795
-12.6499 -21.8192
-12.721 -22.0589
-12.7193 -22.0891
-12.7193 -22.0891
-12.7193 -22.0891
-12.7193 -22.0891
-12.7193 -22.0891
-12.7193 -22.0891
-12.7193 -22.0891
-12.7193 -22.0891
-12.7193 -22.0891
-12.7193 -22.0891
-12.7193 -22.0891
-12.7193 -22.0891
-12.7193 -22.0891
-12.7193 -22.0891
-12.7193 -22.0891
-12.7193 -22.0891
-12.7193 -22.0891
-12.7193 -22.0891
-12.7193 -22.0891
-12.7193 -22.0891
-12.7193 -22.0891
-13 -23