-22 -21
-21.7793 -20.9044
-21.5641 -20.8098
-21.354 -20.7155
-21.1489 -20.6204
-20.9492 -20.5233
-20.7548 -20.4221
-20.565 -20.3145
-20.3769 -20.2019
-20.1889 -20.0892
-20.0009 -19.9766
-19.8128 -19.864
-19.6247 -19.7514
-19.4367 -19.6389
-19.2486 -19.5264
-19.0605 -19.4138
-18.8724 -19.3014
-18.6843 -19.1889
-18.4961 -19.0764
-18.308 -18.964
-18.1199 -18.8516
-17.9317 -18.7393
-17.7435 -18.6269
-17.5554 -18.5146
-17.3672 -18.4023
-17.179 -18.29
-16.9907 -18.1777
-16.8025 -18.0655
-16.6143 -17.9533
-16.426 -17.8411
-16.2378 -17.729
-16.0495 -17.6168
-15.8612 -17.5047
-15.6729 -17.3926
-15.4846 -17.2806
-15.2963 -17.1686
-15.108 -17.0566
-14.9196 -16.9446
-14.7312 -16.8326
-14.5429 -16.7207
-14.3545 -16.6088
-14.1661 -16.497
-13.9777 -16.3851
-13.7893 -16.2733
-13.6008 -16.1615
-13.4113 -16.0486
-13.2122 -15.9287
-13.0063 -15.8061
-12.7897 -15.6812
-12.5731 -15.5564
-12.3566 -15.4315
-12.14 -15.3066
-11.9234 -15.1817
-11.7068 -15.0568
-11.4903 -14.932
-11.2737 -14.8071
-11.0571 -14.6822
-10.8405 -14.5573
-10.624 -14.4324
-10.4074 -14.3076
-10.1908 -14.1827
-9.97425 -14.0578
-9.75767 -13.9329
-9.5411 -13.808
-9.32452 -13.6831
-9.10795 -13.5583
-8.89137 -13.4334
-8.6748 -13.3085
-8.45823 -13.1836
-8.24165 -13.0587
-8.02508 -12.9339
-7.8085 -12.809
-7.59193 -12.6841
-7.37535 -12.5592
-7.15878 -12.4343
-6.9422 -12.3095
-6.72563 -12.1846
-6.50905 -12.0597
-6.29247 -11.9348
-6.0759 -11.8099
-5.85932 -11.6851
-5.64275 -11.5602
-5.42617 -11.4353
-5.2096 -11.3104
-4.99302 -11.1855
-4.77645 -11.0607
-4.55987 -10.9358
-4.3433 -10.8109
-4.12672 -10.686
-3.91015 -10.5611
-3.69357 -10.4362
-3.477 -10.3114
-3.26042 -10.1865
-3.04385 -10.0616
-2.82727 -9.93672
-2.6107 -9.81184
-2.39412 -9.68696
-2.17755 -9.56208
-1.96097 -9.4372
-1.7444 -9.31232
-1.52782 -9.18744
-1.31125 -9.06256
-1.09467 -8.93768
-0.878097 -8.8128
-0.661522 -8.68792
-0.444947 -8.56304
-0.228372 -8.43816
-0.0117968 -8.31327
0.204778 -8.18839
0.421353 -8.06351
0.637928 -7.93863
0.854503 -7.81375
1.07108 -7.68887
1.28765 -7.56399
1.50423 -7.43911
1.7208 -7.31423
1.93738 -7.18934
2.15395 -7.06446
2.37053 -6.93958
2.5871 -6.8147
2.80368 -6.68982
3.02025 -6.56494
3.23683 -6.44006
3.23683 -6.44006
3.23683 -6.44006
3.23683 -6.44006
3.23683 -6.44006
3.23683 -6.44006
3.23683 -6.44006
3.23683 -6.44006
3.23683 -6.44006
3.23683 -6.44006
3.23683 -6.44006
3.23683 -6.44006
3.23683 -6.44006
3.23683 -6.44006
3.23683 -6.44006
3.23683 -6.44006
3.23683 -6.44006
3.23683 -6.44006
3.23683 -6.44006
3.23683 -6.44006
3.23683 -6.44006
3.23683 -6.44006
3.23683 -6.44006
4 -6