-23 -14
-22.7529 -14.0287
-22.5049 -14.0563
-22.2558 -14.0829
-22.0053 -14.1088
-21.753 -14.1347
-21.4991 -14.1614
-21.2439 -14.1899
-20.9885 -14.22
-20.7331 -14.2502
-20.4776 -14.2804
-20.2221 -14.3107
-19.9667 -14.3409
-19.7112 -14.3712
-19.4557 -14.4015
-19.2002 -14.4319
-18.9446 -14.4622
-18.6891 -14.4926
-18.4336 -14.5231
-18.178 -14.5535
-17.9224 -14.584
-17.6668 -14.6145
-17.4112 -14.645
-17.1556 -14.6756
-16.9 -14.7062
-16.6443 -14.7368
-16.3887 -14.7675
-16.133 -14.7981
-15.8773 -14.8289
-15.6216 -14.8596
-15.3659 -14.8904
-15.1102 -14.9212
-14.8544 -14.952
-14.5986 -14.9829
-14.3429 -15.0138
-14.0871 -15.0447
-13.8313 -15.0757
-13.5754 -15.1067
-13.3196 -15.1377
-13.0638 -15.1688
-12.8079 -15.1999
-12.552 -15.231
-12.2961 -15.2622
-12.0402 -15.2934
-11.7842 -15.3247
-11.5295 -15.3567
-11.282 -15.392
-11.0345 -15.4274
-10.787 -15.4627
-10.5396 -15.498
-10.2921 -15.5333
-10.0446 -15.5686
-9.79708 -15.604
-9.54958 -15.6393
-9.30209 -15.6746
-9.0546 -15.7099
-8.80711 -15.7452
-8.55961 -15.7806
-8.31212 -15.8159
-8.06463 -15.8512
-7.81714 -15.8865
-7.56964 -15.9218
-7.32215 -15.9572
-7.07466 -15.9925
-6.82717 -16.0278
-6.57967 -16.0631
-6.33218 -16.0984
-6.08469 -16.1337
-5.8372 -16.1691
-5.5897 -16.2044
-5.34221 -16.2397
-5.09472 -16.275
-4.84723 -16.3103
-4.59974 -16.3457
-4.35224 -16.381
-4.10475 -16.4163
-3.85726 -16.4516
-3.60977 -16.4869
-3.36227 -16.5223
-3.11478 -16.5576
-2.86729 -16.5929
-2.6198 -16.6282
-2.3723 -16.6635
-2.12481 -16.6988
-1.87732 -16.7342
-1.62983 -16.7695
-1.38233 -16.8048
-1.13484 -16.8401
-0.887348 -16.8754
-0.639855 -16.9108
-0.392363 -16.9461
-0.14487 -16.9814
0.102622 -17.0167
0.350115 -17.052
0.597607 -17.0874
0.8451 -17.1227
1.09259 -17.158
1.34009 -17.1933
1.58758 -17.2286
1.83507 -17.264
2.08256 -17.2993
2.33006 -17.3346
2.57755 -17.3699
2.82504 -17.4052
3.07253 -17.4406
3.32003 -17.4759
3.56752 -17.5112
3.81501 -17.5465
4.0625 -17.5818
4.31 -17.6172
4.55749 -17.6525
4.80498 -17.6878
5.05247 -17.7231
5.29996 -17.7584
5.54746 -17.7937
5.79495 -17.8291
6.04244 -17.8644
6.28993 -17.8997
6.53743 -17.935
6.78492 -17.9703
7.03241 -18.0057
7.2799 -18.041
7.5274 -18.0763
7.77489 -18.1116
8.02238 -18.1469
8.26987 -18.1823
8.51737 -18.2176
8.76486 -18.2529
9.01235 -18.2882
9.25984 -18.3235
9.50734 -18.3589
9.75483 -18.3942
10.0023 -18.4295
10.2498 -18.4648
10.4973 -18.5001
10.7448 -18.5355
10.9923 -18.5708
11.2398 -18.6061
11.4873 -18.6414
11.7348 -18.6767
11.9823 -18.7121
12.2298 -18.7474
12.4773 -18.7827
12.7247 -18.818
12.9722 -18.8533
14 -19