-25 -1
-24.7929 -1.1092
-24.5822 -1.24373
-24.3715 -1.37826
-24.1608 -1.51279
-23.9501 -1.64733
-23.7394 -1.78186
-23.5286 -1.91639
-23.3179 -2.05092
-23.1072 -2.18546
-22.8965 -2.31999
-22.6858 -2.45452
-22.4751 -2.58905
-22.2643 -2.72359
-22.0536 -2.85812
-21.8429 -2.99265
-21.6322 -3.12718
-21.4215 -3.26171
-21.2108 -3.39625
-21 -3.53078
-20.7893 -3.66531
-20.5786 -3.79984
-20.3679 -3.93438
-20.1572 -4.06891
-19.9465 -4.20344
-19.7357 -4.33798
-19.525 -4.47251
-19.3143 -4.60704
-19.1036 -4.74157
-18.8931 -4.87623
-18.686 -5.01252
-18.4822 -5.15046
-18.2815 -5.29009
-18.0837 -5.43153
-17.8886 -5.57501
-17.6956 -5.72097
-17.5038 -5.87018
-17.3111 -6.02382
-17.1159 -6.18107
-16.9192 -6.33943
-16.7218 -6.49738
-16.5241 -6.65515
-16.3261 -6.81288
-16.128 -6.97059
-15.9299 -7.12829
-15.7317 -7.28598
-15.5329 -7.44354
-15.3288 -7.60002
-15.1184 -7.75521
-14.8992 -7.9086
-14.8533 -8.09739
-14.8454 -8.22379
-14.8556 -8.31412
-14.8805 -8.38164
-14.9183 -8.42897
-14.9597 -8.46063
-15.0118 -8.38482
-14.9941 -8.20583
-14.9763 -8.05969
-15.0074 -8.04659
-14.9931 -7.93536
-15.0192 -7.92427
-15.0132 -7.83961
-15.0144 -7.77339
-15.0213 -7.72137
-15.0327 -7.67998
-15.0472 -7.64641
-15.0642 -7.61862
-15.083 -7.59507
-15.1031 -7.57468
-15.1241 -7.55663
-15.146 -7.54035
-15.1683 -7.52539
-15.1912 -7.51145
-15.2143 -7.49829
-15.2377 -7.48572
-15.2613 -7.47361
-15.285 -7.46185
-15.3089 -7.45038
-15.3329 -7.43913
-15.3569 -7.42806
-15.381 -7.41712
-15.4051 -7.40629
-15.4293 -7.39556
-15.4535 -7.38489
-15.4777 -7.37428
-15.502 -7.36372
-15.5262 -7.3532
-15.5505 -7.34271
-15.5748 -7.33224
-15.5853 -7.31045
-15.5307 -7.26436
-15.4149 -7.23327
-15.2494 -7.24324
-15.0526 -7.30993
-14.8442 -7.43866
-14.636 -7.57708
-14.636 -7.57708
-14.636 -7.57708
-14.636 -7.57708
-14.636 -7.57708
-14.636 -7.57708
-14.636 -7.57708
-14.636 -7.57708
-14.636 -7.57708
-14.636 -7.57708
-14.636 -7.57708
-14.636 -7.57708
-14.636 -7.57708
-14.636 -7.57708
-14.636 -7.57708
-14.636 -7.57708
-14.636 -7.57708
-14.636 -7.57708
-14.636 -7.57708
-14.636 -7.57708
-14.636 -7.57708
-14.636 -7.57708
-14.636 -7.57708
-14.636 -7.57708
-14.636 -7.57708
-14.636 -7.57708
-14.636 -7.57708
-14.636 -7.57708
-14.636 -7.57708
-14.636 -7.57708
-14.636 -7.57708
-14.636 -7.57708
-14.636 -7.57708
-14.636 -7.57708
-14.636 -7.57708
-14.636 -7.57708
-14.636 -7.57708
-14.636 -7.57708
-14.636 -7.57708
-14.636 -7.57708
-14.636 -7.57708
-14.636 -7.57708
-14.636 -7.57708
-14.636 -7.57708
-14.636 -7.57708
-14.636 -7.57708
-14.636 -7.57708
-14.636 -7.57708
-14.636 -7.57708
-14 -8