-3 11
-3.07008 10.9902
-3.18632 10.8403
-3.30782 10.6219
-3.42932 10.4034
-3.55083 10.1849
-3.67233 9.96639
-3.79383 9.7479
-3.91533 9.52941
-4.03683 9.31092
-4.15833 9.09244
-4.27983 8.87395
-4.40134 8.65546
-4.52284 8.43697
-4.64434 8.21848
-4.76584 7.99999
-4.88734 7.7815
-5.00884 7.56301
-5.13034 7.34452
-5.25185 7.12604
-5.37335 6.90755
-5.49485 6.68906
-5.61635 6.47057
-5.73785 6.25208
-5.85935 6.03359
-5.98085 5.8151
-6.10236 5.59661
-6.22386 5.37812
-6.34536 5.15963
-6.46686 4.94114
-6.58836 4.72265
-6.70986 4.50417
-6.83136 4.28568
-6.95287 4.06719
-7.07437 3.8487
-7.19587 3.63021
-7.31737 3.41172
-7.43887 3.19323
-7.56037 2.97474
-7.68187 2.75625
-7.80338 2.53776
-7.92488 2.31928
-8.04638 2.10079
-8.16788 1.8823
-8.28938 1.66381
-8.41088 1.44532
-8.53238 1.22683
-8.65388 1.00834
-8.77538 0.789853
-8.89688 0.571364
-9.01839 0.352875
-9.13989 0.134386
-9.26139 -0.0841029
-9.38289 -0.302592
-9.50439 -0.521081
-9.62589 -0.73957
-9.74739 -0.958059
-9.86889 -1.17655
-9.99039 -1.39504
-10.1119 -1.61353
-10.2334 -1.83201
-10.3549 -2.0505
-10.4764 -2.26899
-10.5979 -2.48748
-10.7194 -2.70597
-10.8409 -2.92446
-10.9624 -3.14295
-11.0839 -3.36144
-11.2054 -3.57993
-11.3269 -3.79841
-11.4484 -4.0169
-11.5699 -4.23539
-11.6914 -4.45388
-11.8129 -4.67237
-11.9344 -4.89086
-12.0559 -5.10935
-12.1774 -5.32784
-12.2989 -5.54632
-12.4204 -5.76481
-12.5419 -5.9833
-12.6634 -6.20179
-12.7849 -6.42028
-12.9064 -6.63877
-13.0279 -6.85726
-13.1494 -7.07575
-13.2709 -7.29423
-13.3924 -7.51272
-13.5139 -7.73121
-13.6354 -7.9497
-13.7569 -8.16819
-13.8784 -8.38668
-13.9999 -8.60517
-14.1214 -8.82366
-14.2429 -9.04214
-14.3644 -9.26063
-14.4859 -9.47912
-14.6074 -9.69761
-14.7289 -9.9161
-14.8504 -10.1346
-14.9719 -10.3531
-15.0935 -10.5716
-15.215 -10.7901
-15.3365 -11.0085
-15.458 -11.227
-15.5795 -11.4455
-15.701 -11.664
-15.8225 -11.8825
-15.944 -12.101
-16.0655 -12.3195
-16.187 -12.538
-16.3085 -12.7565
-16.43 -12.9749
-16.5515 -13.1934
-16.5839 -13.2622
-16.5839 -13.2622
-16.5839 -13.2622
-16.5839 -13.2622
-16.5839 -13.2622
-16.5839 -13.2622
-16.5839 -13.2622
-16.5839 -13.2622
-16.5839 -13.2622
-16.5839 -13.2622
-16.5839 -13.2622
-16.5839 -13.2622
-16.5839 -13.2622
-16.5839 -13.2622
-16.5839 -13.2622
-16.5839 -13.2622
-16.5839 -13.2622
-16.5839 -13.2622
-16.5839 -13.2622
-16.5839 -13.2622
-16.5839 -13.2622
-16.5839 -13.2622
-16.5839 -13.2622
-16.5839 -13.2622
-16.5839 -13.2622
-16.5839 -13.2622
-16.5839 -13.2622
-16.5839 -13.2622
-16.5839 -13.2622
-16.5839 -13.2622
-16.5839 -13.2622
-16.5839 -13.2622
-17 -14