6 1
6.13652 0.939
6.35977 0.826501
6.58303 0.714003
6.80629 0.601504
7.02955 0.489006
7.25281 0.376507
7.38193 0.334161
7.45717 0.324793
7.5025 0.32808
7.53371 0.33478
7.56029 0.341804
7.58717 0.347879
7.61651 0.351537
7.64753 0.350902
7.67846 0.344147
7.70625 0.33025
7.731 0.312754
7.75576 0.295259
7.78051 0.277764
7.80527 0.260268
7.83002 0.242773
7.85477 0.225277
7.87953 0.207782
7.90428 0.190286
7.92904 0.172791
7.95379 0.155295
7.97854 0.1378
8.0033 0.120305
8.02805 0.102809
8.05281 0.0853137
8.07756 0.0678183
8.10231 0.0503229
8.12707 0.0328274
8.15182 0.015332
8.17658 -0.00216345
8.20133 -0.0196589
8.22609 -0.0371543
8.25084 -0.0546498
8.27559 -0.0721452
8.30035 -0.0896406
8.3251 -0.107136
8.34986 -0.124631
8.37461 -0.142127
8.39936 -0.159622
8.42412 -0.177118
8.44887 -0.194613
8.47363 -0.212109
8.49838 -0.229604
8.52313 -0.247099
8.54789 -0.264595
8.57264 -0.28209
8.5974 -0.299586
8.62215 -0.317081
8.6469 -0.334577
8.67002 -0.351404
8.67002 -0.351404
8.67002 -0.351404
8.67002 -0.351404
8.67002 -0.351404
8.67002 -0.351404
8.67002 -0.351404
8.67002 -0.351404
8.67002 -0.351404
8.67002 -0.351404
8.67002 -0.351404
8.67002 -0.351404
8.67002 -0.351404
8.67002 -0.351404
8.67002 -0.351404
8.67002 -0.351404
8.67002 -0.351404
8.67002 -0.351404
8.67002 -0.351404
8.67002 -0.351404
8.67002 -0.351404
8.67002 -0.351404
8.67002 -0.351404
8.67002 -0.351404
8.67002 -0.351404
8.67002 -0.351404
8.67002 -0.351404
8.67002 -0.351404
8.67002 -0.351404
8.67002 -0.351404
8.67002 -0.351404
8.67002 -0.351404
8.67002 -0.351404
8.67002 -0.351404
8.67002 -0.351404
8.67002 -0.351404
8.67002 -0.351404
8.67002 -0.351404
8.67002 -0.351404
8.67002 -0.351404
8.67002 -0.351404
8.67002 -0.351404
8.67002 -0.351404
8.67002 -0.351404
8.67002 -0.351404
8.67002 -0.351404
8.67002 -0.351404
8.67002 -0.351404
8.67002 -0.351404
8.67002 -0.351404
8.67002 -0.351404
8.67002 -0.351404
8.67002 -0.351404
8.67002 -0.351404
8.67002 -0.351404
8.67002 -0.351404
8.67002 -0.351404
8.67002 -0.351404
8.67002 -0.351404
8.67002 -0.351404
8.67002 -0.351404
8.67002 -0.351404
8.67002 -0.351404
8.67002 -0.351404
8.67002 -0.351404
8.67002 -0.351404
8.67002 -0.351404
8.67002 -0.351404
8.67002 -0.351404
8.67002 -0.351404
8.67002 -0.351404
8.67002 -0.351404
8.67002 -0.351404
8.67002 -0.351404
8.67002 -0.351404
8.67002 -0.351404
8.67002 -0.351404
8.67002 -0.351404
8.67002 -0.351404
8.67002 -0.351404
8.67002 -0.351404
8.67002 -0.351404
8.67002 -0.351404
8.67002 -0.351404
8.67002 -0.351404
8.67002 -0.351404
8.67002 -0.351404
8.67002 -0.351404
8.67002 -0.351404
8.67002 -0.351404
8.67002 -0.351404
8.67002 -0.351404
8.67002 -0.351404
8.67002 -0.351404
8.67002 -0.351404
8.67002 -0.351404
8.67002 -0.351404
8.67002 -0.351404
8.67002 -0.351404
8.67002 -0.351404
8.67002 -0.351404
8 0