-2 -9
-1.89961 -8.90733
-1.72802 -8.72551
-1.55644 -8.54369
-1.38485 -8.36187
-1.21326 -8.18005
-1.04168 -7.99824
-0.870089 -7.81642
-0.698502 -7.6346
-0.526915 -7.45278
-0.355328 -7.27096
-0.183741 -7.08914
-0.0122459 -6.90735
0.157128 -6.7258
0.324738 -6.54392
0.491325 -6.36103
0.658121 -6.17685
0.825717 -5.99224
0.993308 -5.80764
1.16089 -5.62304
1.32848 -5.43845
1.49605 -5.25387
1.66362 -5.0693
1.83119 -4.88473
1.99875 -4.70018
2.1663 -4.51563
2.33385 -4.33109
2.50139 -4.14656
2.66892 -3.96203
2.83645 -3.77752
3.00397 -3.59302
3.17148 -3.40852
3.33899 -3.22404
3.50649 -3.03957
3.67398 -2.85511
3.84146 -2.67066
4.00893 -2.48622
4.1764 -2.3018
4.34386 -2.11738
4.51131 -1.93298
4.67874 -1.7486
4.84617 -1.56422
5.01359 -1.37987
5.181 -1.19552
5.3484 -1.01119
5.51578 -0.826882
5.68315 -0.642588
5.85052 -0.45831
6.01786 -0.274051
6.1852 -0.0898109
6.35252 0.0944095
6.51983 0.278609
6.68712 0.462787
6.85439 0.646943
7.02165 0.831075
7.19035 1.01428
7.36515 1.19301
7.53994 1.37175
7.71474 1.55048
7.88953 1.72922
8.06433 1.90796
8.23912 2.08669
8.41392 2.26543
8.58871 2.44417
8.76351 2.6229
8.9383 2.80164
9.1131 2.98037
9.28789 3.15911
9.46269 3.33785
9.63748 3.51658
9.81228 3.69532
9.98707 3.87405
10.1619 4.05279
10.3367 4.23153
10.5115 4.41026
10.6863 4.589
10.861 4.76774
11.0358 4.94647
11.2106 5.12521
11.3854 5.30394
11.5602 5.48268
11.735 5.66142
11.9098 5.84015
12.0846 6.01889
12.2594 6.19763
12.4342 6.37636
12.609 6.5551
12.7838 6.73383
12.9586 6.91257
13.1334 7.09131
13.3082 7.27004
13.483 7.44878
13.6578 7.62751
13.8326 7.80625
14.0074 7.98498
14.1822 8.16372
14.357 8.34246
14.4226 8.40754
14.4331 8.418
14.4331 8.418
14.4331 8.418
14.4331 8.418
14.4331 8.418
14.4331 8.418
14.4331 8.418
14.4331 8.418
14.4331 8.418
14.4331 8.418
14.4331 8.418
14.4331 8.418
14.4331 8.418
14.4331 8.418
14.4331 8.418
14.4331 8.418
14.4331 8.418
14.4331 8.418
14.4331 8.418
14.4331 8.418
14.4331 8.418
14.4331 8.418
14.4331 8.418
14.4331 8.418
14.4331 8.418
14.4331 8.418
14.4331 8.418
14.4331 8.418
14.4331 8.418
14.4331 8.418
14.4331 8.418
14.4331 8.418
14.4331 8.418
14.4331 8.418
14.4331 8.418
14.4331 8.418
14.4331 8.418
14.4331 8.418
14.4331 8.418
14.4331 8.418
14.4331 8.418
14.4331 8.418
14.4331 8.418
14.4331 8.418
14.4331 8.418
14.4331 8.418
14.4331 8.418
14.4331 8.418
14.4331 8.418
14.4331 8.418
14.4331 8.418
14.4331 8.418
14.4331 8.418
14.4331 8.418
14.4331 8.418
14.4331 8.418
14.4331 8.418
14.4331 8.418
15 9