-23 4
-22.7502 4.00892
-22.5003 4.01785
-22.2505 4.02677
-22.0006 4.03569
-21.7508 4.04462
-21.501 4.05354
-21.2511 4.06246
-21.0013 4.07138
-20.7514 4.08031
-20.5016 4.08923
-20.2518 4.09815
-20.0019 4.10708
-19.7521 4.116
-19.5022 4.12492
-19.2524 4.13385
-19.0026 4.14277
-18.7527 4.15169
-18.5029 4.16061
-18.253 4.16954
-18.0032 4.17846
-17.7534 4.18738
-17.5035 4.19631
-17.2537 4.20523
-17.0038 4.21415
-16.754 4.22308
-16.5042 4.232
-16.2543 4.24092
-16.0045 4.24985
-15.7546 4.25877
-15.5048 4.26769
-15.255 4.27661
-15.0051 4.28554
-14.7553 4.29446
-14.5054 4.30338
-14.2556 4.3123
-14.0058 4.32123
-13.7559 4.33015
-13.5061 4.33907
-13.2562 4.348
-13.0064 4.35692
-12.7566 4.36584
-12.5067 4.37476
-12.2569 4.38369
-12.007 4.39261
-11.7572 4.40153
-11.5074 4.41046
-11.2575 4.41938
-11.0077 4.4283
-10.7578 4.43722
-10.508 4.44615
-10.2581 4.45507
-10.0083 4.46399
-9.75847 4.47292
-9.50863 4.48184
-9.25879 4.49076
-9.00895 4.49968
-8.7591 4.50861
-8.50926 4.51753
-8.25942 4.52645
-8.00958 4.53538
-7.75974 4.5443
-7.5099 4.55322
-7.26006 4.56214
-7.01022 4.57107
-6.76038 4.57999
-6.51054 4.58891
-6.2607 4.59784
-6.01086 4.60676
-5.76102 4.61568
-5.51118 4.6246
-5.26133 4.63353
-5.01149 4.64245
-4.76165 4.65137
-4.51181 4.6603
-4.26197 4.66922
-4.01213 4.67814
-3.76229 4.68706
-3.51245 4.69599
-3.26261 4.70491
-3.01277 4.71383
-2.76293 4.72275
-2.51309 4.73168
-2.26325 4.7406
-2.0134 4.74952
-1.76356 4.75845
-1.51372 4.76737
-1.26388 4.77629
-1.01404 4.78521
-0.764201 4.79414
-0.51436 4.80306
-0.26452 4.81198
-0.014679 4.82091
0.235162 4.82983
0.485002 4.83875
0.734843 4.84767
0.984684 4.8566
1.23452 4.86552
1.48437 4.87444
1.73421 4.88337
1.98405 4.89229
2.23389 4.90121
2.48373 4.91013
2.73357 4.91906
2.98341 4.92798
3.23325 4.9369
3.48309 4.94583
3.73293 4.95475
3.98277 4.96367
4.23261 4.97259
4.31274 5.00661
4.31274 5.00661
4.31274 5.00661
4.31274 5.00661
4.31274 5.00661
4.31274 5.00661
4.31274 5.00661
4.31274 5.00661
4.31274 5.00661
4.31274 5.00661
4.31274 5.00661
4.31274 5.00661
4.31274 5.00661
4.31274 5.00661
4.31274 5.00661
4.31274 5.00661
4.31274 5.00661
4.31274 5.00661
4.31274 5.00661
4.31274 5.00661
4.31274 5.00661
4.31274 5.00661
4.31274 5.00661
4.31274 5.00661
4.31274 5.00661
4.31274 5.00661
4.31274 5.00661
4.31274 5.00661
4.31274 5.00661
4.31274 5.00661
4.31274 5.00661
4.31274 5.00661
4.31274 5.00661
4.31274 5.00661
4.31274 5.00661
4.31274 5.00661
4.31274 5.00661
4.31274 5.00661
4.31274 5.00661
4.31274 5.00661
4.31274 5.00661
4.31274 5.00661
4.31274 5.00661
4.31274 5.00661
4.31274 5.00661
4.31274 5.00661
5 5