18 -6
17.7803 -6.11927
17.5606 -6.23855
17.3409 -6.35782
17.1211 -6.47709
16.9014 -6.59637
16.6817 -6.71564
16.462 -6.83491
16.2423 -6.95419
16.0226 -7.07346
15.8029 -7.19273
15.5832 -7.31201
15.3634 -7.43128
15.1437 -7.55055
14.924 -7.66982
14.7043 -7.7891
14.4846 -7.90837
14.2649 -8.02764
14.0452 -8.14692
13.8254 -8.26619
13.6057 -8.38546
13.386 -8.50474
13.1663 -8.62401
12.9466 -8.74328
12.7269 -8.86256
12.5072 -8.98183
12.2875 -9.1011
12.0677 -9.22038
11.848 -9.33965
11.6283 -9.45892
11.4086 -9.57819
11.1889 -9.69747
10.9692 -9.81674
10.7495 -9.93601
10.5298 -10.0553
10.31 -10.1746
10.0903 -10.2938
9.87061 -10.4131
9.6509 -10.5324
9.43118 -10.6517
9.21147 -10.7709
8.99176 -10.8902
8.77205 -11.0095
8.55233 -11.1287
8.33262 -11.248
8.11291 -11.3673
7.89319 -11.4866
7.67348 -11.6058
7.45377 -11.7251
7.23405 -11.8444
7.01434 -11.9637
6.79463 -12.0829
6.57491 -12.2022
6.3552 -12.3215
6.13549 -12.4408
5.91577 -12.56
5.69606 -12.6793
5.47635 -12.7986
5.25663 -12.9178
5.03692 -13.0371
4.81721 -13.1564
4.59749 -13.2757
4.37778 -13.3949
4.15807 -13.5142
3.93835 -13.6335
3.71864 -13.7528
3.49893 -13.872
3.27921 -13.9913
3.0595 -14.1106
2.83979 -14.2298
2.62007 -14.3491
2.40036 -14.4684
2.18065 -14.5877
1.96093 -14.7069
1.74122 -14.8262
1.52151 -14.9455
1.30179 -15.0648
1.08208 -15.184
0.862366 -15.3033
0.642653 -15.4226
0.422939 -15.5419
0.203226 -15.6611
-0.0164879 -15.7804
-0.236201 -15.8997
-0.455915 -16.0189
-0.675628 -16.1382
-0.895342 -16.2575
-1.11506 -16.3768
-1.33477 -16.496
-1.55448 -16.6153
-1.7742 -16.7346
-1.99391 -16.8539
-2.21362 -16.9731
-2.43334 -17.0924
-2.65305 -17.2117
-2.87276 -17.3309
-3.09248 -17.4502
-3.31219 -17.5695
-3.5319 -17.6888
-3.75162 -17.808
-3.97133 -17.9273
-4.19104 -18.0466
-4.41076 -18.1658
-4.63047 -18.2851
-4.85018 -18.4044
-5.0699 -18.5237
-5.28961 -18.6429
-5.50932 -18.7622
-5.72904 -18.8815
-5.94875 -19.0008
-6.16846 -19.12
-6.38818 -19.2393
-6.60789 -19.3586
-6.8276 -19.4778
-7.04732 -19.5971
-7.26703 -19.7164
-7.48674 -19.8357
-7.70645 -19.9549
-7.92617 -20.0742
-8.14588 -20.1935
-8.36559 -20.3127
-8.58531 -20.432
-8.80502 -20.5513
-9.02473 -20.6706
-9.24445 -20.7898
-9.46416 -20.9091
-9.68387 -21.0284
-9.90359 -21.1477
-10.1233 -21.2669
-10.343 -21.3862
-10.5627 -21.5055
-10.7824 -21.6247
-11.0022 -21.744
-11.2219 -21.8633
-11.4416 -21.9826
-11.6613 -22.1018
-11.881 -22.2211
-12.1007 -22.3404
-12.3204 -22.4597
-12.5401 -22.5789
-12.7599 -22.6982
-12.9796 -22.8175
-13.1993 -22.9368
-13.419 -23.056
-13.6387 -23.1753
-13.8584 -23.2946
-14.0781 -23.4138
-14.2979 -23.5331
-14.5176 -23.6524
-14.7373 -23.7717
-14.957 -23.8909
-15.1767 -24.0102
-15.3964 -24.1295
-15.6161 -24.2488
-15.8358 -24.368
-16.0556 -24.4873
-17 -25