-12 20
-11.9724 19.7515
-11.9448 19.5031
-11.9172 19.2546
-11.8896 19.0061
-11.862 18.7576
-11.8344 18.5092
-11.8067 18.2607
-11.7791 18.0122
-11.7515 17.7638
-11.7239 17.5153
-11.6963 17.2668
-11.6687 17.0184
-11.6411 16.7699
-11.6135 16.5214
-11.5859 16.2729
-11.5583 16.0245
-11.5307 15.776
-11.5031 15.5275
-11.4754 15.2791
-11.4478 15.0306
-11.4202 14.7821
-11.3926 14.5336
-11.365 14.2852
-11.3374 14.0367
-11.3098 13.7882
-11.2822 13.5398
-11.2546 13.2913
-11.227 13.0428
-11.1994 12.7943
-11.1718 12.5459
-11.1442 12.2974
-11.1165 12.0489
-11.0889 11.8005
-11.0613 11.552
-11.0337 11.3035
-11.0061 11.055
-10.9785 10.8066
-10.9509 10.5581
-10.9233 10.3096
-10.8957 10.0612
-10.8681 9.81269
-10.8405 9.56422
-10.8129 9.31575
-10.7853 9.06728
-10.7576 8.81881
-10.73 8.57034
-10.7024 8.32187
-10.6748 8.07339
-10.6472 7.82492
-10.6196 7.57645
-10.592 7.32798
-10.5644 7.07951
-10.5368 6.83104
-10.5092 6.58257
-10.4816 6.3341
-10.454 6.08563
-10.4263 5.83716
-10.3987 5.58869
-10.3711 5.34022
-10.3435 5.09175
-10.3159 4.84327
-10.2883 4.5948
-10.2607 4.34633
-10.2331 4.09786
-10.2055 3.84939
-10.1779 3.60092
-10.1503 3.35245
-10.1227 3.10398
-10.0951 2.85551
-10.0674 2.60704
-10.0398 2.35857
-10.0122 2.11009
-9.98462 1.86162
-9.95701 1.61315
-9.92941 1.36468
-9.9018 1.11621
-9.87419 0.86774
-9.84658 0.619269
-9.81897 0.370798
-9.79137 0.122327
-9.76376 -0.126144
-9.73615 -0.374615
-9.70854 -0.623086
-9.68093 -0.871557
-9.65333 -1.12003
-9.62572 -1.3685
-9.59811 -1.61697
-9.5705 -1.86544
-9.5429 -2.11391
-9.51529 -2.36238
-9.48768 -2.61085
-9.46007 -2.85932
-9.43246 -3.1078
-9.40486 -3.35627
-9.37725 -3.60474
-9.34964 -3.85321
-9.32203 -4.10168
-9.29442 -4.35015
-9.26682 -4.59862
-9.23921 -4.84709
-9.2116 -5.09556
-9.18399 -5.34403
-9.15638 -5.5925
-9.12878 -5.84098
-9.10117 -6.08945
-9.07356 -6.33792
-9.04595 -6.58639
-9.01834 -6.83486
-8.99074 -7.08333
-8.96313 -7.3318
-8.93552 -7.58027
-8.90791 -7.82874
-8.88031 -8.07721
-8.8527 -8.32568
-8.82509 -8.57415
-8.79748 -8.82263
-8.76987 -9.0711
-8.74227 -9.31957
-8.71466 -9.56804
-8.68705 -9.81651
-8.65944 -10.065
-8.63183 -10.3135
-8.60423 -10.5619
-8.57662 -10.8104
-8.54901 -11.0589
-8.5214 -11.3073
-8.49379 -11.5558
-8.46619 -11.8043
-8.43858 -12.0528
-8.41097 -12.3012
-8.38336 -12.5497
-8.35575 -12.7982
-8.32815 -13.0466
-8.30054 -13.2951
-8.27293 -13.5436
-8.24532 -13.7921
-8.21772 -14.0405
-8.19011 -14.289
-8.1625 -14.5375
-8.13489 -14.7859
-8.10729 -15.0344
-8.10729 -15.0344
-8.10729 -15.0344
-8.10729 -15.0344
-8.10729 -15.0344
-8.10729 -15.0344
-8.10729 -15.0344
-8.10729 -15.0344
-8.10729 -15.0344
-8.10729 -15.0344
-8.10729 -15.0344
-8.10729 -15.0344
-8.10729 -15.0344
-8.10729 -15.0344
-8.10729 -15.0344
-8 -16