18 6
16.0666 5.48821
14.1332 4.97643
12.1998 4.46464
10.2664 3.95286
8.33295 3.44107
6.39954 2.92929
4.46613 2.4175
2.5355 1.95299
0.606351 1.4884
-1.321 1.02369
-3.30465 0.518722
-5.29006 0.00969499
-7.27768 -0.504427
-9.2682 -1.02525
-11.2628 -1.55551
-13.1758 -2.13884
-15.0889 -2.72218
-15.0982 -2.73409
-15.0982 -2.73409
-15.0982 -2.73409
-15.0982 -2.73409
-15.0982 -2.73409
-15.0982 -2.73409
-15.0982 -2.73409
-15.0982 -2.73409
-15.0982 -2.73409
-15.0982 -2.73409
-15.0982 -2.73409
-15.0982 -2.73409
-15.0982 -2.73409
-15.0982 -2.73409
-15.0982 -2.73409
-15.0982 -2.73409
-15.0982 -2.73409
-15.0982 -2.73409
-15.0982 -2.73409
-15.0982 -2.73409
-16 -3