7 -21
8.14692 -19.3615
9.29385 -17.7231
10.4408 -16.0846
11.5877 -14.4461
12.7346 -12.8077
13.8815 -11.1692
13.8815 -11.1692
13.8815 -11.1692
13.8815 -11.1692
13.8815 -11.1692
13.8815 -11.1692
13.8815 -11.1692
13.8815 -11.1692
13.8815 -11.1692
13.8815 -11.1692
13.8815 -11.1692
13.8815 -11.1692
13.8815 -11.1692
13.8815 -11.1692
13.8815 -11.1692
13.8815 -11.1692
13.8815 -11.1692
13.8815 -11.1692
13.8815 -11.1692
13.8815 -11.1692
13.8815 -11.1692
13.8815 -11.1692
13.8815 -11.1692
13.8815 -11.1692
13.8815 -11.1692
13.8815 -11.1692
13.8815 -11.1692
13.8815 -11.1692
13.8815 -11.1692
13.8815 -11.1692
13.8815 -11.1692
13.8815 -11.1692
14 -11