-15 -5
-14.4986 -3.7229
-14.4565 -1.75118
-14.412 0.217255
-14.3642 2.18119
-14.2575 4.17835
-14.1509 6.1755
-14.0442 8.17265
-14.0442 8.17265
-14.0442 8.17265
-14.0442 8.17265
-14.0442 8.17265
-14.0442 8.17265
-14.0442 8.17265
-14.0442 8.17265
-14.0442 8.17265
-14.0347 8.26465
-13.9423 8.34156
-13.8499 8.41847
-13.7575 8.49539
-13.6652 8.5723
-13.5728 8.64921
-13.5728 8.64921
-13.5728 8.64921
-13.5728 8.64921
-13.5728 8.64921
-13.5728 8.64921
-13.5728 8.64921
-13.5728 8.64921
-13.5728 8.64921
-13.5728 8.64921
-13.5728 8.64921
-13.5728 8.64921
-13.5728 8.64921
-13.5728 8.64921
-13.5728 8.64921
-13.5728 8.64921
-13.5728 8.64921
-14 9