-20 5
-18.3143 4.81646
-16.3732 4.21465
-14.4312 3.61164
-12.4882 3.00734
-10.5943 2.36461
-8.70041 1.72187
-6.8065 1.07914
-4.91538 0.389139
-3.02322 -0.300928
-1.12983 -0.991066
0.768608 -1.62028
2.66705 -2.2495
4.56549 -2.87872
6.46394 -3.50794
8.36238 -4.13716
10.2608 -4.76637
12.1593 -5.39559
14.0577 -6.02481
15.9562 -6.65403
17.8546 -7.28325
18.566 -7.24415
17.9871 -6.23749
16.589 -5.94101
16.0391 -5.81028
17.1536 -5.92183
18.0271 -7.2891
18.5288 -7.58992
18.0501 -6.46756
16.4991 -6.01956
15.962 -5.71925
17.0907 -5.77357
18.0282 -7.14011
18.4776 -7.64162
18.2016 -6.61273
16.6549 -6.04892
16.0031 -5.79394
17.0041 -5.7379
17 -7