7 -25
5.90002 -24.8
4.82814 -23.1115
3.75627 -21.423
2.68439 -19.7345
1.61251 -18.0459
0.540637 -16.3574
-0.531239 -14.6689
-1.60312 -12.9804
-2.67499 -11.2919
-3.74687 -9.60337
-4.78604 -7.92903
-5.82567 -6.25576
-6.86582 -4.58367
-7.90652 -2.91288
-8.94786 -1.24354
-10.0377 0.337823
-11.2145 1.93925
-12.39 3.53905
-13.5637 5.13665
-14.7347 6.73111
-15.9018 8.32087
-16.8435 10.0853
-17.7851 11.8498
-18.7268 13.6142
-19.6684 15.3787
-19.8354 15.6191
-19.8354 15.6191
-19.8354 15.6191
-19.8354 15.6191
-19.8354 15.6191
-19.8354 15.6191
-19.8354 15.6191
-19.8354 15.6191
-19.8354 15.6191
-19.8354 15.6191
-19.8354 15.6191
-19.8354 15.6191
-20 16