16 -17
15.9091 -16.7671
15.8182 -16.5342
15.7273 -16.3013
15.6365 -16.0684
15.5456 -15.8355
15.4547 -15.6026
15.3638 -15.3697
15.2729 -15.1368
15.182 -14.904
15.0911 -14.6711
15.0003 -14.4382
14.9094 -14.2053
14.8185 -13.9724
14.7276 -13.7395
14.6367 -13.5066
14.5458 -13.2737
14.455 -13.0408
14.3641 -12.8079
14.2732 -12.575
14.1823 -12.3421
14.0914 -12.1092
14.0005 -11.8763
13.9096 -11.6434
13.8188 -11.4105
13.7279 -11.1776
13.637 -10.9448
13.5461 -10.7119
13.4552 -10.479
13.3643 -10.2461
13.2734 -10.0132
13.1826 -9.78028
13.0917 -9.54739
13.0008 -9.3145
12.9099 -9.0816
12.819 -8.84871
12.7281 -8.61581
12.6372 -8.38292
12.5464 -8.15003
12.4555 -7.91713
12.3646 -7.68424
12.2737 -7.45134
12.1828 -7.21845
12.0919 -6.98555
12.001 -6.75266
11.9102 -6.51977
11.8193 -6.28687
11.7284 -6.05398
11.6375 -5.82108
11.5466 -5.58819
11.4557 -5.35529
11.3648 -5.1224
11.274 -4.8895
11.1831 -4.65661
11.0922 -4.42372
11.0013 -4.19082
10.9104 -3.95793
10.8195 -3.72503
10.7286 -3.49214
10.6378 -3.25924
10.5469 -3.02635
10.456 -2.79345
10.3651 -2.56056
10.2742 -2.32767
10.1833 -2.09477
10.0924 -1.86188
10.0016 -1.62898
9.91067 -1.39609
9.81978 -1.16319
9.7289 -0.930299
9.63801 -0.697405
9.54713 -0.46451
9.45624 -0.231616
9.36782 -0.00235623
9.28047 0.223826
9.19297 0.447047
9.10386 0.66794
9.01182 0.888003
8.91737 1.10889
8.82297 1.32976
8.72864 1.55061
8.63437 1.77145
8.54016 1.99226
8.44602 2.21306
8.35194 2.43384
8.25792 2.6546
8.16397 2.87533
8.07008 3.09605
7.97626 3.31675
7.88251 3.53743
7.78884 3.75808
7.69523 3.97872
7.60169 4.19933
7.50822 4.41992
7.41483 4.64049
7.32152 4.86103
7.22828 5.08156
7.13512 5.30206
7.04204 5.52253
6.94903 5.74298
6.85611 5.96341
6.76327 6.18381
6.67052 6.40419
6.57785 6.62454
6.48527 6.84487
6.39278 7.06516
6.30037 7.28543
6.20806 7.50568
6.11585 7.72589
6.02373 7.94608
5.9317 8.16623
5.83978 8.38636
5.74796 8.60645
5.65624 8.82652
5.56462 9.04655
5.47311 9.26655
5.38172 9.48652
5.29043 9.70645
5.19926 9.92635
5.1082 10.1462
5.01727 10.366
4.93093 10.6007
4.84459 10.8353
4.75825 11.0699
4.67191 11.3045
4.58557 11.5391
4.49923 11.7738
4.41289 12.0084
4.32656 12.243
4.24022 12.4776
4.15388 12.7122
4.06754 12.9468
3.9812 13.1815
3.89486 13.4161
3.80852 13.6507
3.72218 13.8853
3.63584 14.1199
3.5495 14.3546
3.46317 14.5892
3.37683 14.8238
3.29049 15.0584
3.20415 15.293
3.11781 15.5276
3.03147 15.7623
2.94513 15.9969
2.85879 16.2315
2.77245 16.4661
2.68611 16.7007
2.59978 16.9353
2.51344 17.17
2.4271 17.4046
2.34076 17.6392
2.25442 17.8738
2.16808 18.1084
2.08174 18.3431
1.9954 18.5777
1.90907 18.8123
1.82273 19.0469
1.73639 19.2815
1.65005 19.5161
1.56371 19.7508
1.47737 19.9854
1.39103 20.22
1.30469 20.4546
1.21836 20.6892
1.13202 20.9238
1.04568 21.1585
0.959339 21.3931
0.873001 21.6277
0.786662 21.8623
0.700324 22.0969
0.613985 22.3315
0.527647 22.5662
0.441308 22.8008
0.35497 23.0354
0 24