-20 -2
-19.9326 -1.94677
-19.7089 -1.8351
-19.4852 -1.72344
-19.2616 -1.61177
-19.0379 -1.5001
-18.8142 -1.38843
-18.5905 -1.27676
-18.3669 -1.16509
-18.1432 -1.05342
-17.9195 -0.941755
-17.6959 -0.830087
-17.4722 -0.718418
-17.2485 -0.606749
-17.0248 -0.495081
-16.8012 -0.383412
-16.5775 -0.271743
-16.3538 -0.160075
-16.1301 -0.0484059
-15.9065 0.0632628
-15.6828 0.174931
-15.4591 0.2866
-15.2354 0.398269
-15.0118 0.509938
-14.7881 0.621606
-14.5644 0.733275
-14.3407 0.844944
-14.1171 0.956612
-13.8934 1.06828
-13.6697 1.17995
-13.446 1.29162
-13.2224 1.40329
-12.9987 1.51496
-12.775 1.62662
-12.5513 1.73829
-12.3277 1.84996
-12.104 1.96163
-11.8803 2.0733
-11.6567 2.18497
-11.433 2.29664
-11.2093 2.40831
-10.9856 2.51997
-10.762 2.63164
-10.5383 2.74331
-10.3146 2.85498
-10.0909 2.96665
-9.86726 3.07832
-9.64359 3.18999
-9.41991 3.30165
-9.19624 3.41332
-8.97256 3.52499
-8.74889 3.63666
-8.52522 3.74833
-8.30154 3.86
-8.07787 3.97167
-7.8542 4.08333
-7.63052 4.195
-7.40685 4.30667
-7.18317 4.41834
-6.9595 4.53001
-6.73582 4.64168
-6.51215 4.75335
-6.28848 4.86501
-6.0648 4.97668
-5.84113 5.08835
-5.61745 5.20002
-5.39378 5.31169
-5.1701 5.42336
-4.94643 5.53503
-4.72275 5.64669
-4.49908 5.75836
-4.27541 5.87003
-4.05173 5.9817
-3.83052 6.097
-3.61039 6.21538
-3.39009 6.33672
-3.16805 6.46042
-2.94277 6.58491
-2.71471 6.70847
-2.48649 6.83198
-2.25809 6.95544
-2.02952 7.07884
-1.80076 7.20218
-1.5718 7.32547
-1.34264 7.44869
-1.11326 7.57185
-0.883659 7.69494
-0.653819 7.81796
-0.423729 7.94091
-0.193376 8.06377
0.0372562 8.18655
0.268184 8.30925
0.499426 8.43184
0.731002 8.55434
0.962936 8.67673
1.19525 8.799
1.42798 8.92115
1.66115 9.04316
1.89481 9.16503
2.12899 9.28674
2.36374 9.40827
2.59913 9.52962
2.83521 9.65075
3.07208 9.77165
3.30984 9.89229
3.54859 10.0126
3.78851 10.1326
4.02978 10.2522
4.27268 10.3712
4.51755 10.4897
4.76491 10.6075
5.01554 10.7242
5.27074 10.8396
5.32395 11.0159
5.37717 11.1922
5.43038 11.3685
5.48359 11.5449
5.53681 11.7212
5.59002 11.8975
5.64323 12.0738
5.83431 12.2086
6.06028 12.28
6.28678 12.2884
6.48685 12.2088
6.6215 12.0529
6.66376 11.8503
6.60408 11.6377
6.60408 11.6377
6.60408 11.6377
6.60408 11.6377
6.60408 11.6377
6.60408 11.6377
6.60408 11.6377
6.60408 11.6377
6.60408 11.6377
6.60408 11.6377
6.60408 11.6377
6.60408 11.6377
6.60408 11.6377
6.60408 11.6377
6.60408 11.6377
6.60408 11.6377
6.60408 11.6377
6.60408 11.6377
6.60408 11.6377
6.60408 11.6377
6.60408 11.6377
6.60408 11.6377
6.60408 11.6377
6.60408 11.6377
6.60408 11.6377
6.60408 11.6377
6.60408 11.6377
6.60408 11.6377
6.60408 11.6377
6.60408 11.6377
6.60408 11.6377
6.60408 11.6377
6.60408 11.6377
6.60408 11.6377
6.60408 11.6377
6.60408 11.6377
6.60408 11.6377
6.60408 11.6377
6.60408 11.6377
6.60408 11.6377
6.60408 11.6377
6.60408 11.6377
6.60408 11.6377
6.60408 11.6377
6.60408 11.6377
6.60408 11.6377
6.60408 11.6377
6.60408 11.6377
6.60408 11.6377
6 11