-12 1
-11.8584 0.79399
-11.7167 0.587979
-11.5751 0.381969
-11.4335 0.175958
-11.2918 -0.0300523
-11.1502 -0.236063
-11.0086 -0.442073
-10.8669 -0.648084
-10.7253 -0.854094
-10.5837 -1.0601
-10.442 -1.26612
-10.3004 -1.47213
-10.1588 -1.67814
-10.0172 -1.88415
-9.87552 -2.09016
-9.73389 -2.29617
-9.59225 -2.50218
-9.45062 -2.70819
-9.30899 -2.9142
-9.16736 -3.12021
-9.02573 -3.32622
-8.88409 -3.53223
-8.74246 -3.73824
-8.60083 -3.94425
-8.4592 -4.15026
-8.31757 -4.35627
-8.17593 -4.56228
-8.0343 -4.76829
-7.89267 -4.9743
-7.75104 -5.18031
-7.60941 -5.38632
-7.46777 -5.59233
-7.32614 -5.79834
-7.18451 -6.00435
-7.04288 -6.21036
-6.90125 -6.41638
-6.75961 -6.62239
-6.61798 -6.8284
-6.47635 -7.03441
-6.33472 -7.24042
-6.19308 -7.44643
-6.05145 -7.65244
-5.90982 -7.85845
-5.76819 -8.06446
-5.62656 -8.27047
-5.48492 -8.47648
-5.34329 -8.68249
-5.20166 -8.8885
-5.06003 -9.09451
-4.9184 -9.30052
-4.77676 -9.50653
-4.63513 -9.71254
-4.4935 -9.91856
-4.35187 -10.1246
-4.21023 -10.3306
-4.0686 -10.5366
-3.92697 -10.7426
-3.78534 -10.9486
-3.6437 -11.1546
-3.50207 -11.3606
-3.36044 -11.5666
-3.21881 -11.7727
-3.07717 -11.9787
-2.93554 -12.1847
-2.79391 -12.3907
-2.65228 -12.5967
-2.51064 -12.8027
-2.36901 -13.0087
-2.22738 -13.2147
-2.08575 -13.4207
-1.94412 -13.6267
-1.80248 -13.8328
-1.66085 -14.0388
-1.51922 -14.2448
-1.49345 -14.34
-1.4956 -14.355
-1.4956 -14.355
-1.4956 -14.355
-1.4956 -14.355
-1.4956 -14.355
-1.4956 -14.355
-1.4956 -14.355
-1.4956 -14.355
-1.4956 -14.355
-1.4956 -14.355
-1.4956 -14.355
-1.4956 -14.355
-1.49742 -14.357
-1.50131 -14.3609
-1.50743 -14.3661
-1.5159 -14.3722
-1.52681 -14.3784
-1.54003 -14.3837
-1.55506 -14.3868
-1.57075 -14.3868
-1.58566 -14.3836
-1.60056 -14.3805
-1.61546 -14.3773
-1.63037 -14.3742
-1.64527 -14.371
-1.66017 -14.3678
-1.67508 -14.3647
-1.68998 -14.3615
-1.70488 -14.3584
-1.71979 -14.3552
-1.73469 -14.352
-1.74959 -14.3489
-1.7645 -14.3457
-1.80421 -14.4596
-1.86923 -14.4798
-1.92601 -14.549
-1.97588 -14.5983
-2.02117 -14.6328
-2.06338 -14.6564
-2.10351 -14.6721
-2.14219 -14.6821
-2.17984 -14.6879
-2.21675 -14.6905
-2.25312 -14.6908
-2.28909 -14.6894
-2.32476 -14.6866
-2.36021 -14.6828
-2.39548 -14.6782
-2.43061 -14.6731
-2.46564 -14.6674
-2.50059 -14.6614
-2.53547 -14.6551
-2.57031 -14.6485
-2.6051 -14.6418
-2.63985 -14.6349
-2.67458 -14.6279
-2.70929 -14.6208
-2.74398 -14.6136
-2.77865 -14.6063
-2.81331 -14.599
-2.84797 -14.5916
-2.867 -14.5658
-2.8252 -14.5056
-2.71843 -14.4492
-2.55343 -14.425
-2.34602 -14.4526
-2.11568 -14.5417
-1.88443 -14.6367
-1.88443 -14.6367
-1.88443 -14.6367
-1.88443 -14.6367
-1.88443 -14.6367
-1.88443 -14.6367
-1.88443 -14.6367
-1.88443 -14.6367
-1.88443 -14.6367
-1.88443 -14.6367
-1.88443 -14.6367
-1.88443 -14.6367
-1.88443 -14.6367
-1.88443 -14.6367
-1.88443 -14.6367
-1.88443 -14.6367
-1.88443 -14.6367
-1.88443 -14.6367
-1.88443 -14.6367
-1.88443 -14.6367
-1.88443 -14.6367
-1.88443 -14.6367
-1.88443 -14.6367
-1.88443 -14.6367
-1.88443 -14.6367
-1.88443 -14.6367
-1.88443 -14.6367
-1.88443 -14.6367
-1.88443 -14.6367
-1.88443 -14.6367
-1.88443 -14.6367
-1.88443 -14.6367
-1 -15