-16 20
-16.0524 19.7555
-16.1048 19.5111
-16.1571 19.2666
-16.2095 19.0222
-16.2619 18.7777
-16.3143 18.5333
-16.3667 18.2888
-16.4191 18.0444
-16.4714 17.7999
-16.5238 17.5555
-16.5762 17.311
-16.6286 17.0666
-16.681 16.8221
-16.7333 16.5777
-16.7857 16.3332
-16.8381 16.0888
-16.8905 15.8443
-16.9429 15.5999
-16.9952 15.3554
-17.0476 15.111
-17.1 14.8665
-17.1524 14.6221
-17.2048 14.3776
-17.2572 14.1332
-17.3095 13.8887
-17.3619 13.6443
-17.4143 13.3998
-17.4667 13.1554
-17.5191 12.9109
-17.5715 12.6665
-17.6238 12.422
-17.6762 12.1776
-17.7286 11.9331
-17.781 11.6887
-17.8334 11.4442
-17.8857 11.1998
-17.9381 10.9553
-17.9905 10.7109
-18.0429 10.4664
-18.0953 10.222
-18.1477 9.97751
-18.2 9.73306
-18.2524 9.48861
-18.3048 9.24416
-18.3572 8.99971
-18.4096 8.75526
-18.462 8.51081
-18.5143 8.26636
-18.5667 8.02191
-18.6191 7.77746
-18.6715 7.53301
-18.7239 7.28856
-18.7763 7.04411
-18.8286 6.79966
-18.881 6.55521
-18.9334 6.31075
-18.9858 6.0663
-19.0382 5.82185
-19.0905 5.5774
-19.1429 5.33295
-19.1953 5.0885
-19.2477 4.84405
-19.3001 4.5996
-19.3525 4.35515
-19.4048 4.1107
-19.4572 3.86625
-19.5096 3.6218
-19.562 3.37735
-19.6144 3.1329
-19.6668 2.88845
-19.7191 2.644
-19.7715 2.39955
-19.8239 2.1551
-19.8763 1.91064
-19.9287 1.66619
-19.981 1.42174
-20.0334 1.17729
-20.0858 0.932842
-20.1382 0.688392
-20.1906 0.443941
-20.243 0.199491
-20.2953 -0.04496
-20.3477 -0.289411
-20.4001 -0.533861
-20.4525 -0.778312
-20.5049 -1.02276
-20.5573 -1.26721
-20.6096 -1.51166
-20.662 -1.75611
-20.7144 -2.00056
-20.7668 -2.24502
-20.8192 -2.48947
-20.8715 -2.73392
-20.9239 -2.97837
-20.9763 -3.22282
-21.0287 -3.46727
-21.0811 -3.71172
-21.1335 -3.95617
-21.1858 -4.20062
-21.2382 -4.44507
-21.2906 -4.68952
-21.343 -4.93397
-21.3954 -5.17842
-21.4478 -5.42287
-21.5001 -5.66732
-21.5525 -5.91177
-21.6049 -6.15622
-21.6573 -6.40067
-21.7097 -6.64513
-21.7621 -6.88958
-21.8144 -7.13403
-21.8144 -7.13403
-21.8144 -7.13403
-21.8144 -7.13403
-21.8144 -7.13403
-21.8144 -7.13403
-21.8144 -7.13403
-21.8144 -7.13403
-21.8144 -7.13403
-21.8144 -7.13403
-21.8144 -7.13403
-21.8144 -7.13403
-21.8144 -7.13403
-21.8144 -7.13403
-21.8144 -7.13403
-21.8144 -7.13403
-21.8144 -7.13403
-21.8144 -7.13403
-21.8144 -7.13403
-21.8144 -7.13403
-21.8144 -7.13403
-21.8144 -7.13403
-21.8144 -7.13403
-21.8144 -7.13403
-21.8144 -7.13403
-21.8144 -7.13403
-21.8144 -7.13403
-21.8144 -7.13403
-21.8144 -7.13403
-21.8144 -7.13403
-21.8144 -7.13403
-21.8144 -7.13403
-21.8144 -7.13403
-21.8144 -7.13403
-21.8144 -7.13403
-21.8144 -7.13403
-21.8144 -7.13403
-21.8144 -7.13403
-21.8144 -7.13403
-21.8144 -7.13403
-21.8144 -7.13403
-21.8144 -7.13403
-21.8144 -7.13403
-21.8144 -7.13403
-21.8144 -7.13403
-21.8144 -7.13403
-21.8144 -7.13403
-21.8144 -7.13403
-21.8144 -7.13403
-21.8144 -7.13403
-21.8144 -7.13403
-21.8144 -7.13403
-21.8144 -7.13403
-21.8144 -7.13403
-21.8144 -7.13403
-21.8144 -7.13403
-21.8144 -7.13403
-21.8144 -7.13403
-21.8144 -7.13403
-21.8144 -7.13403
-21.8144 -7.13403
-21.8144 -7.13403
-21.8144 -7.13403
-21.8144 -7.13403
-22 -8