10 17
9.91892 16.7635
9.83784 16.527
9.75676 16.2905
9.67567 16.0541
9.59459 15.8176
9.51351 15.5811
9.43243 15.3446
9.35135 15.1081
9.27027 14.8716
9.18919 14.6351
9.1081 14.3986
9.02702 14.1622
8.94594 13.9257
8.86486 13.6892
8.78378 13.4527
8.7027 13.2162
8.62162 12.9797
8.54053 12.7432
8.45945 12.5068
8.37837 12.2703
8.29729 12.0338
8.21621 11.7973
8.13513 11.5608
8.05405 11.3243
7.97297 11.0878
7.89188 10.8514
7.8108 10.6149
7.72972 10.3784
7.64864 10.1419
7.56756 9.90541
7.48648 9.66892
7.4054 9.43243
7.32432 9.19595
7.24324 8.95946
7.16216 8.72297
7.08108 8.48649
6.99999 8.25
6.91891 8.01352
6.83783 7.77703
6.75675 7.54054
6.67567 7.30406
6.59459 7.06757
6.51351 6.83108
6.43243 6.5946
6.35135 6.35811
6.27027 6.12162
6.18919 5.88514
6.1081 5.64865
6.02702 5.41216
5.94594 5.17568
5.86486 4.93919
5.78378 4.70271
5.7027 4.46622
5.62162 4.22973
5.54054 3.99325
5.45946 3.75676
5.37838 3.52027
5.2973 3.28379
5.21621 3.0473
5.13513 2.81081
5.05405 2.57433
4.97297 2.33784
4.89189 2.10135
4.81081 1.86487
4.72973 1.62838
4.64865 1.3919
4.56757 1.15541
4.48649 0.918922
4.40541 0.682436
4.32432 0.445949
4.24324 0.209463
4.16216 -0.0270236
4.08108 -0.26351
4 -0.499997
3.91892 -0.736483
3.83784 -0.97297
3.75676 -1.20946
3.67568 -1.44594
3.5946 -1.68243
3.51351 -1.91892
3.43243 -2.1554
3.35135 -2.39189
3.27027 -2.62837
3.18919 -2.86486
3.10811 -3.10135
3.02703 -3.33783
2.94595 -3.57432
2.86668 -3.8088
2.78948 -4.04144
2.71448 -4.27263
2.64181 -4.50293
2.57153 -4.73309
2.50354 -4.96409
2.43734 -5.19714
2.37182 -5.4334
2.30548 -5.67287
2.23914 -5.9123
2.17282 -6.1517
2.1065 -6.39105
2.0402 -6.63035
1.9739 -6.86961
1.90762 -7.10883
1.84134 -7.34799
1.77508 -7.58709
1.70882 -7.82614
1.64259 -8.06513
1.57636 -8.30406
1.51015 -8.54291
1.44395 -8.7817
1.37108 -9.01134
1.2833 -9.24542
1.19551 -9.4795
1.10772 -9.71358
1.01993 -9.94766
0.932141 -10.1817
0.844353 -10.4158
0.756564 -10.6499
0.668776 -10.884
0.580987 -11.1181
0.493199 -11.3521
0.40541 -11.5862
0.317622 -11.8203
0.229833 -12.0544
0.142045 -12.2885
0.0542561 -12.5225
-0.0335324 -12.7566
-0.121321 -12.9907
-0.209109 -13.2248
-0.296898 -13.4588
-0.384687 -13.6929
-0.472475 -13.927
-0.560264 -14.1611
-0.648052 -14.3952
-0.735841 -14.6292
-0.823629 -14.8633
-0.911418 -15.0974
-0.999206 -15.3315
-1.08699 -15.5656
-1.17478 -15.7996
-1.26257 -16.0337
-1.35036 -16.2678
-1.43815 -16.5019
-1.52594 -16.736
-1.61373 -16.97
-1.70151 -17.2041
-1.73356 -17.319
-1.74144 -17.3697
-1.74204 -17.3861
-1.74204 -17.3861
-1.74204 -17.3861
-1.74204 -17.3861
-1.74204 -17.3861
-1.74204 -17.3861
-1.74204 -17.3861
-1.74204 -17.3861
-1.74204 -17.3861
-1.74204 -17.3861
-1.74204 -17.3861
-1.74204 -17.3861
-1.74204 -17.3861
-1.74204 -17.3861
-1.74204 -17.3861
-1.74204 -17.3861
-1.74204 -17.3861
-1.74204 -17.3861
-1.74204 -17.3861
-1.74204 -17.3861
-1.74204 -17.3861
-1.74204 -17.3861
-1.74204 -17.3861
-1.74204 -17.3861
-1.74204 -17.3861
-1.74204 -17.3861
-1.74204 -17.3861
-2 -18