20 4
19.8856 4.02711
19.6434 4.08908
19.4012 4.15105
19.159 4.21302
18.9168 4.27499
18.6746 4.33696
18.4324 4.39893
18.1902 4.4609
17.948 4.52287
17.7058 4.58484
17.4636 4.64681
17.2214 4.70878
16.9792 4.77075
16.737 4.83272
16.4948 4.89469
16.2526 4.95666
16.0104 5.01863
15.7682 5.0806
15.526 5.14256
15.2838 5.20453
15.0416 5.2665
14.7994 5.32847
14.5572 5.39044
14.315 5.45241
14.0728 5.51438
13.8306 5.57635
13.5884 5.63832
13.3462 5.70029
13.1041 5.76226
12.8619 5.82423
12.6197 5.8862
12.3775 5.94817
12.1353 6.01014
11.8931 6.07211
11.6509 6.13408
11.4087 6.19605
11.1665 6.25802
10.9243 6.31999
10.6821 6.38196
10.4399 6.44393
10.1977 6.5059
9.95548 6.56787
9.71328 6.62984
9.47108 6.69181
9.22888 6.75378
8.98669 6.81575
8.74449 6.87772
8.50229 6.93969
8.26009 7.00166
8.01789 7.06363
7.7757 7.1256
7.5335 7.18757
7.2913 7.24954
7.0491 7.31151
6.8069 7.37348
6.56471 7.43545
6.32251 7.49742
6.08031 7.55939
5.83811 7.62136
5.59592 7.68332
5.35372 7.74529
5.11152 7.80726
4.86932 7.86923
4.62713 7.9312
4.38493 7.99317
4.14273 8.05514
3.90053 8.11711
3.65833 8.17908
3.41614 8.24105
3.17394 8.30302
2.93174 8.36499
2.68954 8.42696
2.44735 8.48893
2.20515 8.5509
1.96295 8.61287
1.72075 8.67484
1.47855 8.73681
1.23636 8.79878
0.994159 8.86075
0.751962 8.92272
0.509764 8.98469
0.267566 9.04666
0.0253685 9.10863
-0.216829 9.1706
-0.459027 9.23257
-0.701225 9.29454
-0.943422 9.35651
-1.18562 9.41848
-1.42782 9.48045
-1.67002 9.54242
-1.91221 9.60439
-2.15441 9.66636
-2.39661 9.72833
-2.63881 9.7903
-2.881 9.85227
-3.1232 9.91424
-3.3654 9.97621
-3.6076 10.0382
-3.8498 10.1001
-4.09199 10.1621
-4.33419 10.2241
-4.57639 10.2861
-4.81859 10.348
-5.06079 10.41
-5.30298 10.472
-5.54518 10.5339
-5.78738 10.5959
-6.02958 10.6579
-6.27177 10.7198
-6.51397 10.7818
-6.75617 10.8438
-6.99837 10.9058
-7.24056 10.9677
-7.48276 11.0297
-7.72496 11.0917
-7.96716 11.1536
-8.20935 11.2156
-8.45155 11.2776
-8.69375 11.3395
-8.93595 11.4015
-9.17815 11.4635
-9.42034 11.5254
-9.66254 11.5874
-9.90474 11.6494
-10.1469 11.7114
-10.3891 11.7733
-10.6313 11.8353
-10.8735 11.8973
-11.1157 11.9592
-11.3579 12.0212
-11.6001 12.0832
-11.8423 12.1451
-12.0845 12.2071
-12.3267 12.2691
-12.5689 12.3311
-12.8111 12.393
-13.0533 12.455
-13.2955 12.517
-13.5377 12.5789
-13.7799 12.6409
-14.0221 12.7029
-14.2643 12.7648
-14.5065 12.8268
-14.7487 12.8888
-14.9909 12.9508
-15.2331 13.0127
-15.4753 13.0747
-15.7175 13.1367
-15.9597 13.1986
-16.2019 13.2606
-16.4441 13.3226
-16.6863 13.3845
-16.9285 13.4465
-17.1707 13.5085
-17.4129 13.5705
-17.6551 13.6324
-17.8973 13.6944
-18.1395 13.7564
-18.3817 13.8183
-18.6239 13.8803
-18.8661 13.9423
-19.1083 14.0042
-19.3504 14.0662
-19.5926 14.1282
-19.8348 14.1901
-20.077 14.2521
-20.3192 14.3141
-20.5614 14.3761
-20.8036 14.438
-21.0458 14.5
-21.288 14.562
-21.5302 14.6239
-21.7724 14.6859
-22.0146 14.7479
-22.2568 14.8098
-22.2863 14.7895
-22.2863 14.7895
-22.2863 14.7895
-22.2863 14.7895
-22.2863 14.7895
-22.2863 14.7895
-22.2863 14.7895
-22.2863 14.7895
-22.2863 14.7895
-22.2863 14.7895
-22.2863 14.7895
-22.2863 14.7895
-22.2863 14.7895
-22.2863 14.7895
-22.2863 14.7895
-22.2863 14.7895
-22.2863 14.7895
-22.2863 14.7895
-22.2863 14.7895
-22.2863 14.7895
-22.2863 14.7895
-22.2863 14.7895
-22.2863 14.7895
-22.2863 14.7895
-22.2863 14.7895
-22.2863 14.7895
-22.2863 14.7895
-22.2863 14.7895
-22.2863 14.7895
-22.2863 14.7895
-22.2863 14.7895
-22.2863 14.7895
-22.2863 14.7895
-22.2863 14.7895
-22.2863 14.7895
-22.2863 14.7895
-22.2863 14.7895
-22.2863 14.7895
-22.2863 14.7895
-22.2863 14.7895
-22.2863 14.7895
-22.2863 14.7895
-22.2863 14.7895
-22.2863 14.7895
-22.2863 14.7895
-22.2863 14.7895
-22.2863 14.7895
-22.2863 14.7895
-22.2863 14.7895
-22.2863 14.7895
-22.2863 14.7895
-22.2863 14.7895
-22.2863 14.7895
-22.2863 14.7895
-22.2863 14.7895
-22.2863 14.7895
-22.2863 14.7895
-23 15