-16 25
-15.8586 24.7938
-15.7172 24.5876
-15.5759 24.3815
-15.4345 24.1753
-15.2931 23.9691
-15.1517 23.7629
-15.0103 23.5567
-14.8689 23.3505
-14.7276 23.1444
-14.5862 22.9382
-14.4448 22.732
-14.3034 22.5258
-14.162 22.3196
-14.0206 22.1134
-13.8793 21.9073
-13.7379 21.7011
-13.5965 21.4949
-13.4551 21.2887
-13.3137 21.0825
-13.1724 20.8764
-13.031 20.6702
-12.8896 20.464
-12.7482 20.2578
-12.6068 20.0516
-12.4654 19.8454
-12.3241 19.6393
-12.1827 19.4331
-12.0413 19.2269
-11.8999 19.0207
-11.7585 18.8145
-11.6172 18.6083
-11.4758 18.4022
-11.3344 18.196
-11.193 17.9898
-11.0516 17.7836
-10.9102 17.5774
-10.7689 17.3712
-10.6275 17.1651
-10.4861 16.9589
-10.3447 16.7527
-10.2033 16.5465
-10.0619 16.3403
-9.92056 16.1342
-9.77918 15.928
-9.6378 15.7218
-9.49642 15.5156
-9.35504 15.3094
-9.21365 15.1032
-9.07227 14.8971
-8.93089 14.6909
-8.78951 14.4847
-8.64812 14.2785
-8.50674 14.0723
-8.36536 13.8661
-8.22398 13.66
-8.0826 13.4538
-7.94121 13.2476
-7.79983 13.0414
-7.65845 12.8352
-7.51707 12.6291
-7.37568 12.4229
-7.2343 12.2167
-7.09292 12.0105
-6.95154 11.8043
-6.81016 11.5981
-6.66877 11.392
-6.52685 11.1865
-6.38439 10.9818
-6.24142 10.7777
-6.09797 10.5744
-5.95407 10.3719
-5.80975 10.17
-5.66504 9.96876
-5.51998 9.76825
-5.37462 9.56843
-5.22897 9.36929
-5.08311 9.17084
-4.93706 8.97308
-4.79089 8.776
-4.64467 8.57961
-4.49845 8.38392
-4.35232 8.18892
-4.20637 7.99462
-4.0607 7.801
-3.91543 7.60807
-3.77069 7.4158
-3.62664 7.22416
-3.48343 7.0331
-3.34125 6.84255
-3.2003 6.65238
-3.06076 6.46244
-2.92281 6.27253
-2.78658 6.08238
-2.65215 5.89168
-2.51815 5.70082
-2.3842 5.50995
-2.25032 5.31905
-2.1165 5.12813
-1.98274 4.9372
-1.84905 4.74624
-1.71542 4.55526
-1.58186 4.36427
-1.44837 4.17325
-1.31494 3.98221
-1.18158 3.79115
-1.0483 3.60007
-0.915079 3.40897
-0.781934 3.21784
-0.648863 3.0267
-0.515865 2.83553
-0.382943 2.64433
-0.250097 2.45311
-0.117328 2.26187
0.0153609 2.07061
0.14797 1.87932
0.280498 1.688
0.412942 1.49666
0.545303 1.30529
0.677577 1.1139
0.809765 0.922479
0.941863 0.731031
1.07387 0.539554
1.20579 0.34805
1.33761 0.156516
1.46933 -0.0350474
1.60096 -0.226641
1.73249 -0.418265
1.86392 -0.609921
1.99524 -0.801609
2.12646 -0.993329
2.2575 -1.18555
2.38828 -1.38066
2.519 -1.57637
2.64996 -1.77499
2.78101 -1.97428
2.91281 -2.1764
3.04486 -2.37921
3.17816 -2.58467
3.31185 -2.79081
3.44725 -2.99935
3.58315 -3.20849
3.71945 -3.41807
3.85575 -3.62765
3.99205 -3.83722
4.12835 -4.0468
4.26465 -4.25638
4.40094 -4.46596
4.53724 -4.67553
4.67354 -4.88511
4.80984 -5.09469
4.94614 -5.30427
5.08244 -5.51384
5.21873 -5.72342
5.35503 -5.933
5.49133 -6.14258
5.62763 -6.35215
5.76393 -6.56173
5.90023 -6.77131
6.03652 -6.98089
6.17282 -7.19046
6.30912 -7.40004
6.44542 -7.60962
6.58172 -7.8192
6.71802 -8.02877
6.85431 -8.23835
6.99061 -8.44793
7.12691 -8.65751
7.26321 -8.86708
7.39951 -9.07666
7.53581 -9.28624
7.53581 -9.28624
7.53581 -9.28624
7.53581 -9.28624
7.53581 -9.28624
7.53581 -9.28624
7.53581 -9.28624
7.53581 -9.28624
7.53581 -9.28624
7.53581 -9.28624
7.53581 -9.28624
7.53581 -9.28624
7.53581 -9.28624
7.53581 -9.28624
7.53581 -9.28624
7.53581 -9.28624
7.53581 -9.28624
7.53581 -9.28624
7.53581 -9.28624
7.53581 -9.28624
7.53581 -9.28624
7.53581 -9.28624
7.53581 -9.28624
7.53581 -9.28624
7.53581 -9.28624
7.53581 -9.28624
7.53581 -9.28624
7.53581 -9.28624
7.53581 -9.28624
7.53581 -9.28624
7.53581 -9.28624
7.53581 -9.28624
7.53581 -9.28624
7.53581 -9.28624
7.53581 -9.28624
7.53581 -9.28624
7.53581 -9.28624
7.53581 -9.28624
7.53581 -9.28624
7.53581 -9.28624
7.53581 -9.28624
7.53581 -9.28624
7.53581 -9.28624
7.53581 -9.28624
7.53581 -9.28624
7.53581 -9.28624
7.53581 -9.28624
7.53581 -9.28624
7.53581 -9.28624
7.53581 -9.28624
7.53581 -9.28624
7.53581 -9.28624
7.53581 -9.28624
7.53581 -9.28624
7.53581 -9.28624
7.53581 -9.28624
7.53581 -9.28624
7.53581 -9.28624
7.53581 -9.28624
7.53581 -9.28624
7.53581 -9.28624
7.53581 -9.28624
7.53581 -9.28624
8 -10