9 7
8.8 7.15
8.6 7.3
8.4 7.45
8.2 7.6
8 7.75
7.8 7.9
7.6 8.05
7.4 8.2
7.2 8.35
7 8.5
6.8 8.65
6.6 8.8
6.4 8.95
6.2 9.1
6 9.25
5.8 9.4
5.6 9.55
5.4 9.7
5.2 9.85
5 10
4.8 10.15
4.6 10.3
4.4 10.45
4.2 10.6
4 10.75
3.8 10.9
3.6 11.05
3.4 11.2
3.2 11.35
3 11.5
2.8 11.65
2.6 11.8
2.4 11.95
2.2 12.1
2 12.25
1.8 12.4
1.6 12.55
1.4 12.7
1.20001 12.85
1.00001 13
0.800005 13.15
0.600005 13.3
0.400005 13.45
0.200005 13.6
5.46873e-06 13.75
-0.199994 13.9
-0.399994 14.05
-0.599994 14.2
-0.799994 14.35
-0.999994 14.5
-1.19999 14.65
-1.39999 14.8
-1.59999 14.95
-1.79999 15.1
-1.99999 15.25
-2.19999 15.4
-2.39999 15.55
-2.59999 15.7
-2.79999 15.85
-2.99999 16
-3.19999 16.15
-3.39999 16.3
-3.59999 16.45
-3.79999 16.6
-3.99999 16.75
-4.19999 16.9
-4.39999 17.05
-4.59999 17.2
-4.79999 17.35
-4.99999 17.5
-5.19999 17.65
-5.39999 17.8
-5.59999 17.95
-5.79999 18.1
-5.99999 18.25
-6.19999 18.4
-6.39999 18.55
-6.42589 18.6058
-6.42589 18.6058
-6.42589 18.6058
-6.42589 18.6058
-6.42589 18.6058
-6.42589 18.6058
-6.42589 18.6058
-6.42589 18.6058
-6.42589 18.6058
-6.42589 18.6058
-6.42589 18.6058
-6.42589 18.6058
-6.42589 18.6058
-6.42589 18.6058
-6.42589 18.6058
-6.42589 18.6058
-6.42589 18.6058
-6.42589 18.6058
-6.42589 18.6058
-6.42589 18.6058
-6.42589 18.6058
-6.42589 18.6058
-6.42589 18.6058
-6.42589 18.6058
-6.42589 18.6058
-6.42589 18.6058
-6.42589 18.6058
-6.42589 18.6058
-6.42589 18.6058
-6.42589 18.6058
-6.42589 18.6058
-6.42589 18.6058
-6.42589 18.6058
-6.42589 18.6058
-6.42589 18.6058
-6.42589 18.6058
-6.42589 18.6058
-6.42589 18.6058
-6.42589 18.6058
-6.42589 18.6058
-6.42589 18.6058
-6.42589 18.6058
-6.42589 18.6058
-6.42589 18.6058
-6.42589 18.6058
-6.42589 18.6058
-6.42589 18.6058
-6.42589 18.6058
-6.42589 18.6058
-6.42589 18.6058
-6.42589 18.6058
-6.42589 18.6058
-6.42589 18.6058
-6.42589 18.6058
-6.42589 18.6058
-6.42589 18.6058
-6.42589 18.6058
-6.42589 18.6058
-6.42589 18.6058
-6.42589 18.6058
-6.42589 18.6058
-6.42589 18.6058
-6.42589 18.6058
-6.42589 18.6058
-6.42589 18.6058
-6.42589 18.6058
-6.42589 18.6058
-6.42589 18.6058
-6.42589 18.6058
-6.42589 18.6058
-6.42589 18.6058
-6.42589 18.6058
-6.42589 18.6058
-6.42589 18.6058
-6.42589 18.6058
-6.42589 18.6058
-6.42589 18.6058
-6.42589 18.6058
-6.42589 18.6058
-6.42589 18.6058
-6.42589 18.6058
-6.42589 18.6058
-6.42589 18.6058
-6.42589 18.6058
-6.42589 18.6058
-6.42589 18.6058
-6.42589 18.6058
-6.42589 18.6058
-6.42589 18.6058
-6.42589 18.6058
-6.42589 18.6058
-6.42589 18.6058
-6.42589 18.6058
-6.42589 18.6058
-6.42589 18.6058
-6.42589 18.6058
-6.42589 18.6058
-6.42589 18.6058
-6.42589 18.6058
-6.42589 18.6058
-6.42589 18.6058
-6.42589 18.6058
-6.42589 18.6058
-6.42589 18.6058
-6.42589 18.6058
-6.42589 18.6058
-6.42589 18.6058
-6.42589 18.6058
-6.42589 18.6058
-6.42589 18.6058
-6.42589 18.6058
-6.42589 18.6058
-6.42589 18.6058
-6.42589 18.6058
-6.42589 18.6058
-6.42589 18.6058
-6.42589 18.6058
-6.42589 18.6058
-6.42589 18.6058
-6.42589 18.6058
-6.42589 18.6058
-6.42589 18.6058
-6.42589 18.6058
-6.42589 18.6058
-6.42589 18.6058
-6.42589 18.6058
-6.42589 18.6058
-6.42589 18.6058
-6.42589 18.6058
-6.42589 18.6058
-6.42589 18.6058
-6.42589 18.6058
-6.42589 18.6058
-6.42589 18.6058
-6.42589 18.6058
-6.42589 18.6058
-6.42589 18.6058
-6.42589 18.6058
-6.42589 18.6058
-6.42589 18.6058
-6.42589 18.6058
-6.42589 18.6058
-6.42589 18.6058
-6.42589 18.6058
-6.42589 18.6058
-6.42589 18.6058
-6.42589 18.6058
-6.42589 18.6058
-6.42589 18.6058
-6.42589 18.6058
-6.42589 18.6058
-6.42589 18.6058
-6.42589 18.6058
-6.42589 18.6058
-6.42589 18.6058
-7 19