-23 18
-22.8036 17.8454
-22.6071 17.6907
-22.4107 17.5361
-22.2143 17.3814
-22.0178 17.2268
-21.8214 17.0722
-21.625 16.9175
-21.4285 16.7629
-21.2321 16.6082
-21.0357 16.4536
-20.8392 16.299
-20.6428 16.1443
-20.4464 15.9897
-20.2499 15.835
-20.0535 15.6804
-19.8571 15.5258
-19.6606 15.3711
-19.4642 15.2165
-19.2678 15.0618
-19.0713 14.9072
-18.8749 14.7526
-18.6785 14.5979
-18.482 14.4433
-18.2856 14.2886
-18.0891 14.134
-17.8927 13.9794
-17.6963 13.8247
-17.4998 13.6701
-17.3034 13.5154
-17.107 13.3608
-16.9105 13.2062
-16.7141 13.0515
-16.5177 12.8969
-16.3212 12.7422
-16.1248 12.5876
-15.9284 12.433
-15.7319 12.2783
-15.5355 12.1237
-15.3391 11.969
-15.1426 11.8144
-14.9462 11.6598
-14.7498 11.5051
-14.5533 11.3505
-14.3569 11.1958
-14.1605 11.0412
-13.964 10.8866
-13.7676 10.7319
-13.5712 10.5773
-13.3747 10.4226
-13.1783 10.268
-12.9818 10.1133
-12.7854 9.95871
-12.589 9.80407
-12.3925 9.64943
-12.1961 9.49479
-11.9997 9.34015
-11.8032 9.18551
-11.6068 9.03087
-11.4104 8.87623
-11.2139 8.72159
-11.0175 8.56695
-10.8211 8.41231
-10.6246 8.25767
-10.4282 8.10303
-10.2318 7.94839
-10.0353 7.79375
-9.83943 7.63839
-9.64408 7.4823
-9.44924 7.3255
-9.25489 7.16798
-9.06099 7.00977
-8.86753 6.85087
-8.67446 6.69128
-8.48177 6.53101
-8.2894 6.37006
-8.09733 6.20845
-7.90551 6.04616
-7.7139 5.88321
-7.52245 5.71959
-7.33109 5.5553
-7.13976 5.39033
-6.94839 5.22469
-6.7569 5.05839
-6.56518 4.89141
-6.37312 4.72377
-6.18061 4.5555
-5.98748 4.38661
-5.79359 4.21716
-5.59875 4.04721
-5.40278 3.87689
-5.20548 3.70634
-5.00668 3.53576
-4.80623 3.3654
-4.60405 3.19556
-4.40147 3.02588
-4.19883 2.85622
-3.99614 2.68658
-3.7934 2.51695
-3.5906 2.34734
-3.38774 2.17775
-3.18483 2.00817
-2.98186 1.83861
-2.77883 1.66907
-2.57575 1.49955
-2.3726 1.33005
-2.1694 1.16056
-1.96613 0.991094
-1.76281 0.821645
-1.55942 0.652216
-1.35597 0.482806
-1.15246 0.313415
-0.94889 0.144044
-0.745251 -0.0253069
-0.541548 -0.194638
-0.337779 -0.363949
-0.133944 -0.53324
0.0699589 -0.702509
0.273929 -0.871758
0.477969 -1.04099
0.682078 -1.21019
0.886257 -1.37938
1.09051 -1.54854
1.29483 -1.71768
1.49923 -1.88679
1.7037 -2.05589
1.90824 -2.22496
2.11286 -2.39401
2.31756 -2.56303
2.52234 -2.73203
2.72719 -2.90101
2.9322 -3.06949
3.13747 -3.23508
3.34281 -3.40007
3.54793 -3.56214
3.75298 -3.72353
3.95733 -3.88206
4.16146 -4.03988
4.36439 -4.195
4.56696 -4.34944
4.76788 -4.50143
4.96829 -4.65281
5.16792 -4.8033
5.36755 -4.95379
5.56718 -5.10428
5.76681 -5.25478
5.96644 -5.40527
6.16607 -5.55576
6.3657 -5.70625
6.56533 -5.85674
6.76496 -6.00724
6.96459 -6.15773
7.16422 -6.30822
7.36385 -6.45871
7.56348 -6.60921
7.76311 -6.7597
7.96274 -6.91019
8.16237 -7.06068
8.362 -7.21117
8.56163 -7.36167
8.76126 -7.51216
8.96089 -7.66265
9.16052 -7.81314
9.36015 -7.96363
9.55978 -8.11413
9.75941 -8.26462
9.95903 -8.41511
10.1587 -8.56561
10.3583 -8.7161
10.5579 -8.86659
10.7576 -9.01708
10.9572 -9.16758
11.1568 -9.31807
11.3564 -9.46856
11.5561 -9.61905
11.7557 -9.76955
11.9553 -9.92004
12.155 -10.0705
12.3546 -10.221
12.5542 -10.3715
12.7539 -10.522
12.9535 -10.6725
13.1531 -10.823
13.3527 -10.9735
13.5524 -11.124
13.752 -11.2745
13.9516 -11.425
14.1513 -11.5755
14.3509 -11.726
14.5505 -11.8764
14.7501 -12.0269
14.9498 -12.1774
15.1494 -12.3279
15.349 -12.4784
15.5487 -12.6289
15.7483 -12.7794
15.9479 -12.9299
16.1476 -13.0804
16.3472 -13.2309
16.5468 -13.3814
16.7465 -13.5319
16.9461 -13.6824
17.1457 -13.8328
17.3453 -13.9833
17.545 -14.1338
17.7446 -14.2843
17.9442 -14.4348
18.1439 -14.5853
18.3435 -14.7358
18.5431 -14.8863
18.7428 -15.0368
18.9424 -15.1873
19.142 -15.3378
19.3416 -15.4883
19.5413 -15.6388
19.7409 -15.7893
19.9405 -15.9397
20.1402 -16.0902
20.3398 -16.2407
20.5394 -16.3912
20.7391 -16.5417
20.9387 -16.6922
21.1383 -16.8427
21.3379 -16.9932
21.5376 -17.1437
21.7372 -17.2942
21.9368 -17.4447
22.1365 -17.5952
22.3361 -17.7456
22.5357 -17.8961
22.7353 -18.0466
22.935 -18.1971
23.1346 -18.3476
24 -19