-14 -16
-14.0479 -15.7546
-14.0958 -15.5093
-14.1436 -15.2639
-14.1915 -15.0185
-14.2394 -14.7731
-14.2873 -14.5278
-14.3351 -14.2824
-14.383 -14.037
-14.4309 -13.7916
-14.4788 -13.5463
-14.5267 -13.3009
-14.5745 -13.0555
-14.6224 -12.8102
-14.6703 -12.5648
-14.7182 -12.3194
-14.766 -12.074
-14.8139 -11.8287
-14.8618 -11.5833
-14.9097 -11.3379
-14.9575 -11.0925
-15.0054 -10.8472
-15.0533 -10.6018
-15.1012 -10.3564
-15.1491 -10.1111
-15.1969 -9.86568
-15.2448 -9.62031
-15.2927 -9.37494
-15.3406 -9.12956
-15.3884 -8.88419
-15.4363 -8.63882
-15.4842 -8.39344
-15.5321 -8.14807
-15.58 -7.9027
-15.6278 -7.65733
-15.6757 -7.41195
-15.7236 -7.16658
-15.7715 -6.92121
-15.8193 -6.67583
-15.8672 -6.43046
-15.9151 -6.18509
-15.963 -5.93972
-16.0108 -5.69434
-16.0587 -5.44897
-16.1066 -5.2036
-16.1545 -4.95823
-16.2024 -4.71285
-16.2502 -4.46748
-16.2981 -4.22211
-16.346 -3.97673
-16.3939 -3.73136
-16.4418 -3.48599
-16.4896 -3.24062
-16.5375 -2.99524
-16.5854 -2.74987
-16.6333 -2.5045
-16.6811 -2.25913
-16.729 -2.01375
-16.7769 -1.76838
-16.8248 -1.52301
-16.8727 -1.27764
-16.9205 -1.03226
-16.9684 -0.786891
-17.0163 -0.541518
-17.0642 -0.296145
-17.112 -0.0507727
-17.1599 0.1946
-17.2078 0.439973
-17.2557 0.685345
-17.3036 0.930718
-17.3514 1.17609
-17.3993 1.42146
-17.4472 1.66684
-17.4951 1.91221
-17.543 2.15758
-17.5908 2.40295
-17.6387 2.64833
-17.6866 2.8937
-17.7345 3.13907
-17.7823 3.38445
-17.8302 3.62982
-17.8781 3.87519
-17.926 4.12056
-17.9739 4.36594
-18.0217 4.61131
-18.0696 4.85668
-18.1175 5.10205
-18.1654 5.34743
-18.2132 5.5928
-18.2611 5.83817
-18.309 6.08355
-18.3569 6.32892
-18.4048 6.57429
-18.4526 6.81966
-18.5005 7.06504
-18.5484 7.31041
-18.5963 7.55578
-18.6441 7.80116
-18.692 8.04653
-18.7399 8.2919
-18.7878 8.53727
-18.8357 8.78265
-18.8835 9.02802
-18.9314 9.27339
-18.9793 9.51876
-19.0272 9.76414
-19.075 10.0095
-19.1229 10.2549
-19.1708 10.5003
-19.2187 10.7456
-19.2666 10.991
-19.3144 11.2364
-19.3623 11.4817
-19.4102 11.7271
-19.4581 11.9725
-19.5059 12.2179
-19.5538 12.4632
-19.6017 12.7086
-19.6496 12.954
-19.6974 13.1994
-19.7453 13.4447
-19.7932 13.6901
-19.8411 13.9355
-19.889 14.1808
-19.9368 14.4262
-19.9847 14.6716
-20.0326 14.917
-20.0805 15.1623
-20.1283 15.4077
-20.1762 15.6531
-20.2241 15.8985
-20.272 16.1438
-20.3199 16.3892
-20.3677 16.6346
-20.4156 16.8799
-20.4635 17.1253
-20.5114 17.3707
-20.5592 17.6161
-20.6071 17.8614
-20.655 18.1068
-20.7029 18.3522
-20.7507 18.5976
-20.7986 18.8429
-20.8465 19.0883
-20.8944 19.3337
-20.9423 19.579
-20.9901 19.8244
-21.038 20.0698
-21.0859 20.3152
-21.1338 20.5605
-21.1816 20.8059
-21.2295 21.0513
-21.2774 21.2967
-21.3253 21.542
-21.3732 21.7874
-21.421 22.0328
-21.4689 22.2781
-21.5168 22.5235
-21.5647 22.7689
-21.6125 23.0143
-21.6604 23.2596
-21.7083 23.505
-21.7562 23.7504
-21.8041 23.9958
-21.8519 24.2411
-21.8472 24.2562
-21.8472 24.2562
-21.8472 24.2562
-21.8472 24.2562
-21.8472 24.2562
-21.8472 24.2562
-21.8472 24.2562
-21.8472 24.2562
-21.8472 24.2562
-21.8472 24.2562
-21.8472 24.2562
-21.8472 24.2562
-21.8472 24.2562
-21.8472 24.2562
-21.8472 24.2562
-21.8472 24.2562
-21.8472 24.2562
-21.8472 24.2562
-21.8472 24.2562
-21.8472 24.2562
-21.8472 24.2562
-21.8472 24.2562
-21.8472 24.2562
-21.8472 24.2562
-21.8472 24.2562
-21.8472 24.2562
-21.8472 24.2562
-21.8472 24.2562
-21.8472 24.2562
-21.8472 24.2562
-21.8472 24.2562
-21.8472 24.2562
-21.8472 24.2562
-21.8472 24.2562
-21.8472 24.2562
-21.8472 24.2562
-21.8472 24.2562
-21.8472 24.2562
-21.8472 24.2562
-21.8472 24.2562
-21.8472 24.2562
-21.8472 24.2562
-21.8472 24.2562
-21.8472 24.2562
-21.8472 24.2562
-21.8472 24.2562
-21.8472 24.2562
-21.8472 24.2562
-21.8472 24.2562
-21.8472 24.2562
-21.8472 24.2562
-21.8472 24.2562
-21.8472 24.2562
-21.8472 24.2562
-21.8472 24.2562
-21.8472 24.2562
-21.8472 24.2562
-21.8472 24.2562
-21.8472 24.2562
-21.8472 24.2562
-21.8472 24.2562
-21.8472 24.2562
-21.8472 24.2562
-21.8472 24.2562
-21.8472 24.2562
-21.8472 24.2562
-21.8472 24.2562
-21.8472 24.2562
-22 25