17 13
16.75 13
16.5 13
16.25 13
16 13
15.75 13
15.5 13
15.25 13
15 13
14.75 13
14.5 13
14.25 13
14 13
13.75 13
13.5 13
13.25 13
13 13
12.75 13
12.5 13
12.25 13
12 13
11.75 13
11.5 13
11.25 13
11 13
10.75 13
10.5 13
10.25 13
10 13
9.75 13
9.5 13
9.25 13
9 13
8.75 13
8.5 13
8.25 13
8 13
7.75 13
7.5 13
7.25 13
7 13
6.75 13
6.5 13
6.25 13
6 13
5.75 13
5.5 13
5.25 13
5 13
5 13
5 13
5 13
5 13
5 13
5 13
5 13
5 13
5 13
5 13
5 13
5 13
5 13
5 13
5 13
5 13
5 13
5 13
5 13
5 13
5 13
5 13
5 13
5 13
5 13
5 13
5 13
5 13
5 13
5 13
5 13
5 13
5 13
5 13
5 13
5 13
5 13
5 13
5 13
5 13
5 13
5 13
5 13
5 13
5 13
5 13
5 13
5 13
5 13
5 13
5 13
5 13
5 13
5 13
5 13
5 13
5 13
5 13
5 13
5 13
5 13
5 13
5 13
5 13
5 13
5 13
5 13
5 13
5 13
5 13
5 13
5 13
5 13
5 13
5 13
5 13
5 13
5 13
5 13
5 13
5 13
5 13
5 13
5 13
5 13
5 13
5 13
5 13
5 13
5 13
5 13
5 13
5 13
5 13
5 13
5 13
5 13
5 13
5 13
5 13
5 13
5 13
5 13
5 13
5 13
5 13
5 13
5 13
5 13
5 13
5 13
5 13
4 13