16 2
15.7512 2.02428
15.5024 2.04855
15.2535 2.07283
15.0047 2.0971
14.7559 2.12138
14.5071 2.14565
14.2583 2.16993
14.0095 2.1942
13.7606 2.21848
13.5118 2.24275
13.263 2.26703
13.0142 2.2913
12.7654 2.31558
12.5165 2.33985
12.2677 2.36413
12.0189 2.3884
11.7701 2.41268
11.5213 2.43695
11.2725 2.46123
11.0236 2.4855
10.7748 2.50978
10.526 2.53405
10.2772 2.55833
10.0284 2.5826
9.77954 2.60688
9.53072 2.63115
9.2819 2.65543
9.03308 2.6797
8.78427 2.70398
8.53545 2.72825
8.28663 2.75253
8.03781 2.7768
7.78899 2.80108
7.54017 2.82535
7.29135 2.84963
7.04254 2.8739
6.79372 2.89818
6.5449 2.92245
6.29608 2.94673
6.04726 2.971
5.79844 2.99528
5.54962 3.01955
5.3008 3.04383
5.05198 3.0681
4.80317 3.09238
4.55435 3.11665
4.30553 3.14093
4.05671 3.1652
3.80789 3.18948
3.55907 3.21375
3.31025 3.23803
3.06143 3.2623
2.81262 3.28658
2.5638 3.31085
2.31498 3.33513
2.06616 3.3594
1.81734 3.38368
1.56852 3.40795
1.3197 3.43223
1.07089 3.4565
0.822067 3.48078
0.573248 3.50505
0.32443 3.52933
0.0756111 3.5536
-0.173208 3.57788
-0.422026 3.60215
-0.670845 3.62643
-0.919664 3.6507
-1.16848 3.67498
-1.4173 3.69925
-1.66612 3.72353
-1.91494 3.7478
-2.16376 3.77208
-2.41258 3.79635
-2.66139 3.82063
-2.91021 3.8449
-3.15903 3.86918
-3.40785 3.89345
-3.65667 3.91773
-3.90549 3.942
-4.15431 3.96628
-4.40312 3.99055
-4.65194 4.01483
-4.90076 4.0391
-5.14958 4.06338
-5.3984 4.08765
-5.64722 4.11193
-5.89604 4.1362
-6.14486 4.16048
-6.39368 4.18475
-6.64249 4.20903
-6.89131 4.2333
-7.14013 4.25758
-7.38895 4.28185
-7.63777 4.30613
-7.88659 4.3304
-8.13541 4.35468
-8.38423 4.37895
-8.63304 4.40322
-8.88186 4.4275
-9.13068 4.45177
-9.3795 4.47605
-9.62832 4.50032
-9.87714 4.5246
-10.126 4.54887
-10.3748 4.57315
-10.6236 4.59742
-10.8724 4.6217
-11.1212 4.64597
-11.37 4.67025
-11.6189 4.69452
-11.8677 4.7188
-12.1165 4.74307
-12.3653 4.76735
-12.6141 4.79162
-12.863 4.8159
-13.1118 4.84017
-13.3606 4.86445
-13.6094 4.88872
-13.8582 4.913
-14.107 4.93727
-14.3559 4.96155
-14.6047 4.98582
-14.8535 5.0101
-15.1023 5.03437
-15.3511 5.05865
-15.6 5.08292
-15.8488 5.10719
-16.0976 5.13147
-16.3464 5.15575
-16.5952 5.18002
-16.8441 5.2043
-17.0929 5.22857
-17.3417 5.25285
-17.5905 5.27712
-17.8393 5.3014
-18.0882 5.32567
-18.337 5.34995
-18.5858 5.37422
-18.8346 5.3985
-19.0834 5.42277
-19.3322 5.44705
-19.5811 5.47132
-19.8299 5.4956
-20.0787 5.51987
-20.3275 5.54415
-20.5763 5.56842
-20.8252 5.5927
-21.074 5.61697
-21.3228 5.64125
-21.5716 5.66552
-21.8204 5.6898
-22.0693 5.71407
-22.3181 5.73835
-22.5669 5.76262
-22.8157 5.7869
-23.0645 5.81117
-23.3134 5.83545
-23.5622 5.85972
-23.811 5.884
-25 6