24 -22
23.8696 -21.889
23.7002 -21.7051
23.5309 -21.5212
23.3615 -21.3373
23.1922 -21.1534
23.0228 -20.9695
22.8535 -20.7856
22.6841 -20.6017
22.5147 -20.4178
22.3454 -20.2339
22.176 -20.05
22.0067 -19.8661
21.8373 -19.6822
21.668 -19.4983
21.4986 -19.3144
21.3293 -19.1305
21.1599 -18.9466
20.9906 -18.7627
20.8212 -18.5788
20.6519 -18.3949
20.4825 -18.211
20.3131 -18.0271
20.1438 -17.8432
19.9744 -17.6593
19.8051 -17.4754
19.6357 -17.2915
19.4664 -17.1076
19.297 -16.9237
19.1277 -16.7398
18.9583 -16.5559
18.789 -16.372
18.6196 -16.1881
18.4503 -16.0042
18.2809 -15.8203
18.1115 -15.6364
17.9422 -15.4525
17.7728 -15.2686
17.6035 -15.0847
17.4341 -14.9008
17.2648 -14.7169
17.0954 -14.533
16.9261 -14.3491
16.7567 -14.1652
16.5874 -13.9813
16.418 -13.7974
16.2486 -13.6135
16.0793 -13.4296
15.9099 -13.2457
15.7406 -13.0618
15.5712 -12.8779
15.4019 -12.694
15.2325 -12.5101
15.0632 -12.3262
14.8938 -12.1423
14.7245 -11.9584
14.5551 -11.7745
14.3857 -11.5906
14.2164 -11.4067
14.047 -11.2228
13.8777 -11.0389
13.7083 -10.855
13.539 -10.6711
13.3696 -10.4872
13.2003 -10.3033
13.0309 -10.1194
12.8616 -9.93555
12.6922 -9.75165
12.5228 -9.56775
12.5206 -9.4149
12.518 -9.27937
12.5151 -9.1528
12.5122 -9.03087
12.5092 -8.91136
12.5063 -8.79309
12.5033 -8.67547
12.5003 -8.55819
12.4973 -8.44109
12.4943 -8.32408
12.4913 -8.20712
12.4883 -8.09019
12.3615 -7.97644
12.2693 -7.86181
12.2026 -7.74654
12.1534 -7.63081
12.1162 -7.51478
12.0873 -7.39854
12.0644 -7.28215
12.0456 -7.16565
12.03 -7.04906
12.0168 -6.93242
12.0053 -6.81573
11.9953 -6.69901
11.9864 -6.58225
11.9784 -6.46548
11.9712 -6.34868
11.9645 -6.23187
11.9583 -6.11505
11.909 -6.01906
11.8078 -5.97952
11.6858 -6.01431
11.5768 -6.12954
11.5142 -6.3159
11.5234 -6.54992
11.5711 -6.79532
11.6188 -7.04072
11.6666 -7.28611
11.7143 -7.53151
11.7621 -7.77691
11.8098 -8.02231
11.8098 -8.02231
11.8098 -8.02231
11.8098 -8.02231
11.8098 -8.02231
11.8098 -8.02231
11.8098 -8.02231
11.8098 -8.02231
11.8098 -8.02231
11.8098 -8.02231
11.8098 -8.02231
11.8098 -8.02231
11.8098 -8.02231
11.8098 -8.02231
11.8098 -8.02231
11.8098 -8.02231
11.8098 -8.02231
11.8098 -8.02231
11.8098 -8.02231
11.8098 -8.02231
11.8098 -8.02231
11.8098 -8.02231
11.8098 -8.02231
11.8098 -8.02231
11.8098 -8.02231
11.8098 -8.02231
11.8098 -8.02231
11.8098 -8.02231
11.8098 -8.02231
11.8098 -8.02231
11.8098 -8.02231
11.8098 -8.02231
11.8098 -8.02231
11.8098 -8.02231
11.8098 -8.02231
11.8098 -8.02231
11.8098 -8.02231
11.8098 -8.02231
11.8098 -8.02231
11.8098 -8.02231
11.8098 -8.02231
11.8098 -8.02231
11.8098 -8.02231
11.8098 -8.02231
11.8098 -8.02231
11.8098 -8.02231
11.8098 -8.02231
11.8098 -8.02231
11.8098 -8.02231
11.8098 -8.02231
11.8098 -8.02231
11.8098 -8.02231
12 -9