17 -9
16.7561 -8.94493
16.5123 -8.88987
16.2684 -8.8348
16.0246 -8.77974
15.7807 -8.72467
15.5368 -8.66961
15.293 -8.61454
15.0491 -8.55948
14.8053 -8.50441
14.5614 -8.44935
14.3175 -8.39428
14.0737 -8.33922
13.8298 -8.28415
13.586 -8.22909
13.3421 -8.17402
13.0982 -8.11896
12.8544 -8.06389
12.6105 -8.00883
12.3667 -7.95376
12.1228 -7.8987
11.8789 -7.84363
11.6351 -7.78857
11.3912 -7.7335
11.1474 -7.67844
10.9035 -7.62337
10.6596 -7.56831
10.4158 -7.51324
10.1719 -7.45818
9.92805 -7.40311
9.68419 -7.34805
9.44033 -7.29298
9.19647 -7.23792
8.95261 -7.18285
8.70875 -7.12778
8.46489 -7.07272
8.22103 -7.01765
7.97717 -6.96259
7.73331 -6.90752
7.48945 -6.85246
7.24559 -6.79739
7.00173 -6.74233
6.75787 -6.68726
6.51401 -6.6322
6.27015 -6.57713
6.02629 -6.52207
5.78243 -6.467
5.53857 -6.41194
5.29471 -6.35687
5.05085 -6.30181
4.80699 -6.24674
4.56313 -6.19168
4.31927 -6.13661
4.07541 -6.08155
3.83155 -6.02648
3.58769 -5.97142
3.34383 -5.91635
3.09997 -5.86129
2.85611 -5.80622
2.61225 -5.75116
2.36839 -5.69609
2.12453 -5.64103
1.88066 -5.58596
1.6368 -5.5309
1.39294 -5.47583
1.14908 -5.42076
0.905224 -5.3657
0.661364 -5.31063
0.417503 -5.25557
0.173643 -5.2005
-0.0702171 -5.14544
-0.314077 -5.09037
-0.557938 -5.03531
-0.801798 -4.98024
-1.04566 -4.92518
-1.28952 -4.87011
-1.53338 -4.81505
-1.77724 -4.75998
-2.0211 -4.70492
-2.26496 -4.64985
-2.50882 -4.59479
-2.75268 -4.53972
-2.99654 -4.48466
-3.2404 -4.42959
-3.48426 -4.37453
-3.72812 -4.31946
-3.97198 -4.2644
-4.21584 -4.20933
-4.4597 -4.15427
-4.70356 -4.0992
-4.94742 -4.04414
-5.19128 -3.98907
-5.43514 -3.93401
-5.679 -3.87894
-5.92286 -3.82387
-6.16672 -3.76881
-6.41058 -3.71374
-6.65444 -3.65868
-6.8983 -3.60361
-7.14216 -3.54855
-7.38602 -3.49348
-7.62988 -3.43842
-7.87374 -3.38335
-8.11761 -3.32829
-8.36147 -3.27322
-8.60533 -3.21816
-8.84919 -3.16309
-9.09305 -3.10802
-9.33691 -3.05296
-9.58077 -2.99789
-9.82463 -2.94283
-10.0685 -2.88776
-10.3123 -2.8327
-10.5562 -2.77763
-10.8001 -2.72257
-11.0439 -2.6675
-11.2878 -2.61244
-11.5316 -2.55737
-11.7755 -2.50231
-12.0194 -2.44724
-12.2632 -2.39217
-12.5071 -2.33711
-12.7509 -2.28204
-12.9948 -2.22698
-13.2387 -2.17191
-13.2387 -2.17191
-13.2387 -2.17191
-13.2387 -2.17191
-13.2387 -2.17191
-13.2387 -2.17191
-13.2387 -2.17191
-13.2387 -2.17191
-13.2387 -2.17191
-13.2387 -2.17191
-13.2387 -2.17191
-13.2387 -2.17191
-13.2387 -2.17191
-13.2387 -2.17191
-13.2387 -2.17191
-13.2387 -2.17191
-13.2387 -2.17191
-13.2387 -2.17191
-13.2387 -2.17191
-13.2387 -2.17191
-13.2387 -2.17191
-13.2387 -2.17191
-13.2387 -2.17191
-13.2387 -2.17191
-13.2387 -2.17191
-13.2387 -2.17191
-13.2387 -2.17191
-13.2387 -2.17191
-13.2387 -2.17191
-13.2387 -2.17191
-13.2387 -2.17191
-13.2387 -2.17191
-13.2387 -2.17191
-13.2387 -2.17191
-13.2387 -2.17191
-13.2387 -2.17191
-13.2387 -2.17191
-14 -2