-9 -20
-8.78211 -19.8774
-8.56421 -19.7549
-8.34632 -19.6323
-8.12843 -19.5097
-7.91053 -19.3872
-7.69264 -19.2646
-7.47474 -19.142
-7.25685 -19.0195
-7.03896 -18.8969
-6.82106 -18.7743
-6.60317 -18.6518
-6.38527 -18.5292
-6.16738 -18.4066
-5.94948 -18.2841
-5.73159 -18.1615
-5.5137 -18.0389
-5.2958 -17.9164
-5.07791 -17.7938
-4.86001 -17.6712
-4.64212 -17.5487
-4.42423 -17.4261
-4.20633 -17.3036
-3.98844 -17.181
-3.77054 -17.0584
-3.55265 -16.9359
-3.33476 -16.8133
-3.11686 -16.6907
-2.89897 -16.5682
-2.68108 -16.4456
-2.46318 -16.323
-2.24529 -16.2005
-2.02739 -16.0779
-1.8095 -15.9553
-1.59161 -15.8328
-1.37371 -15.7102
-1.15582 -15.5876
-0.937924 -15.4651
-0.72003 -15.3425
-0.502136 -15.2199
-0.284242 -15.0974
-0.0663485 -14.9748
0.151545 -14.8522
0.369439 -14.7297
0.587333 -14.6071
0.805227 -14.4846
1.02312 -14.362
1.24101 -14.2394
1.45891 -14.1169
1.6768 -13.9943
1.8947 -13.8717
2.11259 -13.7492
2.33048 -13.6266
2.54838 -13.504
2.76627 -13.3815
2.98417 -13.2589
3.20206 -13.1363
3.41995 -13.0138
3.63785 -12.8912
3.85574 -12.7686
4.07364 -12.6461
4.29153 -12.5235
4.50942 -12.4009
4.72732 -12.2784
4.94521 -12.1558
5.16311 -12.0332
5.381 -11.9107
5.59889 -11.7881
5.81679 -11.6656
6.03468 -11.543
6.25258 -11.4204
6.47047 -11.2979
6.68836 -11.1753
6.90626 -11.0527
7.12415 -10.9302
7.34205 -10.8076
7.55994 -10.685
7.77783 -10.5625
7.99573 -10.4399
8.21362 -10.3173
8.43152 -10.1948
8.64941 -10.0722
8.8673 -9.94964
9.0852 -9.82707
9.30309 -9.70451
9.52098 -9.58194
9.73888 -9.45938
9.95677 -9.33681
10.1747 -9.21425
10.3926 -9.09168
10.6105 -8.96912
10.8283 -8.84655
11.0462 -8.72399
11.2641 -8.60142
11.482 -8.47886
11.6999 -8.35629
11.9178 -8.23372
12.1357 -8.11116
12.3536 -7.98859
12.5715 -7.86603
12.7894 -7.74346
13.0073 -7.6209
13.2252 -7.49833
13.4431 -7.37577
13.661 -7.2532
13.8789 -7.13064
14.0967 -7.00807
14.3146 -6.88551
14.5325 -6.76294
14.7504 -6.64038
14.9683 -6.51781
15.1862 -6.39525
15.4041 -6.27268
15.622 -6.15012
15.8399 -6.02755
16.0578 -5.90498
16.2757 -5.78242
16.4936 -5.65985
16.7115 -5.53729
16.9294 -5.41472
17.1473 -5.29216
17.3652 -5.16959
17.583 -5.04703
17.8009 -4.92446
18.0188 -4.8019
18.2367 -4.67933
18.4546 -4.55677
18.6725 -4.4342
18.8904 -4.31164
19.1083 -4.18907
19.3262 -4.06651
19.5441 -3.94394
19.762 -3.82138
19.9799 -3.69881
20.1978 -3.57625
20.4157 -3.45368
20.6336 -3.33112
20.8515 -3.20855
21.0693 -3.08599
21.2872 -2.96342
21.5051 -2.84086
21.723 -2.71829
21.9409 -2.59573
22.1588 -2.47316
22.1616 -2.47162
22.1616 -2.47162
22.1616 -2.47162
22.1616 -2.47162
22.1616 -2.47162
22.1616 -2.47162
22.1616 -2.47162
22.1616 -2.47162
22.1616 -2.47162
22.1616 -2.47162
22.1616 -2.47162
22.1616 -2.47162
22.1616 -2.47162
22.1616 -2.47162
22.1616 -2.47162
22.1616 -2.47162
22.1616 -2.47162
23 -2