-13 21
-12.964 20.9371
-12.7465 20.8139
-12.5289 20.6906
-12.3114 20.5674
-12.0939 20.4442
-11.8764 20.321
-11.6588 20.1978
-11.4413 20.0746
-11.2238 19.9514
-11.0062 19.8282
-10.7887 19.7049
-10.5712 19.5817
-10.3537 19.4585
-10.1361 19.3353
-9.9186 19.2121
-9.70107 19.0889
-9.48354 18.9657
-9.26601 18.8425
-9.04848 18.7192
-8.83096 18.596
-8.61343 18.4728
-8.3959 18.3496
-8.17837 18.2264
-7.96084 18.1032
-7.74331 17.98
-7.52578 17.8568
-7.30826 17.7335
-7.09073 17.6103
-6.8732 17.4871
-6.65567 17.3639
-6.43814 17.2407
-6.22061 17.1175
-6.00308 16.9943
-5.78555 16.871
-5.56803 16.7478
-5.3505 16.6246
-5.13297 16.5014
-4.91544 16.3782
-4.69791 16.255
-4.48038 16.1318
-4.26285 16.0086
-4.04532 15.8853
-3.8278 15.7621
-3.61027 15.6389
-3.39274 15.5157
-3.17521 15.3925
-2.95768 15.2693
-2.74015 15.1461
-2.52262 15.0229
-2.30509 14.8997
-2.08756 14.7764
-1.87004 14.6532
-1.65251 14.53
-1.43498 14.4068
-1.21745 14.2836
-0.99992 14.1604
-0.782392 14.0372
-0.564863 13.914
-0.347334 13.7907
-0.129805 13.6675
0.0877238 13.5443
0.305253 13.4211
0.522781 13.2979
0.74031 13.1747
0.957839 13.0515
1.17537 12.9283
1.3929 12.805
1.61043 12.6818
1.82795 12.5586
2.04548 12.4354
2.26301 12.3122
2.48054 12.189
2.69807 12.0658
2.9156 11.9426
3.13313 11.8194
3.35066 11.6961
3.56819 11.5729
3.78571 11.4497
4.00324 11.3265
4.22077 11.2033
4.4383 11.0801
4.65583 10.9569
4.87336 10.8337
5.09089 10.7104
5.30842 10.5872
5.52594 10.464
5.74347 10.3408
5.961 10.2176
6.17853 10.0944
6.39606 9.97118
6.61359 9.84797
6.83112 9.72475
7.04865 9.60154
7.26617 9.47833
7.4837 9.35512
7.70123 9.23191
7.91876 9.10869
8.13629 8.98548
8.35382 8.86227
8.57135 8.73906
8.78888 8.61585
9.0064 8.49263
9.22393 8.36942
9.44146 8.24621
9.65899 8.123
9.87652 7.99979
10.094 7.87657
10.3116 7.75336
10.5291 7.63015
10.7466 7.50694
10.9642 7.38373
11.1817 7.26051
11.3992 7.1373
11.6167 7.01409
11.8343 6.89088
12.0518 6.76767
12.2693 6.64445
12.4869 6.52124
12.7044 6.39803
12.9219 6.27482
13.1394 6.15161
13.357 6.0284
13.5745 5.90518
13.792 5.78197
14.0096 5.65876
14.2271 5.53555
14.4446 5.41234
14.6621 5.28912
14.8797 5.16591
15.0972 5.0427
15.3147 4.91949
15.5323 4.79628
15.7498 4.67307
15.9673 4.54985
16.1848 4.42664
16.4024 4.30343
16.6199 4.18022
16.8374 4.05701
17.055 3.93379
17.2725 3.81058
17.49 3.68737
17.7075 3.56416
17.9251 3.44094
18.1426 3.31773
18.3601 3.19452
18.5777 3.07131
18.7952 2.9481
19.0127 2.82488
19.2303 2.70167
19.4478 2.57846
19.6653 2.45525
19.8828 2.33204
20.1004 2.20882
20.3179 2.08561
20.5354 1.9624
20.753 1.83919
20.9705 1.71597
21.188 1.59276
21.4055 1.46955
21.6231 1.34634
21.8406 1.22312
22.0581 1.09991
22.2757 0.9767
22.4932 0.853487
22.7107 0.730275
22.9282 0.607062
24 0