-23 1
-22.969 1.24807
-22.938 1.49614
-22.907 1.74421
-22.876 1.99228
-22.845 2.24035
-22.8139 2.48842
-22.7829 2.73649
-22.7519 2.98456
-22.7209 3.23263
-22.6899 3.4807
-22.6589 3.72876
-22.6279 3.97683
-22.5969 4.2249
-22.5659 4.47297
-22.5349 4.72104
-22.5039 4.96911
-22.4729 5.21718
-22.4418 5.46525
-22.4108 5.71332
-22.3798 5.96139
-22.3488 6.20946
-22.3178 6.45753
-22.2868 6.7056
-22.2558 6.95367
-22.2248 7.20174
-22.1938 7.4498
-22.1628 7.69787
-22.1318 7.94594
-22.1007 8.19401
-22.1023 8.19681
-22.1023 8.19681
-22.1023 8.19681
-22.1023 8.19681
-22.1023 8.19681
-22.1023 8.19681
-22.1023 8.19681
-22.1023 8.19681
-22.1023 8.19681
-22.1023 8.19681
-22.1023 8.19681
-22.1023 8.19681
-22.1023 8.19681
-22.1023 8.19681
-22.1023 8.19681
-22.1023 8.19681
-22.1023 8.19681
-22.1023 8.19681
-22.1023 8.19681
-22.1023 8.19681
-22.1023 8.19681
-22.1023 8.19681
-22.1023 8.19681
-22.1023 8.19681
-22.1023 8.19681
-22.1023 8.19681
-22.1023 8.19681
-22.1023 8.19681
-22.1023 8.19681
-22.1023 8.19681
-22.1023 8.19681
-22.1023 8.19681
-22.1023 8.19681
-22.1023 8.19681
-22.1023 8.19681
-22.1023 8.19681
-22.1023 8.19681
-22.1023 8.19681
-22.1023 8.19681
-22.1023 8.19681
-22.1023 8.19681
-22.1023 8.19681
-22.1023 8.19681
-22.1023 8.19681
-22.1023 8.19681
-22.1023 8.19681
-22.1023 8.19681
-22.1023 8.19681
-22.1023 8.19681
-22.1023 8.19681
-22.1023 8.19681
-22.1023 8.19681
-22.1023 8.19681
-22.1023 8.19681
-22.1023 8.19681
-22.1023 8.19681
-22.1023 8.19681
-22.1023 8.19681
-22.1023 8.19681
-22.1023 8.19681
-22.1023 8.19681
-22.1023 8.19681
-22.1023 8.19681
-22.1023 8.19681
-22.1023 8.19681
-22.1023 8.19681
-22.1023 8.19681
-22.1023 8.19681
-22.1023 8.19681
-22.1023 8.19681
-22.1023 8.19681
-22.1023 8.19681
-22.1023 8.19681
-22.1023 8.19681
-22.1023 8.19681
-22.1023 8.19681
-22.1023 8.19681
-22.1023 8.19681
-22.1023 8.19681
-22.1023 8.19681
-22.1023 8.19681
-22.1023 8.19681
-22.1023 8.19681
-22.1023 8.19681
-22.1023 8.19681
-22.1023 8.19681
-22.1023 8.19681
-22.1023 8.19681
-22.1023 8.19681
-22.1023 8.19681
-22.1023 8.19681
-22.1023 8.19681
-22.1023 8.19681
-22.1023 8.19681
-22.1023 8.19681
-22.1023 8.19681
-22.1023 8.19681
-22.1023 8.19681
-22.1023 8.19681
-22.1023 8.19681
-22.1023 8.19681
-22.1023 8.19681
-22.1023 8.19681
-22.1023 8.19681
-22.1023 8.19681
-22.1023 8.19681
-22.1023 8.19681
-22.1023 8.19681
-22.1023 8.19681
-22.1023 8.19681
-22.1023 8.19681
-22.1023 8.19681
-22.1023 8.19681
-22.1023 8.19681
-22.1023 8.19681
-22.1023 8.19681
-22.1023 8.19681
-22.1023 8.19681
-22.1023 8.19681
-22.1023 8.19681
-22.1023 8.19681
-22.1023 8.19681
-22.1023 8.19681
-22.1023 8.19681
-22.1023 8.19681
-22.1023 8.19681
-22.1023 8.19681
-22.1023 8.19681
-22.1023 8.19681
-22.1023 8.19681
-22.1023 8.19681
-22.1023 8.19681
-22.1023 8.19681
-22.1023 8.19681
-22.1023 8.19681
-22.1023 8.19681
-22.1023 8.19681
-22 9