5 1
4.76719 1.0911
4.53438 1.1822
4.30157 1.2733
4.06876 1.3644
3.83595 1.4555
3.60314 1.5466
3.37033 1.6377
3.13752 1.7288
2.9047 1.8199
2.67189 1.911
2.43908 2.0021
2.20627 2.0932
1.97346 2.1843
1.74065 2.2754
1.50784 2.3665
1.27503 2.4576
1.04222 2.5487
0.809408 2.6398
0.576597 2.7309
0.343786 2.822
0.110976 2.9131
-0.121835 3.0042
-0.354646 3.0953
-0.587456 3.1864
-0.820267 3.27749
-1.05308 3.36859
-1.28589 3.45969
-1.5187 3.55079
-1.75151 3.64189
-1.98432 3.73299
-2.21713 3.82409
-2.44994 3.91519
-2.68275 4.00629
-2.91556 4.09739
-3.14837 4.18849
-3.38119 4.27959
-3.614 4.37069
-3.84681 4.46179
-4.07962 4.55289
-4.31243 4.64399
-4.54524 4.73509
-4.77805 4.82619
-5.01086 4.91729
-5.24367 5.00839
-5.47648 5.09949
-5.70929 5.19059
-5.9421 5.28169
-6.17491 5.37279
-6.40772 5.46389
-6.64053 5.55499
-6.87334 5.64609
-7.10615 5.73719
-7.33896 5.82829
-7.57177 5.91939
-7.80458 6.01049
-8.0374 6.10159
-8.27021 6.19269
-8.50302 6.28379
-8.73583 6.37489
-8.96864 6.46599
-9.20145 6.55709
-9.43426 6.64819
-9.66707 6.73929
-9.89988 6.83039
-10.1327 6.92148
-10.3655 7.01258
-10.5983 7.10368
-10.8311 7.19478
-11.0639 7.28588
-11.2967 7.37698
-11.5296 7.46808
-11.7624 7.55918
-11.9952 7.65028
-12.228 7.74138
-12.4608 7.83248
-12.6936 7.92358
-12.9264 8.01468
-13.1592 8.10578
-13.392 8.19688
-13.6249 8.28798
-13.8577 8.37908
-14.0905 8.47018
-14.3233 8.56128
-14.5561 8.65238
-14.7889 8.74348
-15.0217 8.83458
-15.2545 8.92568
-15.4873 9.01678
-15.7202 9.10788
-15.953 9.19898
-16.1858 9.29008
-16.4186 9.38118
-16.6514 9.47228
-16.8842 9.56339
-17.117 9.65449
-17.1536 9.69115
-17.1536 9.69115
-17.1536 9.69115
-17.1536 9.69115
-17.1536 9.69115
-17.1536 9.69115
-17.1536 9.69115
-17.1536 9.69115
-17.1536 9.69115
-17.1536 9.69115
-17.1536 9.69115
-17.1536 9.69115
-17.1536 9.69115
-17.1536 9.69115
-17.1536 9.69115
-17.1536 9.69115
-17.1536 9.69115
-17.1536 9.69115
-17.1536 9.69115
-17.1536 9.69115
-17.1536 9.69115
-17.1536 9.69115
-17.1536 9.69115
-17.1536 9.69115
-17.1536 9.69115
-17.1536 9.69115
-17.1536 9.69115
-17.1536 9.69115
-17.1536 9.69115
-17.1536 9.69115
-17.1536 9.69115
-17.1536 9.69115
-17.1536 9.69115
-17.1536 9.69115
-17.1536 9.69115
-17.1536 9.69115
-17.1536 9.69115
-17.1536 9.69115
-17.1536 9.69115
-17.1536 9.69115
-17.1536 9.69115
-17.1536 9.69115
-17.1536 9.69115
-17.1536 9.69115
-17.1536 9.69115
-17.1536 9.69115
-17.1536 9.69115
-17.1536 9.69115
-17.1536 9.69115
-17.1536 9.69115
-17.1536 9.69115
-17.1536 9.69115
-17.1536 9.69115
-17.1536 9.69115
-17.1536 9.69115
-17.1536 9.69115
-17.1536 9.69115
-17.1536 9.69115
-17.1536 9.69115
-17.1536 9.69115
-17.1536 9.69115
-17.1536 9.69115
-17.1536 9.69115
-17.1536 9.69115
-17.1536 9.69115
-17.1536 9.69115
-17.1536 9.69115
-17.1536 9.69115
-17.1536 9.69115
-17.1536 9.69115
-17.1536 9.69115
-18 10