17 4
16.9095 3.82759
16.7471 3.63748
16.5848 3.44737
16.4225 3.25725
16.2601 3.06714
16.0978 2.87702
15.9354 2.68691
15.7731 2.4968
15.6107 2.30668
15.4484 2.11657
15.286 1.92646
15.1237 1.73634
14.9613 1.54623
14.799 1.35612
14.6366 1.166
14.4743 0.975889
14.3119 0.785776
14.1496 0.595662
13.9872 0.405549
13.8249 0.215435
13.6625 0.0253218
13.5002 -0.164792
13.3378 -0.354905
13.1755 -0.545019
13.0131 -0.735132
12.8508 -0.925246
12.6885 -1.11536
12.5261 -1.30547
12.3638 -1.49559
12.2014 -1.6857
12.0391 -1.87581
11.8767 -2.06593
11.7144 -2.25604
11.552 -2.44615
11.3897 -2.63627
11.2273 -2.82638
11.065 -3.01649
10.9026 -3.20661
10.7403 -3.39672
10.5779 -3.58683
10.4156 -3.77695
10.2532 -3.96706
10.0909 -4.15718
9.92854 -4.34729
9.76619 -4.5374
9.60385 -4.72752
9.4415 -4.91763
9.27915 -5.10774
9.1168 -5.29786
8.95445 -5.48797
8.79211 -5.67808
8.62976 -5.8682
8.46741 -6.05831
8.30506 -6.24842
8.14272 -6.43854
7.98037 -6.62865
7.81802 -6.81877
7.65567 -7.00888
7.49332 -7.19899
7.33098 -7.38911
7.16863 -7.57922
7.00628 -7.76933
6.84393 -7.95945
6.68159 -8.14956
6.51924 -8.33967
6.35689 -8.52979
6.19454 -8.7199
6.03219 -8.91001
5.86985 -9.10013
5.7075 -9.29024
5.54515 -9.48035
5.3828 -9.67046
5.22046 -9.86058
5.05811 -10.0507
4.89576 -10.2408
4.73341 -10.4309
4.57106 -10.621
4.40872 -10.8111
4.24637 -11.0013
4.08402 -11.1914
3.92167 -11.3815
3.75932 -11.5716
3.59698 -11.7617
3.43463 -11.9518
3.27228 -12.1419
3.10993 -12.332
2.94758 -12.5222
2.78524 -12.7123
2.62289 -12.9024
2.46054 -13.0925
2.29819 -13.2826
2.13584 -13.4727
1.9735 -13.6628
1.81115 -13.853
1.6488 -14.0431
1.48645 -14.2332
1.3241 -14.4233
1.16176 -14.6134
0.999408 -14.8035
0.83706 -14.9936
0.674713 -15.1837
0.512365 -15.3739
0.350017 -15.564
0.187669 -15.7541
0.0253209 -15.9442
-0.137027 -16.1343
-0.299375 -16.3244
-0.461723 -16.5145
-0.624071 -16.7046
-0.786419 -16.8948
-0.948767 -17.0849
-1.11111 -17.275
-1.27346 -17.4651
-1.43581 -17.6552
-1.59816 -17.8453
-1.76051 -18.0354
-1.92285 -18.2256
-2.0852 -18.4157
-2.24755 -18.6058
-2.4099 -18.7959
-2.57224 -18.986
-2.73459 -19.1761
-2.89694 -19.3662
-3.05929 -19.5563
-3.22164 -19.7465
-3.38398 -19.9366
-3.54633 -20.1267
-3.70868 -20.3168
-3.87103 -20.5069
-4.03337 -20.697
-4.19572 -20.8871
-4.35807 -21.0772
-4.52042 -21.2674
-4.68276 -21.4575
-4.84511 -21.6476
-5.00746 -21.8377
-5.16981 -22.0278
-5.33215 -22.2179
-5.4945 -22.408
-5.4945 -22.408
-5.4945 -22.408
-5.4945 -22.408
-5.4945 -22.408
-5.4945 -22.408
-5.4945 -22.408
-5.4945 -22.408
-5.4945 -22.408
-5.4945 -22.408
-5.4945 -22.408
-5.4945 -22.408
-5.4945 -22.408
-5.4945 -22.408
-5.4945 -22.408
-5.4945 -22.408
-5.4945 -22.408
-5.4945 -22.408
-5.4945 -22.408
-5.4945 -22.408
-5.4945 -22.408
-5.4945 -22.408
-5.4945 -22.408
-5.4945 -22.408
-5.4945 -22.408
-5.4945 -22.408
-5.4945 -22.408
-5.4945 -22.408
-6 -23