-7 19
-7.07457 18.7614
-7.14914 18.5228
-7.22371 18.2841
-7.29827 18.0455
-7.37284 17.8069
-7.44741 17.5683
-7.52198 17.3297
-7.59655 17.091
-7.67112 16.8524
-7.74569 16.6138
-7.82026 16.3752
-7.89482 16.1366
-7.96939 15.8979
-8.04396 15.6593
-8.11853 15.4207
-8.1931 15.1821
-8.26767 14.9435
-8.34224 14.7048
-8.41681 14.4662
-8.49137 14.2276
-8.56594 13.989
-8.64051 13.7504
-8.71508 13.5117
-8.78965 13.2731
-8.86422 13.0345
-8.93879 12.7959
-9.01336 12.5573
-9.08792 12.3186
-9.16249 12.08
-9.23706 11.8414
-9.31163 11.6028
-9.3862 11.3642
-9.46077 11.1255
-9.53534 10.8869
-9.60991 10.6483
-9.68447 10.4097
-9.75904 10.1711
-9.83361 9.93244
-9.90818 9.69382
-9.98275 9.4552
-10.0573 9.21658
-10.1319 8.97796
-10.2065 8.73934
-10.281 8.50072
-10.3556 8.2621
-10.4302 8.02348
-10.5047 7.78486
-10.5793 7.54624
-10.6539 7.30762
-10.7284 7.069
-10.803 6.83038
-10.8776 6.59176
-10.9521 6.35314
-11.0267 6.11452
-11.1013 5.8759
-11.1758 5.63728
-11.2504 5.39866
-11.325 5.16004
-11.3996 4.92142
-11.4741 4.6828
-11.5487 4.44418
-11.6233 4.20556
-11.6978 3.96694
-11.7724 3.72832
-11.766 3.70482
-11.766 3.70482
-11.766 3.70482
-11.766 3.70482
-11.766 3.70482
-11.766 3.70482
-11.766 3.70482
-11.766 3.70482
-11.766 3.70482
-11.766 3.70482
-11.766 3.70482
-11.766 3.70482
-11.766 3.70482
-11.766 3.70482
-11.766 3.70482
-11.766 3.70482
-11.766 3.70482
-11.766 3.70482
-11.766 3.70482
-11.766 3.70482
-11.766 3.70482
-11.766 3.70482
-11.766 3.70482
-11.766 3.70482
-11.766 3.70482
-11.766 3.70482
-11.766 3.70482
-11.766 3.70482
-11.766 3.70482
-11.766 3.70482
-11.766 3.70482
-11.766 3.70482
-11.766 3.70482
-11.766 3.70482
-11.766 3.70482
-11.766 3.70482
-11.766 3.70482
-11.766 3.70482
-11.766 3.70482
-11.766 3.70482
-11.766 3.70482
-11.766 3.70482
-11.766 3.70482
-11.766 3.70482
-11.766 3.70482
-11.766 3.70482
-11.766 3.70482
-11.766 3.70482
-11.766 3.70482
-11.766 3.70482
-11.766 3.70482
-11.766 3.70482
-11.766 3.70482
-11.766 3.70482
-11.766 3.70482
-11.766 3.70482
-11.766 3.70482
-11.766 3.70482
-11.766 3.70482
-11.766 3.70482
-11.766 3.70482
-11.766 3.70482
-11.766 3.70482
-11.766 3.70482
-11.766 3.70482
-11.766 3.70482
-11.766 3.70482
-11.766 3.70482
-11.766 3.70482
-11.766 3.70482
-11.766 3.70482
-11.766 3.70482
-11.766 3.70482
-11.766 3.70482
-11.766 3.70482
-11.766 3.70482
-11.766 3.70482
-11.766 3.70482
-11.766 3.70482
-11.766 3.70482
-11.766 3.70482
-11.766 3.70482
-11.766 3.70482
-11.766 3.70482
-11.766 3.70482
-11.766 3.70482
-11.766 3.70482
-11.766 3.70482
-11.766 3.70482
-11.766 3.70482
-11.766 3.70482
-11.766 3.70482
-11.766 3.70482
-11.766 3.70482
-11.766 3.70482
-11.766 3.70482
-11.766 3.70482
-11.766 3.70482
-11.766 3.70482
-11.766 3.70482
-11.766 3.70482
-11.766 3.70482
-12 3