23 1
21.0675 0.484675
19.1351 -0.0306506
17.2026 -0.545976
15.2701 -1.0613
13.3376 -1.57663
11.4052 -2.09195
9.47271 -2.60728
7.54024 -3.1226
7.54024 -3.1226
7.54024 -3.1226
7.54024 -3.1226
7.54024 -3.1226
7.54024 -3.1226
7.54024 -3.1226
7.54024 -3.1226
7.54024 -3.1226
7.54024 -3.1226
7.54024 -3.1226
7.54024 -3.1226
7.54024 -3.1226
7.54024 -3.1226
7.54024 -3.1226
7.54024 -3.1226
7.54024 -3.1226
7.54024 -3.1226
7.54024 -3.1226
7.54024 -3.1226
7.54024 -3.1226
7.54024 -3.1226
7.54024 -3.1226
7.54024 -3.1226
8 -3