-6 25
-6.28284 23.0201
-6.56569 21.0402
-6.84853 19.0603
-7.13137 17.0804
-7.41421 15.1005
-7.69706 13.1206
-7.9799 11.1407
-8.26274 9.16081
-8.54558 7.18091
-8.82843 5.20101
-9.11127 3.22111
-9.39411 1.24121
-9.67695 -0.738685
-9.9598 -2.71858
-10.2426 -4.69848
-10.5255 -6.67838
-10.8083 -8.65828
-11.0912 -10.6382
-11.374 -12.6181
-11.6569 -14.598
-11.9397 -16.5779
-12.2225 -18.5578
-12.5054 -20.5377
-12.7882 -22.5176
-13.0711 -24.4975
-13.4729 -25.3235
-14.2583 -24.789
-14.1792 -23.4322
-13.5333 -22.4727
-13.3017 -22.0095
-14.0039 -22.5632
-13 -24