4 6
3.41183 4.08844
2.82366 2.17688
2.23548 0.265326
1.64731 -1.64623
1.1063 -3.56158
0.577907 -5.61052
0.0403841 -7.66373
-0.508407 -9.7222
-1.07163 -11.7874
-1.87029 -13.9626
-2.76084 -15.9746
-3.62226 -18.0388
-4.41128 -20.2324
-5.9468 -21.091
-7.48322 -21.9481
-9.01879 -22.8066
-10.5543 -23.6653
-12.0899 -24.5239
-13.2894 -24.4784
-14.0379 -24.2899
-14.4843 -23.4144
-14.7432 -22.6249
-14.8495 -21.8957
-14.7431 -21.144
-13.3514 -20.1602
-11.3505 -20.1224
-9.35073 -20.0891
-7.35101 -20.0558
-5.35128 -20.0225
-3.35156 -19.9892
-2.85808 -19.8681
-4 -20