-17 0
-15.424 -1.23129
-13.8479 -2.46258
-12.2719 -3.69386
-10.6958 -4.92515
-9.16691 -6.15265
-7.65287 -7.2476
-6.14263 -8.34432
-4.6365 -9.44296
-3.13483 -10.5437
-1.63803 -11.6467
-0.0782586 -12.8985
1.48152 -14.1504
3.04129 -15.4022
4.60106 -16.654
6.16084 -17.9059
7.72061 -19.1577
9.28039 -20.4096
10.8402 -21.6614
12.3999 -22.9132
13.9597 -24.1651
15.5195 -25.4169
15.5195 -25.4169
15.5195 -25.4169
15.5195 -25.4169
15.5195 -25.4169
15.5195 -25.4169
15.5195 -25.4169
15.5195 -25.4169
15.5195 -25.4169
15.5195 -25.4169
15.5195 -25.4169
15 -25