24 -18
22.0226 -18.2996
20.0451 -18.5992
18.0677 -18.8988
16.0903 -19.1984
14.1128 -19.4981
12.1354 -19.7977
10.158 -20.0973
8.18055 -20.3969
6.20312 -20.6965
4.39114 -21.062
2.50614 -21.2957
0.624174 -21.5348
-1.25411 -21.7805
-3.12776 -22.0345
-4.99516 -22.2996
-6.85321 -22.5815
-8.69334 -22.8954
-9.30413 -23.5316
-9.29927 -23.7354
-9.29927 -23.7354
-9.29927 -23.7354
-9.29927 -23.7354
-9.29927 -23.7354
-9.29927 -23.7354
-9.29927 -23.7354
-9.29927 -23.7354
-9.29927 -23.7354
-9.29927 -23.7354
-9.29927 -23.7354
-9.29927 -23.7354
-9.29927 -23.7354
-9 -23