-20 -11
-20.1118 -10.7764
-20.2236 -10.5528
-20.3354 -10.3292
-20.4472 -10.1056
-20.559 -9.88196
-20.586 -9.84985
-20.586 -9.84985
-20.586 -9.84985
-20.586 -9.84985
-20.586 -9.84985
-20.586 -9.84985
-20.586 -9.84985
-20.586 -9.84985
-20.586 -9.84985
-20.586 -9.84985
-20.586 -9.84985
-20.586 -9.84985
-20.586 -9.84985
-20.586 -9.84985
-20.586 -9.84985
-20.586 -9.84985
-20.586 -9.84985
-20.586 -9.84985
-20.586 -9.84985
-20.586 -9.84985
-20.586 -9.84985
-20.586 -9.84985
-20.586 -9.84985
-20.586 -9.84985
-20.586 -9.84985
-20.586 -9.84985
-20.586 -9.84985
-20.586 -9.84985
-20.586 -9.84985
-20.586 -9.84985
-20.586 -9.84985
-20.586 -9.84985
-20.586 -9.84985
-20.586 -9.84985
-20.586 -9.84985
-20.586 -9.84985
-20.586 -9.84985
-20.586 -9.84985
-20.586 -9.84985
-20.586 -9.84985
-20.586 -9.84985
-20.586 -9.84985
-20.586 -9.84985
-20.586 -9.84985
-20.586 -9.84985
-20.586 -9.84985
-20.586 -9.84985
-20.586 -9.84985
-20.586 -9.84985
-20.586 -9.84985
-20.586 -9.84985
-20.586 -9.84985
-20.586 -9.84985
-20.586 -9.84985
-20.586 -9.84985
-20.586 -9.84985
-20.586 -9.84985
-20.586 -9.84985
-20.586 -9.84985
-20.586 -9.84985
-20.586 -9.84985
-20.586 -9.84985
-20.586 -9.84985
-20.586 -9.84985
-20.586 -9.84985
-20.586 -9.84985
-20.586 -9.84985
-20.586 -9.84985
-20.586 -9.84985
-20.586 -9.84985
-20.586 -9.84985
-20.586 -9.84985
-20.586 -9.84985
-20.586 -9.84985
-20.586 -9.84985
-20.586 -9.84985
-20.586 -9.84985
-20.586 -9.84985
-20.586 -9.84985
-20.586 -9.84985
-20.586 -9.84985
-20.586 -9.84985
-20.586 -9.84985
-20.586 -9.84985
-20.586 -9.84985
-20.586 -9.84985
-20.586 -9.84985
-20.586 -9.84985
-20.586 -9.84985
-20.586 -9.84985
-20.586 -9.84985
-20.586 -9.84985
-20.586 -9.84985
-20.586 -9.84985
-20.586 -9.84985
-20.586 -9.84985
-20.586 -9.84985
-20.586 -9.84985
-20.586 -9.84985
-20.586 -9.84985
-20.586 -9.84985
-20.586 -9.84985
-20.586 -9.84985
-20.586 -9.84985
-20.586 -9.84985
-20.586 -9.84985
-20.586 -9.84985
-20.586 -9.84985
-20.586 -9.84985
-20.586 -9.84985
-20.586 -9.84985
-20.586 -9.84985
-20.586 -9.84985
-20.586 -9.84985
-20.586 -9.84985
-20.586 -9.84985
-20.586 -9.84985
-20.586 -9.84985
-20.586 -9.84985
-20.586 -9.84985
-20.586 -9.84985
-20.586 -9.84985
-20.586 -9.84985
-20.586 -9.84985
-20.586 -9.84985
-20.586 -9.84985
-20.586 -9.84985
-20.586 -9.84985
-20.586 -9.84985
-20.586 -9.84985
-20.586 -9.84985
-20.586 -9.84985
-20.586 -9.84985
-20.586 -9.84985
-20.586 -9.84985
-20.586 -9.84985
-20.586 -9.84985
-20.586 -9.84985
-20.586 -9.84985
-20.586 -9.84985
-20.586 -9.84985
-20.586 -9.84985
-20.586 -9.84985
-20.586 -9.84985
-20.586 -9.84985
-20.586 -9.84985
-20.586 -9.84985
-20.586 -9.84985
-20.586 -9.84985
-20.586 -9.84985
-20.586 -9.84985
-20.586 -9.84985
-20.586 -9.84985
-20.586 -9.84985
-20.586 -9.84985
-20.586 -9.84985
-20.586 -9.84985
-20.586 -9.84985
-20.586 -9.84985
-20.586 -9.84985
-20.586 -9.84985
-20.586 -9.84985
-20.586 -9.84985
-20.586 -9.84985
-20.586 -9.84985
-20.586 -9.84985
-20.586 -9.84985
-20.586 -9.84985
-20.586 -9.84985
-20.586 -9.84985
-20.586 -9.84985
-20.586 -9.84985
-20.586 -9.84985
-20.586 -9.84985
-20.586 -9.84985
-20.586 -9.84985
-20.586 -9.84985
-20.586 -9.84985
-20.586 -9.84985
-20.586 -9.84985
-20.586 -9.84985
-20.586 -9.84985
-20.586 -9.84985
-20.586 -9.84985
-20.586 -9.84985
-20.586 -9.84985
-20.586 -9.84985
-20.586 -9.84985
-20.586 -9.84985
-20.586 -9.84985
-20.586 -9.84985
-20.586 -9.84985
-20.586 -9.84985
-20.586 -9.84985
-20.586 -9.84985
-20.586 -9.84985
-20.586 -9.84985
-21 -9