-21 -23
-20.8366 -22.8877
-20.6674 -22.7036
-20.4982 -22.5196
-20.329 -22.3356
-20.1598 -22.1515
-19.9905 -21.9675
-19.8213 -21.7835
-19.6521 -21.5994
-19.4829 -21.4154
-19.3137 -21.2314
-19.1445 -21.0474
-18.9753 -20.8633
-18.8061 -20.6793
-18.6369 -20.4953
-18.4676 -20.3112
-18.2984 -20.1272
-18.1292 -19.9432
-17.96 -19.7591
-17.7908 -19.5751
-17.6216 -19.3911
-17.4524 -19.2071
-17.2832 -19.023
-17.114 -18.839
-16.9448 -18.655
-16.7755 -18.4709
-16.6063 -18.2869
-16.4371 -18.1029
-16.2679 -17.9188
-16.0987 -17.7348
-15.9295 -17.5508
-15.7603 -17.3667
-15.5911 -17.1827
-15.4219 -16.9987
-15.2526 -16.8147
-15.0834 -16.6306
-14.9142 -16.4466
-14.745 -16.2626
-14.5758 -16.0785
-14.4066 -15.8945
-14.2374 -15.7105
-14.0682 -15.5264
-13.8989 -15.3424
-13.7297 -15.1584
-13.5605 -14.9743
-13.3913 -14.7903
-13.2221 -14.6063
-13.0529 -14.4222
-12.8837 -14.2382
-12.7145 -14.0542
-12.5453 -13.8702
-12.376 -13.6861
-12.2068 -13.5021
-12.0376 -13.3181
-11.8684 -13.134
-11.6992 -12.95
-11.53 -12.766
-11.3608 -12.5819
-11.1916 -12.3979
-11.0224 -12.2139
-10.8531 -12.0298
-10.6839 -11.8458
-10.5147 -11.6618
-10.3455 -11.4777
-10.1763 -11.2937
-10.0071 -11.1097
-9.83788 -10.9257
-9.66866 -10.7416
-9.49945 -10.5576
-9.33024 -10.3736
-9.16103 -10.1895
-8.99182 -10.0055
-8.82261 -9.82146
-8.6534 -9.63743
-8.48419 -9.4534
-8.31497 -9.26937
-8.14576 -9.08534
-7.97655 -8.90131
-7.80734 -8.71727
-7.63813 -8.53324
-7.46892 -8.34921
-7.29971 -8.16518
-7.13049 -7.98115
-6.96128 -7.79712
-6.79207 -7.61308
-6.62286 -7.42905
-6.45365 -7.24502
-6.28444 -7.06099
-6.11523 -6.87696
-5.94601 -6.69293
-5.7768 -6.5089
-5.60759 -6.32486
-5.43838 -6.14083
-5.26917 -5.9568
-5.09996 -5.77277
-4.93075 -5.58874
-4.76153 -5.40471
-4.59232 -5.22068
-4.42311 -5.03664
-4.2539 -4.85261
-4.08469 -4.66858
-3.91548 -4.48455
-3.74627 -4.30052
-3.57705 -4.11649
-3.40784 -3.93246
-3.23863 -3.74842
-3.06942 -3.56439
-2.90021 -3.38036
-2.731 -3.19633
-2.56179 -3.0123
-2.39258 -2.82827
-2.22336 -2.64424
-2.05415 -2.46021
-1.88494 -2.27617
-1.71573 -2.09214
-1.54652 -1.90811
-1.37731 -1.72408
-1.2081 -1.54005
-1.03888 -1.35602
-0.869673 -1.17199
-0.700461 -0.987955
-0.53125 -0.803924
-0.362039 -0.619893
-0.192827 -0.435862
-0.0236158 -0.25183
0.145596 -0.0677991
0.314807 0.116232
0.484018 0.300263
0.65323 0.484295
0.822441 0.668326
0.991653 0.852357
1.16086 1.03639
1.33008 1.22042
1.49929 1.40445
1.6685 1.58848
1.83771 1.77251
2.00692 1.95654
2.17613 2.14058
2.34534 2.32461
2.51456 2.50864
2.68377 2.69267
2.85298 2.8767
3.02219 3.06073
3.1914 3.24476
3.36061 3.42879
3.52982 3.61283
3.69903 3.79686
3.86825 3.98089
4.03746 4.16492
4.20667 4.34895
4.37588 4.53298
4.54509 4.71701
4.7143 4.90105
4.88351 5.08508
5.05273 5.26911
5.22194 5.45314
5.39115 5.63717
5.56036 5.8212
5.72957 6.00523
5.89878 6.18926
6.06799 6.3733
6.23721 6.55733
6.40642 6.74136
6.57563 6.92539
6.74484 7.10942
6.91405 7.29345
7.08326 7.47748
7.25247 7.66151
7.42169 7.84554
7.5909 8.02958
7.76011 8.21361
7.92932 8.39764
8.09853 8.58167
8.26774 8.7657
8.43695 8.94973
8.60617 9.13377
8.77538 9.3178
8.94459 9.50183
9.1138 9.68586
9.28301 9.86989
9.45222 10.0539
9.62143 10.238
9.79065 10.422
9.95986 10.606
10.1291 10.79
10.2983 10.9741
10.4675 11.1581
10.6367 11.3421
10.8059 11.5262
10.9751 11.7102
11.1443 11.8942
11.3135 12.0783
11.4828 12.2623
11.652 12.4463
11.8212 12.6304
11.9904 12.8144
12.1596 12.9984
12.3288 13.1825
12.498 13.3665
12.6672 13.5505
12.8365 13.7345
13.0057 13.9186
13.1749 14.1026
14 15