8 -11
8.20343 -11.1453
8.40687 -11.2906
8.6103 -11.4359
8.81373 -11.5812
9.01717 -11.7265
9.2206 -11.8719
9.42403 -12.0172
9.62746 -12.1625
9.8309 -12.3078
10.0343 -12.4531
10.2378 -12.5984
10.4412 -12.7437
10.6446 -12.889
10.8481 -13.0343
11.0515 -13.1796
11.2549 -13.325
11.4584 -13.4703
11.6618 -13.6156
11.8652 -13.7609
12.0687 -13.9062
12.2721 -14.0515
12.4755 -14.1968
12.679 -14.3421
12.8824 -14.4874
13.0858 -14.6327
13.2893 -14.778
13.4927 -14.9234
13.6961 -15.0687
13.8996 -15.214
14.103 -15.3593
14.3064 -15.5046
14.5099 -15.6499
14.7133 -15.7952
14.9167 -15.9405
15.1202 -16.0858
15.3236 -16.2311
15.527 -16.3764
15.7305 -16.5218
15.9339 -16.6671
16.1373 -16.8124
16.3408 -16.9577
16.5442 -17.103
16.7476 -17.2483
16.9511 -17.3936
17.1545 -17.5389
17.3579 -17.6842
17.5614 -17.8295
17.7648 -17.9749
17.9682 -18.1202
18.1717 -18.2655
18.3751 -18.4108
18.5785 -18.5561
18.782 -18.7014
18.9854 -18.8467
19.1888 -18.992
19.3923 -19.1373
19.5957 -19.2826
19.7991 -19.4279
20.0026 -19.5733
20.206 -19.7186
20.4094 -19.8639
20.6129 -20.0092
20.8163 -20.1545
21.0197 -20.2998
21.2232 -20.4451
21.2232 -20.4451
21.2232 -20.4451
21.2232 -20.4451
21.2232 -20.4451
21.2232 -20.4451
21.2232 -20.4451
21.2232 -20.4451
21.2232 -20.4451
21.2232 -20.4451
21.2232 -20.4451
21.2232 -20.4451
21.2232 -20.4451
21.2232 -20.4451
21.2232 -20.4451
21.2232 -20.4451
21.2232 -20.4451
21.2232 -20.4451
21.2232 -20.4451
21.2232 -20.4451
21.2232 -20.4451
21.2232 -20.4451
21.2232 -20.4451
21.2232 -20.4451
21.2232 -20.4451
21.2232 -20.4451
21.2232 -20.4451
21.2232 -20.4451
21.2232 -20.4451
21.2232 -20.4451
21.2232 -20.4451
21.2232 -20.4451
21.2232 -20.4451
21.2232 -20.4451
21.2232 -20.4451
21.2232 -20.4451
21.2232 -20.4451
21.2232 -20.4451
21.2232 -20.4451
21.2232 -20.4451
21.2232 -20.4451
21.2232 -20.4451
21.2232 -20.4451
21.2232 -20.4451
21.2232 -20.4451
21.2232 -20.4451
21.2232 -20.4451
21.2232 -20.4451
21.2232 -20.4451
21.2232 -20.4451
21.2232 -20.4451
21.2232 -20.4451
21.2232 -20.4451
21.2232 -20.4451
21.2232 -20.4451
21.2232 -20.4451
21.2232 -20.4451
21.2232 -20.4451
21.2232 -20.4451
21.2232 -20.4451
21.2232 -20.4451
21.2232 -20.4451
21.2232 -20.4451
21.2232 -20.4451
21.2232 -20.4451
21.2232 -20.4451
21.2232 -20.4451
21.2232 -20.4451
21.2232 -20.4451
21.2232 -20.4451
21.2232 -20.4451
21.2232 -20.4451
21.2232 -20.4451
21.2232 -20.4451
21.2232 -20.4451
21.2232 -20.4451
21.2232 -20.4451
21.2232 -20.4451
21.2232 -20.4451
21.2232 -20.4451
21.2232 -20.4451
21.2232 -20.4451
21.2232 -20.4451
21.2232 -20.4451
21.2232 -20.4451
21.2232 -20.4451
21.2232 -20.4451
21.2232 -20.4451
21.2232 -20.4451
21.2232 -20.4451
21.2232 -20.4451
21.2232 -20.4451
21.2232 -20.4451
21.2232 -20.4451
21.2232 -20.4451
21.2232 -20.4451
21.2232 -20.4451
21.2232 -20.4451
21.2232 -20.4451
21.2232 -20.4451
21.2232 -20.4451
21.2232 -20.4451
21.2232 -20.4451
21.2232 -20.4451
21.2232 -20.4451
21.2232 -20.4451
21.2232 -20.4451
21.2232 -20.4451
21.2232 -20.4451
21.2232 -20.4451
21.2232 -20.4451
21.2232 -20.4451
21.2232 -20.4451
21.2232 -20.4451
21.2232 -20.4451
21.2232 -20.4451
21.2232 -20.4451
21.2232 -20.4451
21.2232 -20.4451
21.2232 -20.4451
21.2232 -20.4451
21.2232 -20.4451
21.2232 -20.4451
21.2232 -20.4451
21.2232 -20.4451
21.2232 -20.4451
21.2232 -20.4451
21.2232 -20.4451
21.2232 -20.4451
21.2232 -20.4451
21.2232 -20.4451
21.2232 -20.4451
21.2232 -20.4451
21.2232 -20.4451
21.2232 -20.4451
21.2232 -20.4451
21.2232 -20.4451
21.2232 -20.4451
22 -21