-7 24
-6.88147 23.7799
-6.76295 23.5598
-6.64442 23.3396
-6.5259 23.1195
-6.40737 22.8994
-6.28885 22.6793
-6.17032 22.4592
-6.0518 22.2391
-5.93327 22.0189
-5.81475 21.7988
-5.69622 21.5787
-5.5777 21.3586
-5.45917 21.1385
-5.34065 20.9184
-5.22212 20.6982
-5.1036 20.4781
-4.98507 20.258
-4.86655 20.0379
-4.74802 19.8178
-4.6295 19.5976
-4.51097 19.3775
-4.39245 19.1574
-4.27392 18.9373
-4.1554 18.7172
-4.03687 18.4971
-3.91835 18.2769
-3.79982 18.0568
-3.6813 17.8367
-3.56277 17.6166
-3.44425 17.3965
-3.32572 17.1764
-3.2072 16.9562
-3.08867 16.7361
-2.97015 16.516
-2.85061 16.2967
-2.72992 16.0782
-2.6081 15.8606
-2.48518 15.6438
-2.36116 15.4277
-2.23608 15.2124
-2.10992 14.9977
-1.98271 14.7837
-1.85443 14.5703
-1.72509 14.3573
-1.59468 14.1448
-1.46317 13.9325
-1.33054 13.7205
-1.19674 13.5084
-1.06174 13.2961
-0.925498 13.0833
-0.78798 12.8694
-0.649228 12.6539
-0.509431 12.4361
-0.369077 12.2148
-0.229192 11.9891
-0.0915251 11.7582
0.0445703 11.5251
0.180581 11.2918
0.316504 11.0584
0.452338 10.8248
0.588081 10.591
0.72373 10.357
0.859282 10.1228
0.994736 9.88844
1.13009 9.65387
1.26533 9.41909
1.40047 9.18409
1.5355 8.94888
1.67042 8.71344
1.80522 8.47777
1.93989 8.24186
2.07444 8.0057
2.20886 7.76928
2.34315 7.5326
2.4773 7.29565
2.61131 7.05841
2.74516 6.82088
2.87887 6.58304
3.01241 6.34488
3.14579 6.10639
3.27899 5.86756
3.41201 5.62837
3.54484 5.3888
3.67747 5.14884
3.80989 4.90847
3.9421 4.66766
4.07408 4.42641
4.20581 4.18467
4.33729 3.94243
4.4685 3.69965
4.59942 3.45631
4.72098 3.2134
4.84166 2.97022
4.95353 2.72995
5.06438 2.48991
5.16776 2.25514
5.26663 2.02552
5.3655 1.7959
5.46437 1.56629
5.56324 1.33667
5.66212 1.10705
5.76099 0.877434
5.85986 0.647816
5.95873 0.418198
6.05761 0.188581
6.15648 -0.0410369
6.25535 -0.270654
6.35422 -0.500272
6.4531 -0.72989
6.55197 -0.959507
6.65084 -1.18912
6.66164 -1.26212
6.66164 -1.26212
6.66164 -1.26212
6.66164 -1.26212
6.66164 -1.26212
6.66164 -1.26212
6.66164 -1.26212
6.66164 -1.26212
6.66164 -1.26212
6.66164 -1.26212
6.66164 -1.26212
6.66164 -1.26212
6.66164 -1.26212
6.66164 -1.26212
6.66164 -1.26212
6.66164 -1.26212
6.66164 -1.26212
6.66164 -1.26212
6.66164 -1.26212
6.66164 -1.26212
6.66164 -1.26212
6.66164 -1.26212
6.66164 -1.26212
6.66164 -1.26212
6.66164 -1.26212
6.66164 -1.26212
6.66164 -1.26212
6.66164 -1.26212
6.66164 -1.26212
6.66164 -1.26212
6.66164 -1.26212
6.66164 -1.26212
6.66164 -1.26212
6.66164 -1.26212
6.66164 -1.26212
6.66164 -1.26212
6.66164 -1.26212
6.66164 -1.26212
6.66164 -1.26212
6.66164 -1.26212
6.66164 -1.26212
6.66164 -1.26212
6.66164 -1.26212
6.66164 -1.26212
6.66164 -1.26212
6.66164 -1.26212
6.66164 -1.26212
6.66164 -1.26212
6.66164 -1.26212
6.66164 -1.26212
6.66164 -1.26212
6.66164 -1.26212
6.66164 -1.26212
6.66164 -1.26212
6.66164 -1.26212
6.66164 -1.26212
6.66164 -1.26212
6.66164 -1.26212
6.66164 -1.26212
6.66164 -1.26212
6.66164 -1.26212
6.66164 -1.26212
6.66164 -1.26212
6.66164 -1.26212
6.66164 -1.26212
6.66164 -1.26212
6.66164 -1.26212
6.66164 -1.26212
6.66164 -1.26212
6.66164 -1.26212
6.66164 -1.26212
6.66164 -1.26212
6.66164 -1.26212
6.66164 -1.26212
6.66164 -1.26212
6.66164 -1.26212
6.66164 -1.26212
6.66164 -1.26212
6.66164 -1.26212
6.66164 -1.26212
6.66164 -1.26212
6.66164 -1.26212
6.66164 -1.26212
6.66164 -1.26212
6.66164 -1.26212
6.66164 -1.26212
6.66164 -1.26212
6.66164 -1.26212
6.66164 -1.26212
6.66164 -1.26212
6.66164 -1.26212
7 -2