-15 17
-14.7937 16.8588
-14.5873 16.7177
-14.381 16.5765
-14.1747 16.4353
-13.9684 16.2941
-13.762 16.153
-13.5557 16.0118
-13.3494 15.8706
-13.1431 15.7295
-12.9367 15.5883
-12.7304 15.4471
-12.5241 15.306
-12.3178 15.1648
-12.1114 15.0236
-11.9051 14.8824
-11.6988 14.7413
-11.4924 14.6001
-11.2861 14.4589
-11.0798 14.3178
-10.8735 14.1766
-10.6671 14.0354
-10.4608 13.8942
-10.2545 13.7531
-10.0482 13.6119
-9.84184 13.4707
-9.63551 13.3296
-9.42918 13.1884
-9.22286 13.0472
-9.01653 12.906
-8.81021 12.7649
-8.60388 12.6237
-8.39755 12.4825
-8.19123 12.3414
-7.9849 12.2002
-7.77959 12.0582
-7.57543 11.9154
-7.37241 11.7718
-7.1705 11.6273
-6.96969 11.4821
-6.76997 11.3362
-6.57134 11.1897
-6.37379 11.0425
-6.17732 10.8948
-5.98193 10.7467
-5.78764 10.5982
-5.59447 10.4493
-5.40244 10.3004
-5.21158 10.1515
-5.02194 10.0028
-4.83353 9.85469
-4.64639 9.70752
-4.46044 9.56185
-4.27552 9.41839
-4.09114 9.27799
-3.90637 9.14157
-3.71962 9.00972
-3.53149 8.87967
-3.34336 8.74965
-3.15522 8.61964
-2.96706 8.48965
-2.7789 8.35968
-2.59073 8.22972
-2.40254 8.09979
-2.21435 7.96988
-2.02615 7.83999
-1.83793 7.71011
-1.64971 7.58026
-1.46148 7.45043
-1.27324 7.32061
-1.08498 7.19082
-0.896722 7.06104
-0.708448 6.93129
-0.520164 6.80156
-0.33187 6.67185
-0.143565 6.54216
0.0447505 6.41249
0.233077 6.28284
0.421414 6.15322
0.609762 6.02361
0.798122 5.89403
0.986492 5.76447
1.17487 5.63493
1.36327 5.50541
1.55167 5.37592
1.74009 5.24645
1.92851 5.117
2.11695 4.98758
2.3054 4.85817
2.49386 4.7288
2.68234 4.59944
2.87083 4.47011
3.06748 4.33857
3.26467 4.2068
3.4693 4.07056
3.67461 3.93376
3.88238 3.79471
4.09014 3.65567
4.2979 3.51662
4.50567 3.37757
4.71343 3.23852
4.92119 3.09947
5.12896 2.96042
5.33672 2.82138
5.54448 2.68233
5.75225 2.54328
5.96001 2.40423
6.16777 2.26518
6.37554 2.12613
6.5833 1.98709
6.79106 1.84804
6.99882 1.70899
7.20659 1.56994
7.41435 1.43089
7.62211 1.29184
7.82988 1.1528
8.03764 1.01375
8.2454 0.8747
8.45317 0.735652
8.66093 0.596604
8.8687 0.457556
9.07646 0.318507
9.28422 0.179459
9.49199 0.0404108
9.69975 -0.0986374
9.90751 -0.237686
10.1153 -0.376734
10.323 -0.515782
10.5308 -0.65483
10.7386 -0.793879
10.9463 -0.932927
11.1541 -1.07198
11.3619 -1.21102
11.5696 -1.35007
11.7774 -1.48912
11.9852 -1.62817
12.1929 -1.76722
12.4007 -1.90626
12.6084 -2.04531
12.8162 -2.18436
13.024 -2.32341
13.2317 -2.46246
13.4395 -2.60151
13.6473 -2.74055
13.855 -2.8796
14.0628 -3.01865
14.2706 -3.1577
14.4783 -3.29675
14.6861 -3.4358
14.8938 -3.57484
15.1016 -3.71389
15.3094 -3.85294
15.5171 -3.99199
15.7249 -4.13104
15.9327 -4.27009
16.1404 -4.40914
16.3482 -4.54818
16.556 -4.68723
16.7637 -4.82628
16.9715 -4.96533
17.1792 -5.10438
17.387 -5.24343
17.5948 -5.38247
17.8025 -5.52152
18.0103 -5.66057
18.2181 -5.79962
18.4258 -5.93867
18.6336 -6.07772
18.8414 -6.21677
19.0491 -6.35581
19.2569 -6.49486
19.4646 -6.63391
19.6724 -6.77296
19.8802 -6.91201
20.0879 -7.05106
20.2957 -7.19011
20.5035 -7.32915
20.7112 -7.4682
20.919 -7.60725
21.1268 -7.7463
21.3345 -7.88535
21.5423 -8.0244
21.75 -8.16345
21.9578 -8.3025
22.1656 -8.44154
22.3733 -8.58059
22.3733 -8.58059
22.3733 -8.58059
22.3733 -8.58059
22.3733 -8.58059
22.3733 -8.58059
22.3733 -8.58059
22.3733 -8.58059
22.3733 -8.58059
22.3733 -8.58059
22.3733 -8.58059
22.3733 -8.58059
22.3733 -8.58059
22.3733 -8.58059
22.3733 -8.58059
22.3733 -8.58059
22.3733 -8.58059
22.3733 -8.58059
23 -9