-25 8
-24.8665 7.89555
-24.6544 7.76325
-24.4423 7.63095
-24.2302 7.49865
-24.018 7.36636
-23.8059 7.23406
-23.5938 7.10176
-23.3816 6.96946
-23.1695 6.83717
-22.9574 6.70487
-22.7453 6.57257
-22.5331 6.44027
-22.321 6.30798
-22.1089 6.17568
-21.8968 6.04338
-21.6846 5.91108
-21.4725 5.77879
-21.2604 5.64649
-21.0483 5.51419
-20.8361 5.38189
-20.624 5.2496
-20.4119 5.1173
-20.1998 4.985
-19.9876 4.8527
-19.7755 4.72041
-19.5634 4.58811
-19.3513 4.45581
-19.1391 4.32351
-18.927 4.19122
-18.7149 4.05892
-18.5028 3.92662
-18.2906 3.79432
-18.0785 3.66203
-17.8664 3.52973
-17.6543 3.39743
-17.4421 3.26513
-17.23 3.13284
-17.0179 3.00054
-16.8057 2.86824
-16.5936 2.73594
-16.3815 2.60365
-16.1694 2.47135
-15.9572 2.33905
-15.7451 2.20676
-15.533 2.07446
-15.3209 1.94216
-15.1087 1.80986
-14.8966 1.67757
-14.6845 1.54527
-14.4724 1.41297
-14.2602 1.28067
-14.0481 1.14838
-13.836 1.01608
-13.6239 0.883782
-13.4117 0.751484
-13.1996 0.619187
-12.9875 0.48689
-12.7754 0.354592
-12.5632 0.222295
-12.3511 0.0899976
-12.139 -0.0422997
-11.9269 -0.174597
-11.7147 -0.306894
-11.5026 -0.439192
-11.2905 -0.571489
-11.0784 -0.703786
-10.8662 -0.836084
-10.6541 -0.968381
-10.442 -1.10068
-10.2299 -1.23298
-10.0177 -1.36527
-9.8056 -1.49757
-9.68351 -1.55244
-9.61045 -1.56584
-9.56507 -1.55644
-9.53432 -1.53702
-9.50762 -1.52021
-9.48394 -1.50536
-9.46267 -1.49203
-9.44321 -1.47987
-9.42476 -1.46835
-9.4063 -1.45682
-9.38784 -1.4453
-9.36938 -1.43377
-9.35093 -1.42225
-9.33247 -1.41072
-9.31401 -1.3992
-9.29555 -1.38768
-9.2771 -1.37615
-9.25864 -1.36463
-9.24018 -1.3531
-9.22172 -1.34158
-9.20327 -1.33005
-9.18481 -1.31853
-9.16635 -1.307
-9.14789 -1.29548
-9.12944 -1.28395
-9.11098 -1.27243
-9.09252 -1.2609
-9.09252 -1.2609
-9.09252 -1.2609
-9.09252 -1.2609
-9.09252 -1.2609
-9.09252 -1.2609
-9.09252 -1.2609
-9.09252 -1.2609
-9.09252 -1.2609
-9.09252 -1.2609
-9.09252 -1.2609
-9.09252 -1.2609
-9.09252 -1.2609
-9.09252 -1.2609
-9.09252 -1.2609
-9.09252 -1.2609
-9.09252 -1.2609
-9.09252 -1.2609
-9.09252 -1.2609
-9.09252 -1.2609
-9.09252 -1.2609
-9.09252 -1.2609
-9.09252 -1.2609
-9.09252 -1.2609
-9.09252 -1.2609
-9.09252 -1.2609
-9.09252 -1.2609
-9.09252 -1.2609
-9.09252 -1.2609
-9.09252 -1.2609
-9.09252 -1.2609
-9.09252 -1.2609
-9.09252 -1.2609
-9.09252 -1.2609
-9.09252 -1.2609
-9.09252 -1.2609
-9.09252 -1.2609
-9.09252 -1.2609
-9.09252 -1.2609
-9.09252 -1.2609
-9.09252 -1.2609
-9.09252 -1.2609
-9.09252 -1.2609
-9.09252 -1.2609
-9.09252 -1.2609
-9.09252 -1.2609
-9.09252 -1.2609
-9.09252 -1.2609
-9.09252 -1.2609
-9.09252 -1.2609
-9.09252 -1.2609
-9.09252 -1.2609
-9.09252 -1.2609
-9.09252 -1.2609
-9.09252 -1.2609
-9.09252 -1.2609
-9.09252 -1.2609
-9.09252 -1.2609
-9.09252 -1.2609
-9.09252 -1.2609
-9.09252 -1.2609
-9.09252 -1.2609
-9.09252 -1.2609
-9.09252 -1.2609
-9.09252 -1.2609
-9.09252 -1.2609
-9.09252 -1.2609
-9.09252 -1.2609
-9.09252 -1.2609
-9.09252 -1.2609
-9.09252 -1.2609
-9.09252 -1.2609
-9.09252 -1.2609
-9.09252 -1.2609
-9.09252 -1.2609
-9.09252 -1.2609
-9 -2