13 -22
12.821 -21.8993
12.5872 -21.8106
12.3535 -21.7219
12.1197 -21.6333
11.886 -21.5446
11.6522 -21.4559
11.4185 -21.3672
11.1848 -21.2785
10.951 -21.1899
10.7173 -21.1012
10.4835 -21.0125
10.2498 -20.9238
10.016 -20.8351
9.7823 -20.7465
9.54856 -20.6578
9.31481 -20.5691
9.08107 -20.4804
8.84733 -20.3917
8.61359 -20.3031
8.37984 -20.2144
8.1461 -20.1257
7.91236 -20.037
7.67861 -19.9483
7.44487 -19.8597
7.21113 -19.771
6.97738 -19.6823
6.74364 -19.5936
6.5099 -19.5049
6.27615 -19.4163
6.04241 -19.3276
5.80867 -19.2389
5.57492 -19.1502
5.34118 -19.0615
5.10744 -18.9729
4.8737 -18.8842
4.63995 -18.7955
4.40621 -18.7068
4.17247 -18.6181
3.93872 -18.5295
3.70498 -18.4408
3.47124 -18.3521
3.23749 -18.2634
3.00375 -18.1747
2.77001 -18.0861
2.53627 -17.9974
2.30252 -17.9087
2.06878 -17.82
1.83504 -17.7313
1.60129 -17.6427
1.36755 -17.554
1.13381 -17.4653
0.900064 -17.3766
0.666321 -17.2879
0.432577 -17.1993
0.198834 -17.1106
-0.0349086 -17.0219
-0.268652 -16.9332
-0.502395 -16.8445
-0.736138 -16.7558
-0.969881 -16.6672
-1.20362 -16.5785
-1.43737 -16.4898
-1.67111 -16.4011
-1.90485 -16.3124
-2.1386 -16.2238
-2.37234 -16.1351
-2.60608 -16.0464
-2.83983 -15.9577
-3.07357 -15.869
-3.30731 -15.7804
-3.54106 -15.6917
-3.7748 -15.603
-4.00854 -15.5143
-4.24228 -15.4256
-4.47603 -15.337
-4.70977 -15.2483
-4.94351 -15.1596
-5.17726 -15.0709
-5.411 -14.9822
-5.64474 -14.8936
-5.87849 -14.8049
-6.11223 -14.7162
-6.34597 -14.6275
-6.57972 -14.5388
-6.81346 -14.4502
-7.0472 -14.3615
-7.28095 -14.2728
-7.28095 -14.2728
-7.28095 -14.2728
-7.28095 -14.2728
-7.28095 -14.2728
-7.28095 -14.2728
-7.28095 -14.2728
-7.28095 -14.2728
-7.28095 -14.2728
-7.28095 -14.2728
-7.28095 -14.2728
-7.28095 -14.2728
-7.28095 -14.2728
-7.28095 -14.2728
-7.28095 -14.2728
-7.28095 -14.2728
-7.28095 -14.2728
-7.28095 -14.2728
-7.28095 -14.2728
-7.28095 -14.2728
-7.28095 -14.2728
-7.28095 -14.2728
-7.28095 -14.2728
-7.28095 -14.2728
-7.28095 -14.2728
-7.28095 -14.2728
-7.28095 -14.2728
-7.28095 -14.2728
-7.28095 -14.2728
-7.28095 -14.2728
-7.28095 -14.2728
-7.28095 -14.2728
-7.28095 -14.2728
-7.28095 -14.2728
-7.28095 -14.2728
-7.28095 -14.2728
-7.28095 -14.2728
-7.28095 -14.2728
-7.28095 -14.2728
-7.28095 -14.2728
-7.28095 -14.2728
-7.28095 -14.2728
-7.28095 -14.2728
-7.28095 -14.2728
-7.28095 -14.2728
-7.28095 -14.2728
-7.28095 -14.2728
-7.28095 -14.2728
-7.28095 -14.2728
-7.28095 -14.2728
-7.28095 -14.2728
-7.28095 -14.2728
-7.28095 -14.2728
-7.28095 -14.2728
-7.28095 -14.2728
-7.28095 -14.2728
-7.28095 -14.2728
-7.28095 -14.2728
-7.28095 -14.2728
-7.28095 -14.2728
-7.28095 -14.2728
-7.28095 -14.2728
-7.28095 -14.2728
-7.28095 -14.2728
-7.28095 -14.2728
-7.28095 -14.2728
-7.28095 -14.2728
-7.28095 -14.2728
-7.28095 -14.2728
-7.28095 -14.2728
-7.28095 -14.2728
-7.28095 -14.2728
-7.28095 -14.2728
-7.28095 -14.2728
-7.28095 -14.2728
-7.28095 -14.2728
-7.28095 -14.2728
-7.28095 -14.2728
-7.28095 -14.2728
-7.28095 -14.2728
-7.28095 -14.2728
-7.28095 -14.2728
-7.28095 -14.2728
-7.28095 -14.2728
-7.28095 -14.2728
-7.28095 -14.2728
-7.28095 -14.2728
-7.28095 -14.2728
-8 -14