16 -7
15.7622 -6.92273
15.5245 -6.84546
15.2867 -6.76819
15.049 -6.69091
14.8112 -6.61364
14.5734 -6.53637
14.3357 -6.4591
14.0979 -6.38183
13.8602 -6.30456
13.6224 -6.22729
13.3847 -6.15001
13.1469 -6.07274
12.9091 -5.99547
12.6714 -5.9182
12.4336 -5.84093
12.1959 -5.76366
11.9581 -5.68639
11.7203 -5.60911
11.4826 -5.53184
11.2448 -5.45457
11.0071 -5.3773
10.7693 -5.30003
10.5316 -5.22276
10.2938 -5.14548
10.056 -5.06821
9.81828 -4.99094
9.58052 -4.91367
9.34276 -4.8364
9.105 -4.75913
8.86724 -4.68186
8.62948 -4.60458
8.39172 -4.52731
8.15396 -4.45004
7.91621 -4.37277
7.67845 -4.2955
7.44069 -4.21823
7.20293 -4.14096
6.96517 -4.06368
6.72741 -3.98641
6.48965 -3.90914
6.2519 -3.83187
6.01414 -3.7546
5.77638 -3.67733
5.53862 -3.60006
5.30086 -3.52278
5.0631 -3.44551
4.82534 -3.36824
4.58759 -3.29097
4.34983 -3.2137
4.11207 -3.13643
3.87431 -3.05916
3.63655 -2.98188
3.39879 -2.90461
3.16103 -2.82734
2.92328 -2.75007
2.68552 -2.6728
2.44776 -2.59553
2.21 -2.51826
1.97224 -2.44098
1.73448 -2.36371
1.49672 -2.28644
1.25897 -2.20917
1.02121 -2.1319
0.783449 -2.05463
0.54569 -1.97735
0.307932 -1.90008
0.0701734 -1.82281
-0.167585 -1.74554
-0.404983 -1.66794
-0.64042 -1.58861
-0.873903 -1.50764
-1.10542 -1.42515
-1.33495 -1.34128
-1.56246 -1.25619
-1.78785 -1.17014
-2.01104 -1.08343
-2.23188 -0.996556
-2.45021 -0.910254
-2.66599 -0.825667
-2.87955 -0.744533
-3.09231 -0.669121
-3.30684 -0.600331
-3.52437 -0.536422
-3.74196 -0.472591
-3.95953 -0.408708
-4.17706 -0.344771
-4.39456 -0.28078
-4.61202 -0.216735
-4.82946 -0.152634
-5.04686 -0.0884781
-5.26423 -0.0242656
-5.48156 0.0400039
-5.69886 0.104331
-5.91613 0.168716
-6.13336 0.23316
-6.35055 0.297664
-6.56771 0.362228
-6.78484 0.426853
-7.00192 0.49154
-7.21898 0.556289
-7.43599 0.621101
-7.65296 0.685977
-7.8699 0.750918
-8.08679 0.815925
-8.30365 0.880998
-8.52047 0.946139
-8.73725 1.01135
-8.95398 1.07663
-9.17068 1.14197
-9.38733 1.20739
-9.60394 1.27288
-9.82051 1.33845
-10.037 1.40409
-10.2535 1.4698
-10.4699 1.53559
-10.6863 1.60146
-10.9027 1.6674
-11.119 1.73343
-11.3352 1.79954
-11.5519 1.86589
-11.7882 1.94382
-12.0254 2.02259
-12.2627 2.10139
-12.4999 2.1802
-12.7372 2.259
-12.9745 2.33781
-13.2117 2.41661
-13.449 2.49542
-13.6862 2.57422
-13.9235 2.65303
-14.1607 2.73183
-14.398 2.81064
-14.6352 2.88944
-14.8725 2.96825
-15.1097 3.04705
-15.347 3.12586
-15.5842 3.20466
-15.8215 3.28347
-16.0588 3.36228
-16.296 3.44108
-16.5333 3.51989
-16.7705 3.59869
-17.0078 3.6775
-17.245 3.7563
-17.4823 3.83511
-17.7195 3.91391
-17.9568 3.99272
-18.1941 4.07152
-18.4313 4.15033
-18.6686 4.22913
-18.9058 4.30794
-19.1431 4.38675
-19.3803 4.46555
-19.6176 4.54436
-19.8548 4.62316
-20.0921 4.70197
-20.3293 4.78077
-20.5666 4.85958
-20.8039 4.93838
-21.0411 5.01719
-21.2784 5.09599
-21.5156 5.1748
-21.7529 5.25361
-21.9901 5.33241
-22.2274 5.41122
-22.4646 5.49002
-22.7019 5.56883
-22.9392 5.64763
-23.1764 5.72644
-23.1964 5.74111
-23.1964 5.74111
-23.1964 5.74111
-23.1964 5.74111
-23.1964 5.74111
-24 6