-1 -25
-1.0938 -24.7683
-1.1876 -24.5365
-1.28139 -24.3048
-1.37519 -24.0731
-1.46899 -23.8413
-1.56279 -23.6096
-1.65659 -23.3778
-1.75039 -23.1461
-1.84418 -22.9144
-1.93798 -22.6826
-2.03178 -22.4509
-2.12558 -22.2192
-2.21938 -21.9874
-2.31317 -21.7557
-2.40697 -21.5239
-2.50077 -21.2922
-2.59457 -21.0605
-2.68837 -20.8287
-2.78217 -20.597
-2.87596 -20.3653
-2.96976 -20.1335
-3.06356 -19.9018
-3.15736 -19.67
-3.25116 -19.4383
-3.34495 -19.2066
-3.43875 -18.9748
-3.53255 -18.7431
-3.62635 -18.5114
-3.72015 -18.2796
-3.81394 -18.0479
-3.90774 -17.8161
-4.00154 -17.5844
-4.09534 -17.3527
-4.18914 -17.1209
-4.28294 -16.8892
-4.37673 -16.6575
-4.47053 -16.4257
-4.56433 -16.194
-4.65813 -15.9623
-4.75193 -15.7305
-4.84572 -15.4988
-4.93952 -15.267
-5.03332 -15.0353
-5.12712 -14.8036
-5.22092 -14.5718
-5.31472 -14.3401
-5.40851 -14.1084
-5.50231 -13.8766
-5.59611 -13.6449
-5.68991 -13.4131
-5.78371 -13.1814
-5.8775 -12.9497
-5.9713 -12.7179
-6.0651 -12.4862
-6.1589 -12.2545
-6.2527 -12.0227
-6.3465 -11.791
-6.44029 -11.5592
-6.53409 -11.3275
-6.62789 -11.0958
-6.72169 -10.864
-6.81549 -10.6323
-6.90928 -10.4006
-7.00308 -10.1688
-7.09688 -9.93709
-7.19068 -9.70535
-7.28448 -9.47361
-7.37827 -9.24188
-7.47243 -9.01047
-7.56855 -8.7808
-7.66661 -8.55278
-7.7666 -8.32631
-7.86854 -8.10127
-7.97247 -7.87751
-8.07844 -7.65479
-8.18656 -7.43282
-8.29697 -7.21112
-8.40983 -6.98895
-8.52521 -6.76517
-8.64279 -6.53799
-8.76123 -6.30723
-8.87983 -6.0762
-8.99835 -5.8453
-9.11687 -5.61441
-9.23538 -5.38352
-9.35389 -5.15263
-9.4724 -4.92174
-9.59092 -4.69085
-9.70943 -4.45996
-9.82794 -4.22907
-9.94646 -3.99819
-10.065 -3.7673
-10.1835 -3.53641
-10.302 -3.30552
-10.4205 -3.07463
-10.539 -2.84374
-10.6575 -2.61285
-10.776 -2.38196
-10.8946 -2.15107
-11.0033 -1.90375
-11.112 -1.6563
-11.2206 -1.40872
-11.3292 -1.16099
-11.4376 -0.913128
-11.546 -0.665121
-11.6542 -0.416968
-11.7624 -0.168668
-11.8705 0.0797848
-11.9785 0.328392
-12.0864 0.577157
-12.1942 0.826084
-12.302 1.07518
-12.4096 1.32444
-12.5171 1.57387
-12.6245 1.82348
-12.7318 2.07327
-12.839 2.32324
-12.9461 2.57341
-13.053 2.82377
-13.1594 3.07418
-13.2453 3.31388
-13.3302 3.5528
-13.4123 3.78896
-13.4943 4.02513
-13.5763 4.26129
-13.6583 4.49746
-13.7403 4.73362
-13.8223 4.96979
-13.9043 5.20595
-13.9863 5.44212
-14.0683 5.67828
-14.1504 5.91445
-14.2324 6.15061
-14.3144 6.38678
-14.3964 6.62294
-14.4784 6.85911
-14.5604 7.09527
-14.6424 7.33144
-14.7244 7.5676
-14.8065 7.80377
-14.8885 8.03993
-14.9705 8.2761
-15.0525 8.51226
-15.1345 8.74843
-15.2165 8.98459
-15.2985 9.22076
-15.3805 9.45692
-15.4626 9.69309
-15.5446 9.92925
-15.6266 10.1654
-15.7086 10.4016
-15.7906 10.6377
-15.8726 10.8739
-15.9546 11.1101
-16.0366 11.3462
-16.1187 11.5824
-16.2007 11.8186
-16.2827 12.0547
-16.3647 12.2909
-16.4467 12.5271
-16.5287 12.7632
-16.6107 12.9994
-16.6927 13.2356
-16.7748 13.4717
-16.8568 13.7079
-16.9388 13.9441
-17.0208 14.1802
-17.1028 14.4164
-17.1848 14.6526
-17.2668 14.8887
-17.3488 15.1249
-17.4308 15.361
-17.5129 15.5972
-17.5949 15.8334
-18 17