-11 3
-11.1898 2.8373
-11.3796 2.6746
-11.5694 2.51191
-11.7593 2.34921
-11.9491 2.18651
-12.1389 2.02381
-12.3287 1.86112
-12.5185 1.69842
-12.7083 1.53572
-12.8981 1.37302
-13.088 1.21032
-13.2778 1.04763
-13.4676 0.884928
-13.6574 0.72223
-13.8472 0.559532
-14.037 0.396834
-14.2268 0.234136
-14.4167 0.0714383
-14.6065 -0.0912596
-14.7963 -0.253958
-14.9861 -0.416655
-15.1759 -0.579353
-15.3657 -0.742051
-15.5555 -0.904749
-15.7454 -1.06745
-15.9352 -1.23014
-16.125 -1.39284
-16.3148 -1.55554
-16.5046 -1.71824
-16.6944 -1.88094
-16.8842 -2.04363
-17.0741 -2.20633
-17.2639 -2.36903
-17.3145 -2.39468
-17.3145 -2.39468
-17.3145 -2.39468
-17.3145 -2.39468
-17.3145 -2.39468
-17.3145 -2.39468
-17.3145 -2.39468
-17.3145 -2.39468
-17.3145 -2.39468
-17.3145 -2.39468
-17.3145 -2.39468
-17.3145 -2.39468
-17.3145 -2.39468
-17.3145 -2.39468
-17.3145 -2.39468
-17.3145 -2.39468
-17.3145 -2.39468
-17.3145 -2.39468
-17.3145 -2.39468
-17.3145 -2.39468
-17.3145 -2.39468
-17.3145 -2.39468
-17.3145 -2.39468
-17.3145 -2.39468
-17.3145 -2.39468
-17.3145 -2.39468
-17.3145 -2.39468
-17.3145 -2.39468
-17.3145 -2.39468
-17.3145 -2.39468
-17.3145 -2.39468
-17.3145 -2.39468
-17.3145 -2.39468
-17.3145 -2.39468
-17.3145 -2.39468
-17.3145 -2.39468
-17.3145 -2.39468
-17.3145 -2.39468
-17.3145 -2.39468
-17.3145 -2.39468
-17.3145 -2.39468
-17.3145 -2.39468
-17.3145 -2.39468
-17.3145 -2.39468
-17.3145 -2.39468
-17.3145 -2.39468
-17.3145 -2.39468
-17.3145 -2.39468
-17.3145 -2.39468
-17.3145 -2.39468
-17.3145 -2.39468
-17.3145 -2.39468
-17.3145 -2.39468
-17.3145 -2.39468
-17.3145 -2.39468
-17.3145 -2.39468
-17.3145 -2.39468
-17.3145 -2.39468
-17.3145 -2.39468
-17.3145 -2.39468
-17.3145 -2.39468
-17.3145 -2.39468
-17.3145 -2.39468
-17.3145 -2.39468
-17.3145 -2.39468
-17.3145 -2.39468
-17.3145 -2.39468
-17.3145 -2.39468
-17.3145 -2.39468
-17.3145 -2.39468
-17.3145 -2.39468
-17.3145 -2.39468
-17.3145 -2.39468
-17.3145 -2.39468
-17.3145 -2.39468
-17.3145 -2.39468
-17.3145 -2.39468
-17.3145 -2.39468
-17.3145 -2.39468
-17.3145 -2.39468
-17.3145 -2.39468
-17.3145 -2.39468
-17.3145 -2.39468
-17.3145 -2.39468
-17.3145 -2.39468
-17.3145 -2.39468
-17.3145 -2.39468
-17.3145 -2.39468
-17.3145 -2.39468
-17.3145 -2.39468
-17.3145 -2.39468
-17.3145 -2.39468
-17.3145 -2.39468
-17.3145 -2.39468
-17.3145 -2.39468
-17.3145 -2.39468
-17.3145 -2.39468
-17.3145 -2.39468
-17.3145 -2.39468
-17.3145 -2.39468
-17.3145 -2.39468
-17.3145 -2.39468
-17.3145 -2.39468
-17.3145 -2.39468
-17.3145 -2.39468
-17.3145 -2.39468
-17.3145 -2.39468
-17.3145 -2.39468
-17.3145 -2.39468
-17.3145 -2.39468
-17.3145 -2.39468
-17.3145 -2.39468
-17.3145 -2.39468
-17.3145 -2.39468
-17.3145 -2.39468
-17.3145 -2.39468
-17.3145 -2.39468
-17.3145 -2.39468
-17.3145 -2.39468
-17.3145 -2.39468
-17.3145 -2.39468
-17.3145 -2.39468
-17.3145 -2.39468
-17.3145 -2.39468
-17.3145 -2.39468
-17.3145 -2.39468
-17.3145 -2.39468
-17.3145 -2.39468
-17.3145 -2.39468
-17.3145 -2.39468
-17.3145 -2.39468
-17.3145 -2.39468
-17.3145 -2.39468
-17.3145 -2.39468
-17.3145 -2.39468
-17.3145 -2.39468
-17.3145 -2.39468
-17.3145 -2.39468
-17.3145 -2.39468
-17.3145 -2.39468
-17.3145 -2.39468
-18 -3