12 -16
11.9905 -15.7551
12.0047 -15.5055
12.0189 -15.2559
12.0331 -15.0063
12.0473 -14.7567
12.0615 -14.5071
12.0757 -14.2575
12.0899 -14.0079
12.104 -13.7583
12.1182 -13.5087
12.1324 -13.2591
12.1466 -13.0095
12.1608 -12.7599
12.175 -12.5103
12.1892 -12.2607
12.2034 -12.0111
12.2176 -11.7615
12.2318 -11.5119
12.246 -11.2623
12.2601 -11.0127
12.2743 -10.7631
12.2885 -10.5135
12.3027 -10.2639
12.3169 -10.0143
12.3311 -9.76474
12.3453 -9.51514
12.3595 -9.26554
12.3737 -9.01595
12.3879 -8.76635
12.4021 -8.51675
12.4162 -8.26716
12.4304 -8.01756
12.4446 -7.76796
12.4588 -7.51837
12.473 -7.26877
12.4872 -7.01917
12.5014 -6.76958
12.5156 -6.51998
12.5298 -6.27038
12.544 -6.02078
12.5582 -5.77119
12.5724 -5.52159
12.5865 -5.27199
12.6007 -5.0224
12.6149 -4.7728
12.6291 -4.5232
12.6433 -4.2736
12.6575 -4.02401
12.6717 -3.77441
12.6859 -3.52481
12.7001 -3.27522
12.7143 -3.02562
12.7285 -2.77602
12.7426 -2.52643
12.7568 -2.27683
12.771 -2.02723
12.7852 -1.77764
12.7994 -1.52804
12.8136 -1.27844
12.8278 -1.02885
12.842 -0.779249
12.8562 -0.529652
12.8704 -0.280055
12.8846 -0.030458
12.8987 0.219139
12.9129 0.468736
12.9271 0.718333
12.9413 0.96793
12.9555 1.21753
12.9709 1.45443
12.9861 1.68503
12.9936 1.91279
12.9752 2.13658
12.9568 2.3594
12.9384 2.58171
12.9199 2.80377
12.9015 3.0257
12.8862 3.24782
12.8697 3.4698
12.8526 3.69171
12.8351 3.91358
12.8173 4.13542
12.7994 4.35725
12.7814 4.57907
12.7633 4.80088
12.7451 5.02268
12.7269 5.24448
12.7087 5.46628
12.6904 5.68807
12.6721 5.90986
12.6538 6.13165
12.6355 6.35344
12.6171 6.57523
12.5988 6.79701
12.5804 7.0188
12.562 7.24058
12.5436 7.46237
12.5252 7.68415
12.5068 7.90593
12.4884 8.12772
12.47 8.3495
12.4516 8.57128
12.4123 8.78777
12.3246 8.98325
12.1926 9.14502
12.0198 9.25508
11.8188 9.29233
11.6163 9.23864
11.4529 9.09025
11.373 8.86921
11.4042 8.62345
11.4628 8.38041
11.5213 8.13736
11.5799 7.89432
11.6384 7.65127
11.697 7.40822
11.7555 7.16518
11.8141 6.92213
11.8727 6.67909
11.9312 6.43604
11.9898 6.193
12.0483 5.94995
12.1069 5.70691
12.1654 5.46386
12.224 5.22082
12.2826 4.97777
12.3411 4.73473
12.3997 4.49168
12.4582 4.24864
12.5168 4.00559
12.5753 3.76254
12.6339 3.5195
12.6925 3.27645
12.751 3.03341
12.8096 2.79036
12.8096 2.79036
12.8096 2.79036
12.8096 2.79036
12.8096 2.79036
12.8096 2.79036
12.8096 2.79036
12.8096 2.79036
12.8096 2.79036
12.8096 2.79036
12.8096 2.79036
12.8096 2.79036
12.8096 2.79036
12.8096 2.79036
12.8096 2.79036
12.8096 2.79036
12.8096 2.79036
12.8096 2.79036
12.8096 2.79036
12.8096 2.79036
12.8096 2.79036
12.8096 2.79036
12.8096 2.79036
12.8096 2.79036
12.8096 2.79036
12.8096 2.79036
12.8096 2.79036
12.8096 2.79036
12.8096 2.79036
12.8096 2.79036
13 2