-6 19
-6.12141 18.7815
-6.24282 18.5629
-6.36423 18.3444
-6.48564 18.1258
-6.60705 17.9073
-6.72847 17.6888
-6.84988 17.4702
-6.97129 17.2517
-7.0927 17.0331
-7.21411 16.8146
-7.33552 16.5961
-7.45693 16.3775
-7.57834 16.159
-7.69975 15.9404
-7.82116 15.7219
-7.94257 15.5034
-8.06398 15.2848
-8.18539 15.0663
-8.3068 14.8477
-8.42822 14.6292
-8.54963 14.4107
-8.67104 14.1921
-8.79245 13.9736
-8.91386 13.755
-9.03527 13.5365
-9.15668 13.318
-9.27809 13.0994
-9.3995 12.8809
-9.52091 12.6623
-9.64232 12.4438
-9.76373 12.2253
-9.88514 12.0067
-10.0066 11.7882
-10.128 11.5697
-10.2494 11.3511
-10.3708 11.1326
-10.4922 10.914
-10.6136 10.6955
-10.735 10.477
-10.8564 10.2584
-10.9778 10.0399
-11.0992 9.82134
-11.2207 9.6028
-11.3421 9.38426
-11.4635 9.16572
-11.5849 8.94718
-11.7063 8.72864
-11.8277 8.5101
-11.9491 8.29156
-12.0705 8.07303
-12.1919 7.85449
-12.3134 7.63595
-12.4348 7.41741
-12.5562 7.19887
-12.6776 6.98033
-12.799 6.76179
-12.9204 6.54325
-13.0418 6.32471
-13.1632 6.10617
-13.2846 5.88763
-13.4061 5.66909
-13.5275 5.45055
-13.6489 5.23202
-13.7703 5.01348
-13.8917 4.79494
-14.0131 4.5764
-14.1345 4.35786
-14.2559 4.13932
-14.3773 3.92078
-14.4988 3.70224
-14.6202 3.4837
-14.7416 3.26516
-14.863 3.04662
-14.9844 2.82808
-15.1058 2.60954
-15.2272 2.39101
-15.3486 2.17247
-15.47 1.95393
-15.5915 1.73539
-15.6014 1.7355
-15.6014 1.7355
-15.6014 1.7355
-15.6014 1.7355
-15.6014 1.7355
-15.6014 1.7355
-15.6014 1.7355
-15.6014 1.7355
-15.6014 1.7355
-15.6014 1.7355
-15.6014 1.7355
-15.6014 1.7355
-15.6014 1.7355
-15.6014 1.7355
-15.6014 1.7355
-15.6014 1.7355
-15.6014 1.7355
-15.6014 1.7355
-15.6014 1.7355
-15.6014 1.7355
-15.6014 1.7355
-15.6014 1.7355
-15.6014 1.7355
-15.6014 1.7355
-15.6014 1.7355
-15.6014 1.7355
-15.6014 1.7355
-15.6014 1.7355
-15.6014 1.7355
-15.6014 1.7355
-15.6014 1.7355
-15.6014 1.7355
-15.6014 1.7355
-15.6014 1.7355
-15.6014 1.7355
-15.6014 1.7355
-15.6014 1.7355
-15.6014 1.7355
-15.6014 1.7355
-15.6014 1.7355
-15.6014 1.7355
-15.6014 1.7355
-15.6014 1.7355
-15.6014 1.7355
-15.6014 1.7355
-15.6014 1.7355
-15.6014 1.7355
-15.6014 1.7355
-15.6014 1.7355
-15.6014 1.7355
-15.6014 1.7355
-15.6014 1.7355
-15.6014 1.7355
-15.6014 1.7355
-15.6014 1.7355
-15.6014 1.7355
-15.6014 1.7355
-15.6014 1.7355
-15.6014 1.7355
-15.6014 1.7355
-15.6014 1.7355
-15.6014 1.7355
-15.6014 1.7355
-15.6014 1.7355
-15.6014 1.7355
-15.6014 1.7355
-15.6014 1.7355
-15.6014 1.7355
-15.6014 1.7355
-15.6014 1.7355
-15.6014 1.7355
-15.6014 1.7355
-15.6014 1.7355
-15.6014 1.7355
-15.6014 1.7355
-15.6014 1.7355
-15.6014 1.7355
-15.6014 1.7355
-15.6014 1.7355
-15.6014 1.7355
-15.6014 1.7355
-15.6014 1.7355
-15.6014 1.7355
-15.6014 1.7355
-15.6014 1.7355
-16 1