3 -17
3.06342 -16.7722
3.15847 -16.541
3.25351 -16.3097
3.34855 -16.0785
3.44359 -15.8473
3.53864 -15.6161
3.63368 -15.3848
3.72872 -15.1536
3.82376 -14.9224
3.91881 -14.6911
4.01385 -14.4599
4.10889 -14.2287
4.20393 -13.9975
4.29898 -13.7662
4.39402 -13.535
4.48906 -13.3038
4.5841 -13.0725
4.67914 -12.8413
4.77419 -12.6101
4.86923 -12.3789
4.96427 -12.1476
5.05931 -11.9164
5.15436 -11.6852
5.2494 -11.4539
5.34444 -11.2227
5.43948 -10.9915
5.53452 -10.7603
5.62957 -10.529
5.72461 -10.2978
5.81965 -10.0666
5.91469 -9.83534
6.00974 -9.60411
6.10478 -9.37288
6.19982 -9.14165
6.29486 -8.91042
6.3899 -8.67919
6.48495 -8.44796
6.57999 -8.21673
6.67503 -7.9855
6.77007 -7.75428
6.86512 -7.52305
6.96016 -7.29182
7.0552 -7.06059
7.15024 -6.82936
7.24528 -6.59813
7.34033 -6.3669
7.43537 -6.13567
7.53041 -5.90444
7.62545 -5.67321
7.7205 -5.44198
7.81554 -5.21075
7.91058 -4.97952
8.00562 -4.74829
8.10067 -4.51707
8.19571 -4.28584
8.29075 -4.05461
8.38579 -3.82338
8.48083 -3.59215
8.57588 -3.36092
8.67092 -3.12969
8.76596 -2.89846
8.861 -2.66723
8.95605 -2.436
9.05109 -2.20477
9.14613 -1.97354
9.24117 -1.74231
9.33621 -1.51108
9.43126 -1.27986
9.5263 -1.04863
9.62134 -0.817397
9.71638 -0.586168
9.81143 -0.354939
9.90647 -0.123709
10.0015 0.10752
10.0966 0.338749
10.1916 0.569978
10.2866 0.801207
10.3817 1.03244
10.4767 1.26367
10.5718 1.49489
10.6668 1.72612
10.7618 1.95735
10.8569 2.18858
10.9519 2.41981
11.047 2.65104
11.142 2.88227
11.2371 3.1135
11.3321 3.34473
11.4271 3.57596
11.5222 3.80719
11.6172 4.03842
11.7123 4.26965
11.8073 4.50087
11.9024 4.7321
11.9974 4.96333
12.0924 5.19456
12.1875 5.42579
12.2825 5.65702
12.3776 5.88825
12.4726 6.11948
12.5676 6.35071
12.6627 6.58194
12.7577 6.81317
12.8528 7.0444
12.9478 7.27563
13.0429 7.50686
13.1379 7.73808
13.2329 7.96931
13.328 8.20054
13.423 8.43177
13.5181 8.663
13.6131 8.89423
13.7082 9.12546
13.8032 9.35669
13.8982 9.58792
13.9933 9.81915
14.0883 10.0504
14.1834 10.2816
14.2784 10.5128
14.3735 10.7441
14.4685 10.9753
14.5635 11.2065
14.6586 11.4377
14.7536 11.669
14.8487 11.9002
14.9437 12.1314
15.0387 12.3627
15.1338 12.5939
15.2288 12.8251
15.3239 13.0563
15.4189 13.2876
15.514 13.5188
15.609 13.75
15.704 13.9813
15.7991 14.2125
15.8941 14.4437
15.9892 14.675
16.0842 14.9062
16.1793 15.1374
16.2743 15.3686
16.3693 15.5999
16.4644 15.8311
16.5594 16.0623
16.6545 16.2936
16.7495 16.5248
16.8446 16.756
16.9396 16.9872
17.0346 17.2185
17.1297 17.4497
17.2247 17.6809
17.3198 17.9122
17.4148 18.1434
17.5099 18.3746
17.6049 18.6059
17.6999 18.8371
17.795 19.0683
17.89 19.2995
17.9851 19.5308
18.0801 19.762
18.1752 19.9932
18.2702 20.2245
18.3652 20.4557
18.4603 20.6869
18.5553 20.9181
19 22