9 16
8.8427 15.8057
8.6854 15.6114
8.5281 15.4171
8.3708 15.2228
8.2135 15.0284
8.0562 14.8341
7.8989 14.6398
7.7416 14.4455
7.5843 14.2512
7.427 14.0569
7.2697 13.8626
7.1124 13.6683
6.9551 13.474
6.7978 13.2796
6.6405 13.0853
6.4832 12.891
6.32591 12.6967
6.16861 12.5024
6.01131 12.3081
5.85401 12.1138
5.69671 11.9195
5.53941 11.7252
5.38211 11.5308
5.22481 11.3365
5.06751 11.1422
4.91021 10.9479
4.75291 10.7536
4.59561 10.5593
4.43831 10.365
4.28101 10.1707
4.12371 9.97635
3.96641 9.78204
3.80911 9.58773
3.65181 9.39342
3.49451 9.19911
3.33721 9.0048
3.17991 8.81049
3.02262 8.61618
2.86532 8.42187
2.70802 8.22755
2.55072 8.03324
2.39342 7.83893
2.23612 7.64462
2.07882 7.45031
1.92152 7.256
1.76422 7.06169
1.60692 6.86738
1.44962 6.67307
1.29232 6.47875
1.13502 6.28444
0.977722 6.09013
0.820422 5.89582
0.663123 5.70151
0.505823 5.5072
0.348524 5.31289
0.191224 5.11858
0.0339246 4.92426
-0.123375 4.72995
-0.280674 4.53564
-0.437974 4.34133
-0.595273 4.14702
-0.752573 3.95271
-0.909872 3.7584
-1.06717 3.56409
-1.22447 3.36978
-1.38177 3.17546
-1.53907 2.98115
-1.69637 2.78684
-1.85367 2.59253
-2.01097 2.39822
-2.16827 2.20391
-2.32557 2.0096
-2.48287 1.81529
-2.64017 1.62097
-2.79747 1.42666
-2.95477 1.23235
-3.11207 1.03804
-3.26937 0.843729
-3.42666 0.649418
-3.58396 0.455107
-3.74126 0.260795
-3.89856 0.0664842
-4.05586 -0.127827
-4.21316 -0.322138
-4.37046 -0.51645
-4.52776 -0.710761
-4.68506 -0.905072
-4.84236 -1.09938
-4.99966 -1.29369
-5.15696 -1.48801
-5.31426 -1.68232
-5.47156 -1.87663
-5.62886 -2.07094
-5.78616 -2.26525
-5.94346 -2.45956
-6.10076 -2.65387
-6.25806 -2.84819
-6.41536 -3.0425
-6.57265 -3.23681
-6.72995 -3.43112
-6.88725 -3.62543
-7.04455 -3.81974
-7.20185 -4.01405
-7.35915 -4.20836
-7.51645 -4.40267
-7.5136 -4.42478
-7.5136 -4.42478
-7.5136 -4.42478
-7.5136 -4.42478
-7.5136 -4.42478
-7.5136 -4.42478
-7.5136 -4.42478
-7.5136 -4.42478
-7.5136 -4.42478
-7.5136 -4.42478
-7.5136 -4.42478
-7.5136 -4.42478
-7.5136 -4.42478
-7.5136 -4.42478
-7.5136 -4.42478
-7.5136 -4.42478
-7.5136 -4.42478
-7.5136 -4.42478
-7.5136 -4.42478
-7.5136 -4.42478
-7.5136 -4.42478
-7.5136 -4.42478
-7.5136 -4.42478
-7.5136 -4.42478
-7.5136 -4.42478
-7.5136 -4.42478
-7.5136 -4.42478
-7.5136 -4.42478
-7.5136 -4.42478
-7.5136 -4.42478
-7.5136 -4.42478
-7.5136 -4.42478
-7.5136 -4.42478
-7.5136 -4.42478
-7.5136 -4.42478
-7.5136 -4.42478
-7.5136 -4.42478
-7.5136 -4.42478
-7.5136 -4.42478
-7.5136 -4.42478
-7.5136 -4.42478
-7.5136 -4.42478
-7.5136 -4.42478
-7.5136 -4.42478
-7.5136 -4.42478
-7.5136 -4.42478
-7.5136 -4.42478
-7.5136 -4.42478
-7.5136 -4.42478
-7.5136 -4.42478
-7.5136 -4.42478
-7.5136 -4.42478
-7.5136 -4.42478
-7.5136 -4.42478
-7.5136 -4.42478
-7.5136 -4.42478
-7.5136 -4.42478
-7.5136 -4.42478
-7.5136 -4.42478
-8 -5