17 -15
16.9578 -14.9864
16.7277 -15.027
16.4792 -15.0546
16.2308 -15.0823
15.9823 -15.1099
15.7338 -15.1375
15.4854 -15.1651
15.2369 -15.1928
14.9884 -15.2204
14.74 -15.248
14.4915 -15.2757
14.243 -15.3033
13.9946 -15.3309
13.7461 -15.3586
13.4976 -15.3862
13.2492 -15.4138
13.0007 -15.4414
12.7522 -15.4691
12.5037 -15.4967
12.2553 -15.5243
12.0068 -15.552
11.7583 -15.5796
11.5099 -15.6072
11.2614 -15.6349
11.0129 -15.6625
10.7645 -15.6901
10.516 -15.7177
10.2675 -15.7454
10.0191 -15.773
9.7706 -15.8006
9.52213 -15.8283
9.27366 -15.8559
9.02519 -15.8835
8.77672 -15.9112
8.52826 -15.9388
8.27979 -15.9664
8.03132 -15.994
7.78285 -16.0217
7.53438 -16.0493
7.28591 -16.0769
7.03745 -16.1046
6.78898 -16.1322
6.54051 -16.1598
6.29204 -16.1875
6.04357 -16.2151
5.7951 -16.2427
5.54663 -16.2703
5.29817 -16.298
5.0497 -16.3256
4.80123 -16.3532
4.55276 -16.3809
4.30429 -16.4085
4.05582 -16.4361
3.80736 -16.4638
3.55889 -16.4914
3.31042 -16.519
3.06195 -16.5466
2.81348 -16.5743
2.56501 -16.6019
2.31655 -16.6295
2.06808 -16.6572
1.81961 -16.6848
1.57114 -16.7124
1.32267 -16.7401
1.0742 -16.7677
0.825735 -16.7953
0.577267 -16.8229
0.328798 -16.8506
0.0803298 -16.8782
-0.168139 -16.9058
-0.416607 -16.9335
-0.665075 -16.9611
-0.913544 -16.9887
-1.16201 -17.0164
-1.41048 -17.044
-1.65895 -17.0716
-1.90742 -17.0992
-2.15589 -17.1269
-2.40435 -17.1545
-2.65282 -17.1821
-2.90129 -17.2098
-3.14976 -17.2374
-3.39823 -17.265
-3.6467 -17.2927
-3.89516 -17.3203
-4.14363 -17.3479
-4.3921 -17.3755
-4.64057 -17.4032
-4.88904 -17.4308
-5.13751 -17.4584
-5.38597 -17.4861
-5.63444 -17.5137
-5.88291 -17.5413
-6.13138 -17.569
-6.37985 -17.5966
-6.62832 -17.6242
-6.87679 -17.6518
-7.12525 -17.6795
-7.37372 -17.7071
-7.62219 -17.7347
-7.87066 -17.7624
-8.11913 -17.79
-8.3676 -17.8176
-8.61606 -17.8453
-8.86453 -17.8729
-9.113 -17.9005
-9.36147 -17.9282
-9.60994 -17.9558
-9.85841 -17.9834
-10.1069 -18.011
-10.3553 -18.0387
-10.6038 -18.0663
-10.8523 -18.0939
-11.1007 -18.1216
-11.3492 -18.1492
-11.5977 -18.1768
-11.8462 -18.2045
-12.0946 -18.2321
-12.3431 -18.2597
-12.5916 -18.2874
-12.84 -18.315
-13.0885 -18.3426
-13.337 -18.3702
-13.5854 -18.3979
-13.8339 -18.4255
-14.0824 -18.4531
-14.3308 -18.4808
-14.5793 -18.5084
-14.8278 -18.536
-15.0762 -18.5637
-15.3247 -18.5913
-15.5732 -18.6189
-15.8216 -18.6466
-16.0701 -18.6742
-16.3186 -18.7018
-16.5671 -18.7294
-16.8155 -18.7571
-17.064 -18.7847
-17.3125 -18.8123
-17.5609 -18.84
-17.8094 -18.8676
-18.0579 -18.8952
-18.0579 -18.8952
-18.0579 -18.8952
-18.0579 -18.8952
-18.0579 -18.8952
-18.0579 -18.8952
-18.0579 -18.8952
-18.0579 -18.8952
-18.0579 -18.8952
-18.0579 -18.8952
-18.0579 -18.8952
-18.0579 -18.8952
-18.0579 -18.8952
-18.0579 -18.8952
-18.0579 -18.8952
-18.0579 -18.8952
-18.0579 -18.8952
-18.0579 -18.8952
-18.0579 -18.8952
-18.0579 -18.8952
-18.0579 -18.8952
-18.0579 -18.8952
-18.0579 -18.8952
-19 -19