-1 13
-1.17678 13.1768
-1.35355 13.3536
-1.53033 13.5303
-1.70711 13.7071
-1.88388 13.8839
-2.06066 14.0607
-2.23744 14.2374
-2.41421 14.4142
-2.59099 14.591
-2.76777 14.7678
-2.94454 14.9445
-3.12132 15.1213
-3.2981 15.2981
-3.47487 15.4749
-3.65165 15.6517
-3.82843 15.8284
-4.0052 16.0052
-4.18198 16.182
-4.35876 16.3588
-4.53553 16.5355
-4.71231 16.7123
-4.88909 16.8891
-5.06586 17.0659
-5.24264 17.2426
-5.41942 17.4194
-5.5962 17.5962
-5.77297 17.773
-5.94975 17.9498
-6.12653 18.1265
-6.3033 18.3033
-6.48008 18.4801
-6.65686 18.6569
-6.83363 18.8336
-7.01041 19.0104
-7.18719 19.1872
-7.36396 19.364
-7.54074 19.5407
-7.71752 19.7175
-7.89429 19.8943
-8.07107 20.0711
-8.24785 20.2479
-8.42463 20.4246
-8.6014 20.6014
-8.77818 20.7782
-8.95496 20.955
-9.13173 21.1317
-9.30851 21.3085
-9.48529 21.4853
-9.66206 21.6621
-9.83884 21.8388
-10.0156 22.0156
-10.1924 22.1924
-10.3692 22.3692
-10.3692 22.3692
-10.3692 22.3692
-10.3692 22.3692
-10.3692 22.3692
-10.3692 22.3692
-10.3692 22.3692
-10.3692 22.3692
-10.3692 22.3692
-10.3692 22.3692
-10.3692 22.3692
-10.3692 22.3692
-10.3692 22.3692
-10.3692 22.3692
-10.3692 22.3692
-10.3692 22.3692
-10.3692 22.3692
-10.3692 22.3692
-10.3692 22.3692
-10.3692 22.3692
-10.3692 22.3692
-10.3692 22.3692
-10.3692 22.3692
-10.3692 22.3692
-10.3692 22.3692
-10.3692 22.3692
-10.3692 22.3692
-10.3692 22.3692
-10.3692 22.3692
-10.3692 22.3692
-10.3692 22.3692
-10.3692 22.3692
-10.3692 22.3692
-10.3692 22.3692
-10.3692 22.3692
-10.3692 22.3692
-10.3692 22.3692
-10.3692 22.3692
-10.3692 22.3692
-10.3692 22.3692
-10.3692 22.3692
-10.3692 22.3692
-10.3692 22.3692
-10.3692 22.3692
-10.3692 22.3692
-10.3692 22.3692
-10.3692 22.3692
-10.3692 22.3692
-10.3692 22.3692
-10.3692 22.3692
-10.3692 22.3692
-10.3692 22.3692
-10.3692 22.3692
-10.3692 22.3692
-10.3692 22.3692
-10.3692 22.3692
-10.3692 22.3692
-10.3692 22.3692
-10.3692 22.3692
-10.3692 22.3692
-10.3692 22.3692
-10.3692 22.3692
-10.3692 22.3692
-10.3692 22.3692
-10.3692 22.3692
-10.3692 22.3692
-10.3692 22.3692
-10.3692 22.3692
-10.3692 22.3692
-10.3692 22.3692
-10.3692 22.3692
-10.3692 22.3692
-10.3693 22.3695
-10.3705 22.3724
-10.3705 22.3724
-10.3705 22.3724
-10.3705 22.3724
-10.3705 22.3724
-10.3704 22.3725
-10.3702 22.3727
-10.37 22.3729
-10.3698 22.3731
-10.3695 22.3733
-10.3695 22.3733
-10.3695 22.3733
-10.3695 22.3733
-10.3695 22.3733
-10.3695 22.3733
-10.3695 22.3733
-10.3695 22.3733
-10.3695 22.3733
-10.3695 22.3733
-10.3695 22.3733
-10.3695 22.3733
-10.3695 22.3733
-10.3695 22.3733
-10.3695 22.3733
-10.3695 22.3733
-10.3695 22.3733
-10.3695 22.3733
-10.3695 22.3733
-10.3695 22.3733
-10.3695 22.3733
-10.3695 22.3733
-10.3695 22.3733
-10.3695 22.3733
-10.3695 22.3733
-10.3695 22.3733
-10.3695 22.3733
-10.3695 22.3733
-10.3695 22.3733
-10.3695 22.3733
-10.3695 22.3733
-10.3695 22.3733
-10.3695 22.3733
-10.3695 22.3733
-10.3695 22.3733
-10.3695 22.3733
-10.3695 22.3733
-10.3695 22.3733
-11 23