17 8
16.7903 7.86395
16.5805 7.7279
16.3708 7.59186
16.161 7.45581
15.9513 7.31976
15.7416 7.18371
15.5318 7.04767
15.3221 6.91162
15.1123 6.77557
14.9026 6.63952
14.6929 6.50347
14.4831 6.36743
14.2734 6.23138
14.0636 6.09533
13.8539 5.95928
13.6442 5.82323
13.4344 5.68719
13.2247 5.55114
13.0149 5.41509
12.8052 5.27904
12.5955 5.143
12.3857 5.00695
12.176 4.8709
11.9662 4.73485
11.7565 4.5988
11.5467 4.46276
11.337 4.32671
11.1273 4.19066
10.9175 4.05461
10.7078 3.91856
10.498 3.78252
10.2883 3.64647
10.0786 3.51042
9.86882 3.37437
9.65908 3.23833
9.44934 3.10228
9.2396 2.96623
9.03042 2.82998
8.82123 2.69373
8.61205 2.55748
8.40287 2.42124
8.19369 2.285
7.98451 2.14876
7.77533 2.01252
7.56615 1.87628
7.35697 1.74005
7.1478 1.60382
6.93862 1.46759
6.72945 1.33136
6.52027 1.19513
6.3111 1.05891
6.10193 0.922688
5.89275 0.786469
5.68358 0.650252
5.47441 0.514038
5.26524 0.377827
5.05607 0.241617
4.84691 0.105411
4.63774 -0.0307937
4.42857 -0.166995
4.21941 -0.303195
4.01025 -0.439391
3.80108 -0.575585
3.59192 -0.711776
3.38276 -0.847965
3.1736 -0.984151
2.96444 -1.12033
2.75528 -1.25651
2.54613 -1.39269
2.33697 -1.52887
2.12782 -1.66504
1.91866 -1.80121
1.70951 -1.93737
1.50036 -2.07353
1.29053 -2.20945
1.0807 -2.34536
0.870874 -2.48127
0.661046 -2.61718
0.451218 -2.75309
0.24139 -2.88901
0.0315615 -3.02492
-0.178267 -3.16083
-0.388095 -3.29674
-0.597923 -3.43266
-0.807751 -3.56857
-1.01758 -3.70448
-1.22741 -3.84039
-1.43724 -3.97631
-1.64706 -4.11222
-1.85689 -4.24813
-2.06672 -4.38404
-2.27655 -4.51996
-2.48638 -4.65587
-2.6962 -4.79178
-2.90603 -4.92769
-3.11586 -5.06361
-3.32569 -5.19952
-3.53552 -5.33543
-3.74534 -5.47134
-3.95517 -5.60726
-4.165 -5.74317
-4.37483 -5.87908
-4.58466 -6.01499
-4.79448 -6.15091
-5.00431 -6.28682
-5.21414 -6.42273
-5.42397 -6.55864
-5.6338 -6.69455
-5.84362 -6.83047
-6.05345 -6.96638
-6.26328 -7.10229
-6.47311 -7.2382
-6.68294 -7.37412
-6.89277 -7.51003
-7.10259 -7.64594
-7.31242 -7.78185
-7.52225 -7.91777
-7.73208 -8.05368
-7.94191 -8.18959
-8.15173 -8.3255
-8.36156 -8.46141
-8.57139 -8.59733
-8.78122 -8.73324
-8.99105 -8.86915
-9.20088 -9.00506
-9.4107 -9.14097
-9.62053 -9.27689
-9.83036 -9.4128
-10.0402 -9.54871
-10.25 -9.68462
-10.4598 -9.82053
-10.6697 -9.95645
-10.8795 -10.0924
-11.0893 -10.2283
-11.2992 -10.3642
-11.509 -10.5001
-11.7188 -10.636
-11.9286 -10.7719
-12.1385 -10.9078
-12.3483 -11.0437
-12.5581 -11.1797
-12.768 -11.3156
-12.9778 -11.4515
-13.1876 -11.5874
-13.3974 -11.7233
-13.6073 -11.8592
-13.8171 -11.9951
-14.0269 -12.131
-14.2368 -12.267
-14.4466 -12.4029
-14.6564 -12.5388
-14.8662 -12.6747
-15.0761 -12.8106
-15.2859 -12.9465
-15.4957 -13.0824
-15.7056 -13.2183
-15.9154 -13.3543
-16.1252 -13.4902
-16.335 -13.6261
-16.5449 -13.762
-16.7547 -13.8979
-16.9645 -14.0338
-17.1743 -14.1697
-17.3842 -14.3056
-17.594 -14.4416
-17.8038 -14.5775
-18.0137 -14.7134
-18.2235 -14.8493
-18.4333 -14.9852
-18.6431 -15.1211
-18.853 -15.257
-19.0628 -15.3929
-20 -16