-19 12
-18.7553 12.051
-18.5105 12.102
-18.2658 12.153
-18.021 12.204
-17.7763 12.2549
-17.5315 12.3059
-17.2868 12.3569
-17.042 12.4079
-16.7973 12.4589
-16.5525 12.5099
-16.3078 12.5609
-16.0631 12.6119
-15.8183 12.6628
-15.5736 12.7138
-15.3288 12.7648
-15.0841 12.8158
-14.8393 12.8668
-14.5946 12.9178
-14.3498 12.9688
-14.1051 13.0198
-13.8603 13.0708
-13.6156 13.1217
-13.3709 13.1727
-13.1261 13.2237
-12.8814 13.2747
-12.6366 13.3257
-12.3919 13.3767
-12.1471 13.4277
-11.9024 13.4787
-11.6576 13.5296
-11.4129 13.5806
-11.1682 13.6316
-10.9234 13.6826
-10.6787 13.7336
-10.4339 13.7846
-10.1892 13.8356
-9.94443 13.8866
-9.69968 13.9376
-9.45494 13.9885
-9.21019 14.0395
-8.96544 14.0905
-8.7207 14.1415
-8.47595 14.1925
-8.23121 14.2435
-7.98646 14.2945
-7.74172 14.3455
-7.49697 14.3965
-7.25223 14.4474
-7.00748 14.4984
-6.76274 14.5494
-6.51799 14.6004
-6.27325 14.6514
-6.0285 14.7024
-5.78376 14.7534
-5.53901 14.8044
-5.29427 14.8554
-5.04952 14.9063
-4.80478 14.9573
-4.56003 15.0083
-4.31528 15.0593
-4.07054 15.1103
-3.82579 15.1613
-3.58105 15.2123
-3.3363 15.2633
-3.09156 15.3143
-2.84681 15.3652
-2.60207 15.4162
-2.35732 15.4672
-2.11258 15.5182
-1.86783 15.5692
-1.62309 15.6202
-1.37834 15.6712
-1.1336 15.7222
-0.888854 15.7732
-0.644109 15.8241
-0.399364 15.8751
-0.154619 15.9261
0.0901266 15.9771
0.334872 16.0281
0.579617 16.0791
0.824362 16.1301
1.06911 16.1811
1.31385 16.2321
1.5586 16.283
1.80334 16.334
2.04809 16.385
2.29283 16.436
2.53758 16.487
2.78232 16.538
3.02707 16.589
3.27181 16.64
3.51656 16.691
3.7613 16.7419
4.00605 16.7929
4.25079 16.8439
4.27957 16.8526
4.27957 16.8526
4.27957 16.8526
4.27957 16.8526
4.27957 16.8526
4.27957 16.8526
4.27957 16.8526
4.27957 16.8526
4.27957 16.8526
4.27957 16.8526
4.27957 16.8526
4.27957 16.8526
4.27957 16.8526
4.27957 16.8526
4.27957 16.8526
4.27957 16.8526
4.27957 16.8526
4.27957 16.8526
4.27957 16.8526
4.27957 16.8526
4.27957 16.8526
4.27957 16.8526
4.27957 16.8526
4.27957 16.8526
4.27957 16.8526
4.27957 16.8526
4.27957 16.8526
4.27957 16.8526
4.27957 16.8526
4.27957 16.8526
4.27957 16.8526
4.27957 16.8526
4.27957 16.8526
4.27957 16.8526
4.27957 16.8526
4.27957 16.8526
4.27957 16.8526
4.27957 16.8526
4.27957 16.8526
4.27957 16.8526
4.27957 16.8526
4.27957 16.8526
4.27957 16.8526
4.27957 16.8526
4.27957 16.8526
4.27957 16.8526
4.27957 16.8526
4.27957 16.8526
4.27957 16.8526
4.27957 16.8526
4.27957 16.8526
4.27957 16.8526
4.27957 16.8526
4.27957 16.8526
4.27957 16.8526
4.27957 16.8526
4.27957 16.8526
4.27957 16.8526
4.27957 16.8526
4.27957 16.8526
4.27957 16.8526
4.27957 16.8526
4.27957 16.8526
4.27957 16.8526
4.27957 16.8526
4.27957 16.8526
4.27957 16.8526
4.27957 16.8526
4.27957 16.8526
4.27957 16.8526
4.27957 16.8526
4.27957 16.8526
4.27957 16.8526
4.27957 16.8526
4.27957 16.8526
4.27957 16.8526
4.27957 16.8526
5 17