21 -5
20.808 -4.90734
20.6014 -4.76655
20.3948 -4.62576
20.1883 -4.48496
19.9817 -4.34417
19.7751 -4.20338
19.5685 -4.06258
19.3619 -3.92179
19.1553 -3.781
18.9487 -3.6402
18.7422 -3.49941
18.5356 -3.35862
18.329 -3.21782
18.1224 -3.07703
17.9158 -2.93624
17.7092 -2.79544
17.5027 -2.65465
17.2961 -2.51386
17.0895 -2.37306
16.8829 -2.23227
16.6763 -2.09148
16.4697 -1.95069
16.2631 -1.80989
16.0566 -1.6691
15.85 -1.52831
15.6434 -1.38751
15.4368 -1.24672
15.2302 -1.10593
15.0236 -0.965133
14.8171 -0.82434
14.6105 -0.683546
14.4039 -0.542753
14.1973 -0.40196
13.9907 -0.261167
13.7841 -0.120373
13.5775 0.0204198
13.371 0.161213
13.1644 0.302006
12.9578 0.4428
12.7512 0.583593
12.5446 0.724386
12.338 0.865179
12.1314 1.00597
11.9249 1.14677
11.7183 1.28756
11.5117 1.42835
11.3051 1.56915
11.0985 1.70994
10.8919 1.85073
10.6854 1.99152
10.4788 2.13232
10.2722 2.27311
10.0656 2.4139
9.85901 2.5547
9.65243 2.69549
9.44584 2.83628
9.23926 2.97708
9.03267 3.11787
8.82609 3.25866
8.6195 3.39946
8.41292 3.54025
8.20633 3.68104
7.99975 3.82184
7.79316 3.96263
7.58658 4.10342
7.37999 4.24422
7.17341 4.38501
6.96682 4.5258
6.76024 4.6666
6.55365 4.80739
6.34707 4.94818
6.14048 5.08898
5.9339 5.22977
5.72731 5.37056
5.52073 5.51136
5.31414 5.65215
5.10756 5.79294
4.90097 5.93374
4.69439 6.07453
4.4878 6.21532
4.28122 6.35612
4.07463 6.49691
3.86791 6.63834
3.66091 6.78048
3.45357 6.92311
3.24588 7.06599
3.03788 7.2089
2.82974 7.35174
2.62158 7.49457
2.4134 7.63738
2.20519 7.78017
1.99696 7.92295
1.78871 8.06571
1.58043 8.20845
1.37211 8.35117
1.16377 8.49387
0.955405 8.63655
0.747003 8.77921
0.538568 8.92185
0.330097 9.06446
0.12159 9.20705
-0.0869574 9.34961
-0.295546 9.49214
-0.504179 9.63464
-0.71286 9.77711
-0.921591 9.91954
-1.13038 10.0619
-1.33922 10.2043
-1.54813 10.3466
-1.75711 10.4889
-1.96617 10.6311
-2.17532 10.7732
-2.38457 10.9153
-2.59393 11.0573
-2.80343 11.1992
-3.01308 11.341
-3.22294 11.4827
-3.38599 11.6564
-3.51917 11.8507
-3.65235 12.0449
-3.78553 12.2391
-3.91871 12.4334
-4.05189 12.6276
-4.18506 12.8218
-4.32004 13.0149
-4.51327 13.1679
-4.68721 13.3342
-4.85295 13.5061
-5.01547 13.6802
-5.17719 13.8549
-5.33898 14.0295
-5.50095 14.204
-5.66291 14.3785
-5.82364 14.5517
-5.99218 14.7125
-6.1821 14.8415
-6.38994 14.929
-6.60818 14.9636
-6.82279 14.9335
-7.01082 14.8311
-7.14112 14.66
-7.18139 14.4424
-7.11204 14.2205
-6.93981 14.0457
-6.7346 13.9029
-6.5294 13.7601
-6.32419 13.6173
-6.11899 13.4745
-5.91378 13.3317
-5.70858 13.189
-5.50337 13.0462
-5.29817 12.9034
-5.09296 12.7606
-4.88776 12.6178
-4.68255 12.475
-4.68446 12.4494
-4.68446 12.4494
-4.68446 12.4494
-4.68446 12.4494
-4.68446 12.4494
-4.68446 12.4494
-4.68446 12.4494
-4.68446 12.4494
-4.68446 12.4494
-4.68446 12.4494
-4.68446 12.4494
-4.68446 12.4494
-4.68446 12.4494
-4.68446 12.4494
-4.68446 12.4494
-4.68446 12.4494
-4.68446 12.4494
-4 12