5 -19
4.92816 -18.7605
4.85633 -18.5211
4.78449 -18.2816
4.71265 -18.0422
4.64082 -17.8027
4.56898 -17.5633
4.49714 -17.3238
4.4253 -17.0844
4.35347 -16.8449
4.28163 -16.6054
4.20979 -16.366
4.13796 -16.1265
4.06612 -15.8871
3.99428 -15.6476
3.92245 -15.4082
3.85061 -15.1687
3.77877 -14.9292
3.70693 -14.6898
3.6351 -14.4503
3.56326 -14.2109
3.49142 -13.9714
3.41959 -13.732
3.34775 -13.4925
3.27591 -13.2531
3.20408 -13.0136
3.13224 -12.7741
3.0604 -12.5347
2.98857 -12.2952
2.91673 -12.0558
2.84489 -11.8163
2.77305 -11.5769
2.70122 -11.3374
2.62938 -11.0979
2.55754 -10.8585
2.48571 -10.619
2.41387 -10.3796
2.34203 -10.1401
2.26964 -9.90046
2.19725 -9.6608
2.12485 -9.42114
2.05246 -9.18147
1.98007 -8.9418
1.90768 -8.70214
1.83529 -8.46246
1.7629 -8.22279
1.69052 -7.98311
1.61813 -7.74343
1.54574 -7.50375
1.47336 -7.26407
1.40098 -7.02438
1.32859 -6.78469
1.25621 -6.545
1.18383 -6.30531
1.11145 -6.06561
1.03907 -5.82592
0.966689 -5.58622
0.894312 -5.34651
0.821935 -5.1068
0.749559 -4.8671
0.677185 -4.62738
0.604811 -4.38767
0.532438 -4.14795
0.460067 -3.90823
0.387696 -3.66851
0.315327 -3.42878
0.242958 -3.18905
0.170591 -2.94932
0.0982252 -2.70958
0.0258603 -2.46985
-0.0465034 -2.2301
-0.118866 -1.99036
-0.191227 -1.75061
-0.263587 -1.51086
-0.335946 -1.2711
-0.407613 -1.03159
-0.479279 -0.792087
-0.550946 -0.552579
-0.622612 -0.313072
-0.694278 -0.0735641
-0.765945 0.165944
-0.837611 0.405451
-0.909278 0.644959
-0.980806 0.883827
-1.05207 1.12198
-1.123 1.35965
-1.19362 1.59705
-1.26396 1.83439
-1.33419 2.07179
-1.40443 2.30917
-1.47468 2.54656
-1.54494 2.78394
-1.61521 3.02131
-1.68548 3.25867
-1.75576 3.49603
-1.82605 3.73339
-1.89635 3.97074
-1.96666 4.20808
-2.03698 4.44542
-2.1073 4.68275
-2.17764 4.92007
-2.24798 5.15739
-2.31834 5.3947
-2.3887 5.63201
-2.45907 5.86931
-2.52946 6.1066
-2.59985 6.34389
-2.67025 6.58116
-2.74066 6.81843
-2.81109 7.0557
-2.88152 7.29295
-2.95197 7.5302
-3.02243 7.76744
-3.0929 8.00468
-3.16338 8.2419
-3.23387 8.47912
-3.30437 8.71633
-3.37489 8.95353
-3.44542 9.19072
-3.51596 9.4279
-3.58652 9.66507
-3.65709 9.90224
-3.72767 10.1394
-3.79827 10.3765
-3.86888 10.6137
-3.9395 10.8508
-4.01015 11.0879
-4.0808 11.325
-4.15148 11.5621
-4.22217 11.7992
-4.29287 12.0363
-4.3636 12.2733
-4.43434 12.5104
-4.5051 12.7474
-4.57687 12.9859
-4.64923 13.2252
-4.72158 13.4645
-4.79394 13.7038
-4.86629 13.9431
-4.93864 14.1824
-5.011 14.4217
-5.08335 14.661
-5.15571 14.9003
-5.22806 15.1396
-5.30042 15.3789
-5.37277 15.6182
-5.44513 15.8575
-5.51748 16.0968
-5.58984 16.3361
-5.66219 16.5754
-5.73455 16.8147
-5.8069 17.054
-5.87926 17.2933
-5.95161 17.5326
-6.02396 17.7719
-6.09632 18.0112
-6.16867 18.2505
-6.24103 18.4898
-6.31338 18.7291
-6.38574 18.9684
-6.45809 19.2077
-6.53045 19.447
-6.6028 19.6863
-6.67515 19.9256
-6.74751 20.1649
-6.74446 20.218
-6.74446 20.218
-6.74446 20.218
-6.74446 20.218
-6.74446 20.218
-6.74446 20.218
-6.74446 20.218
-6.74446 20.218
-7 21